---
BL Top Wind Direction [deg] Valid 1300 PST ~Z75~(2100Z)~Z~ MON 22 May 2017 ~Z75~[21hrFcst@1255z]~Z~
Model= RASP Region= PANOCHE Grid= w2 Reskm= 1.3 Indexs= 1 69 1 63 Proj= lambert 1333 1333 40.0000 40.0000 -73.0000 36.8890 -121.0672
Day= 2017 5 22 MON ValidLST= 1300 PST ValidZ= 2100 Fcst= 21.0 Init= 12 Param= bltopwinddir Unit= deg Mult= 1 Min= 2 Max= 360
117 115 112 107 105 102 99 97 95 94 93 92 93 94 98 100 101 102 103 104 106 111 114 119 138 151 165 188 190 187 178 182 185 188 190 191 191 190 193 192 197 204 203 200 199 202 203 203 203 202 197 195 192 187 182 179 177 175 175 175 174 173 174 173 172 169 169 172 172
114 111 109 105 102 99 98 96 93 93 92 93 92 94 99 102 101 100 100 100 104 113 117 123 140 152 167 191 191 188 177 181 184 188 191 192 192 192 196 193 196 206 206 201 200 204 204 206 204 203 198 195 191 187 182 178 176 175 175 175 175 173 173 172 171 169 170 169 169
117 115 111 105 101 97 96 95 93 93 92 91 91 93 96 99 100 100 98 99 104 112 118 127 139 153 167 180 183 184 182 182 184 187 190 192 193 193 195 195 196 199 202 201 201 203 205 205 205 202 198 193 190 185 181 178 176 174 174 173 174 173 172 172 171 169 169 170 170
127 126 115 108 101 99 97 96 94 94 92 91 91 93 95 96 98 99 101 105 111 120 130 139 148 156 165 173 177 180 182 183 185 187 189 191 192 192 193 193 193 194 197 198 199 200 201 202 203 200 197 193 189 185 181 178 176 174 173 173 173 173 173 172 171 170 169 168 166
136 138 119 109 103 100 98 97 94 94 91 95 96 96 94 94 96 99 104 109 116 124 142 152 155 160 166 171 175 178 180 182 185 188 190 191 191 192 190 190 191 193 195 196 197 198 201 201 201 195 196 194 190 185 180 177 175 173 172 173 172 173 173 171 172 170 168 166 165
136 136 119 111 104 100 98 96 94 95 93 94 99 101 100 99 98 100 106 114 118 131 149 162 163 165 168 172 175 178 179 180 183 186 189 191 191 190 188 190 190 190 193 194 196 199 201 201 199 198 195 190 189 185 180 176 174 173 171 170 170 171 172 173 172 170 168 166 167
128 126 116 109 102 100 96 96 94 93 92 93 97 100 101 103 106 111 108 111 114 133 155 171 171 172 174 176 178 180 181 182 182 184 186 189 191 190 189 190 189 189 193 194 194 195 198 199 202 198 194 190 186 183 180 173 173 171 171 171 171 171 170 172 172 170 170 168 166
129 119 112 106 100 99 95 95 95 96 91 93 95 99 101 101 102 109 113 114 122 133 156 171 178 180 181 182 182 183 184 186 186 185 185 186 186 186 185 186 188 186 189 192 193 194 198 198 199 197 192 188 185 181 176 173 170 169 168 168 170 169 172 170 171 172 174 169 170
133 120 111 105 100 96 93 93 92 91 91 91 95 99 101 102 101 105 110 114 125 130 152 168 182 187 191 191 190 189 189 190 191 191 190 186 185 184 181 180 187 186 189 192 191 190 190 191 191 194 190 185 185 181 176 172 169 167 167 171 171 169 171 170 168 173 176 169 164
138 125 114 104 98 95 92 92 91 90 98 96 95 99 102 101 106 110 116 118 128 133 148 161 176 191 195 198 197 196 195 195 195 197 198 198 194 188 184 178 177 182 183 185 188 190 190 188 186 189 181 180 179 178 175 171 169 166 166 168 171 171 172 169 167 171 176 169 166
142 129 114 104 96 93 91 90 91 91 101 96 96 98 98 100 104 106 108 111 120 130 147 164 183 194 197 196 198 200 201 202 202 202 202 203 202 200 195 189 185 181 181 185 188 188 190 191 192 189 186 183 180 176 172 168 166 164 165 164 164 173 243 170 167 170 171 170 170
146 131 115 103 94 89 90 90 90 90 89 96 96 98 101 102 104 100 104 110 126 118 148 167 203 200 196 194 198 202 205 205 202 202 206 202 201 201 202 200 195 189 184 182 185 186 185 185 186 184 178 177 177 172 171 167 165 164 163 163 163 163 168 169 167 166 177 171 170
144 137 117 102 92 88 88 87 89 88 90 92 102 100 101 100 101 110 124 131 146 124 146 170 208 206 200 195 200 201 206 207 204 211 210 207 204 203 202 202 202 199 194 189 190 188 186 189 188 185 180 179 177 173 169 165 164 163 162 163 163 162 167 167 168 169 176 171 171
131 141 121 103 92 87 85 88 92 92 96 98 105 111 110 104 106 110 135 150 155 129 141 166 191 198 200 199 202 200 203 202 208 214 211 209 209 209 206 204 203 204 202 195 190 187 186 183 179 177 175 176 176 173 168 164 163 162 161 163 162 161 163 164 167 169 175 172 178
140 142 125 105 91 84 85 89 93 97 99 104 105 110 117 109 116 124 142 148 152 147 148 164 179 190 194 193 198 199 195 201 208 211 213 215 215 212 212 210 207 205 204 201 199 197 191 184 180 175 177 173 174 170 170 165 163 162 161 162 163 163 163 162 166 170 172 174 180
159 161 129 107 89 82 84 89 93 97 102 107 115 116 119 125 117 140 148 147 146 147 151 159 170 180 189 186 188 188 197 202 204 208 212 211 210 209 210 209 207 206 205 201 196 193 189 183 178 176 179 173 173 170 169 166 163 161 160 162 162 160 161 161 162 169 170 177 187
136 167 140 110 89 81 83 89 95 98 104 112 118 123 118 127 136 150 153 142 142 146 153 156 157 174 189 182 181 181 199 200 199 204 208 209 212 212 212 210 210 207 204 200 197 193 188 182 177 175 178 175 171 167 166 166 163 162 163 162 161 162 161 161 162 168 171 185 188
127 140 145 113 90 80 80 87 96 104 111 118 136 131 125 134 140 151 147 137 140 144 150 150 145 149 162 176 173 183 197 194 199 205 206 209 211 211 211 211 208 206 206 204 200 196 193 186 180 176 176 173 172 170 167 166 163 163 163 161 161 161 160 161 165 166 169 184 187
124 137 144 118 93 81 80 90 99 105 118 139 136 136 129 139 146 149 139 133 136 138 140 143 142 146 156 158 165 187 194 186 197 204 206 209 211 213 213 214 211 210 207 204 201 195 190 184 179 175 169 168 166 169 168 165 163 163 163 161 163 163 161 168 165 165 168 180 168
108 133 141 124 94 83 80 85 100 112 135 146 142 137 132 141 146 142 133 132 134 134 135 138 139 145 148 152 161 184 183 184 198 206 210 211 213 207 206 209 205 205 203 202 199 194 187 181 176 174 171 170 165 166 166 164 163 161 163 165 163 165 167 170 165 164 168 181 177
53 121 140 125 94 86 82 89 98 130 145 152 145 138 136 143 143 137 131 130 131 133 135 138 140 143 143 144 153 176 177 191 203 205 208 203 199 194 202 203 202 202 200 200 197 191 184 179 174 171 171 165 167 165 164 162 162 161 159 169 169 168 159 168 162 163 169 168 171
37 124 139 127 89 87 92 105 122 137 150 150 142 138 138 143 139 132 130 131 134 134 134 136 138 141 141 141 150 163 171 184 193 195 194 196 201 203 199 194 192 192 193 196 193 187 181 179 177 172 167 166 164 167 164 161 160 160 158 165 167 166 158 165 159 161 160 174 169
43 131 144 130 83 87 99 111 131 143 149 147 141 141 139 141 135 131 130 131 135 134 135 137 137 140 142 140 142 154 174 188 197 195 195 198 200 200 200 198 196 194 192 191 188 182 175 174 174 171 167 163 163 161 162 160 159 158 158 168 165 164 156 159 166 162 177 173 167
75 139 151 136 80 87 104 116 137 145 146 143 140 140 139 138 133 130 129 131 133 134 135 136 134 136 141 138 138 150 167 180 185 188 190 195 197 197 196 196 196 197 196 192 186 179 174 174 173 169 165 162 165 161 160 158 158 157 154 153 164 162 158 160 167 165 174 172 167
71 150 158 147 78 91 105 122 143 144 144 140 140 139 139 136 132 130 129 131 132 134 136 135 131 130 141 147 143 151 165 175 179 186 190 193 192 193 194 194 194 192 189 180 171 168 168 169 169 167 163 159 160 159 158 158 156 158 156 152 160 161 159 158 169 171 173 170 166
113 158 163 145 75 95 106 133 147 144 142 139 139 139 137 135 131 128 129 130 131 133 135 134 127 127 141 154 151 152 159 169 175 181 184 187 189 191 192 192 193 192 191 187 175 167 167 169 167 166 161 161 160 155 154 157 156 153 155 152 153 158 159 157 156 170 172 168 164
77 156 163 112 77 99 118 140 147 145 140 139 139 138 136 133 129 128 129 129 129 131 133 132 126 128 139 153 159 158 160 166 173 176 183 186 189 191 191 191 189 190 189 185 174 166 164 165 164 165 163 159 158 156 154 154 157 153 158 157 154 153 155 158 154 162 171 160 157
15 160 165 75 86 103 126 145 147 140 138 139 138 136 132 131 129 127 128 128 128 129 129 129 123 123 139 153 161 164 164 167 170 173 180 184 186 187 189 190 190 189 188 181 173 167 166 163 160 157 163 159 156 157 155 153 156 152 151 156 153 148 156 159 153 156 155 166 163
11 160 169 62 91 99 135 148 145 140 139 140 138 136 133 130 128 126 126 127 128 128 125 124 118 117 138 162 164 168 170 171 172 171 177 181 184 186 188 187 189 185 185 178 171 168 164 161 157 155 160 158 158 156 155 153 155 157 152 154 153 152 152 162 153 155 170 168 166
13 153 136 75 107 130 154 152 147 141 138 138 138 135 132 129 126 124 125 125 125 124 122 121 118 120 137 162 169 169 173 176 176 174 176 179 183 185 186 186 185 182 182 175 167 163 160 158 157 154 155 158 156 154 153 152 153 156 154 153 153 152 151 155 152 154 160 171 169
20 149 88 107 117 142 153 152 147 142 138 138 137 135 131 127 125 123 123 123 121 120 121 122 122 122 133 152 167 170 173 177 179 177 178 179 181 184 186 186 185 186 180 167 158 154 154 153 153 153 155 160 160 155 152 152 151 158 154 153 153 153 151 154 152 152 157 178 176
25 137 84 114 143 147 150 152 147 142 139 137 136 134 130 125 122 121 121 120 116 117 118 121 117 116 127 144 168 172 172 176 179 178 178 177 178 182 184 186 187 186 178 167 160 156 153 154 153 150 152 153 154 154 152 153 152 158 155 153 153 154 151 153 151 151 155 171 170
23 172 88 116 148 155 154 151 148 144 140 137 135 132 128 122 118 116 117 116 113 113 116 116 116 118 124 136 173 174 174 179 181 181 180 180 180 180 178 177 174 169 170 163 159 158 157 153 157 155 156 155 152 153 155 154 156 157 155 153 153 155 154 154 151 151 153 161 168
35 53 94 120 151 157 158 153 149 147 142 137 134 129 123 118 114 112 112 111 107 110 114 114 113 118 120 130 172 178 178 181 184 183 182 183 185 186 182 177 170 164 162 157 156 152 150 150 149 149 151 154 154 154 153 152 156 150 156 149 153 155 153 154 154 151 152 155 164
43 64 104 123 153 160 161 156 152 147 145 136 130 121 119 115 111 109 108 106 103 104 107 107 106 110 117 125 177 177 174 179 181 181 180 179 183 189 187 177 171 170 162 161 162 158 152 150 148 148 148 150 150 151 151 154 157 157 153 150 148 156 154 154 153 149 149 153 166
37 59 52 122 154 159 161 158 153 148 144 131 121 113 112 111 107 104 100 97 95 94 92 97 99 103 112 120 163 170 172 180 184 184 182 181 181 177 176 175 167 167 159 155 151 152 153 159 151 151 150 149 149 148 151 151 157 150 164 154 152 154 153 152 152 151 151 153 147
358 336 317 125 149 158 160 156 149 148 142 131 117 107 104 105 103 101 96 90 89 85 87 90 85 87 109 125 152 165 171 177 179 179 179 179 182 180 175 157 158 156 155 150 152 150 149 149 148 149 150 149 148 149 148 150 151 151 150 160 156 154 153 152 150 150 148 157 178
332 309 306 350 147 151 150 149 149 146 142 134 118 104 97 99 99 99 94 88 85 83 85 87 89 97 119 147 159 165 171 176 178 177 175 169 169 162 158 161 158 158 156 154 152 152 151 150 148 148 147 148 149 148 147 147 148 148 150 159 147 153 147 153 150 149 148 160 178
308 287 285 287 142 123 143 143 146 160 149 142 120 100 80 82 69 95 91 85 83 85 86 88 93 102 128 151 161 164 166 170 174 174 173 171 168 164 159 156 150 152 152 152 151 150 150 149 149 150 149 149 149 148 147 147 147 151 149 150 160 154 152 151 150 148 147 146 170
292 274 268 267 248 147 136 151 156 163 158 146 108 82 68 57 54 88 86 82 82 86 89 92 98 109 127 148 168 165 170 173 175 177 176 170 163 158 155 155 153 151 153 153 152 153 151 151 149 148 147 148 148 149 147 147 146 150 148 147 159 153 152 150 147 147 146 146 148
280 264 259 256 249 246 152 159 201 171 158 150 105 63 47 46 67 89 82 80 81 82 86 93 100 108 120 137 152 157 168 171 175 178 178 174 167 161 155 154 155 150 149 152 151 152 152 152 151 149 148 149 149 149 148 148 149 149 151 162 160 153 149 157 152 148 151 144 143
272 258 253 249 246 253 256 262 253 227 214 202 161 54 32 39 61 86 79 79 79 84 87 94 100 107 118 126 129 134 152 168 178 180 180 179 174 165 157 155 157 156 154 151 153 152 153 151 150 150 148 148 149 150 149 149 148 147 151 154 156 154 148 157 163 171 165 145 141
270 258 252 249 248 251 260 272 262 255 245 240 216 43 37 53 60 83 78 76 78 82 86 94 97 104 111 114 115 134 160 180 181 180 181 179 175 165 157 158 159 42 95 151 155 153 155 153 150 151 149 148 149 150 152 156 147 148 157 154 152 153 147 147 191 181 176 151 155
266 257 253 251 250 252 258 263 269 257 237 230 245 47 43 55 62 79 76 76 79 82 84 93 98 104 104 108 124 144 163 176 182 181 181 181 176 163 30 26 21 13 162 155 153 158 153 156 154 152 149 148 149 149 148 151 152 148 153 151 150 152 145 144 201 197 196 195 192
263 257 255 254 253 255 261 262 266 260 251 232 243 51 50 59 66 67 73 76 79 84 85 89 93 99 102 110 132 149 162 168 175 176 177 181 178 170 22 358 14 27 165 163 157 163 155 154 153 153 150 149 149 151 150 146 159 152 152 149 147 154 145 144 167 218 193 245 237
261 257 255 255 254 255 261 260 260 256 244 238 243 61 59 65 67 67 65 74 80 85 87 89 94 100 103 115 136 148 159 164 165 166 170 175 174 171 56 17 316 172 161 171 165 161 159 156 153 155 151 152 148 148 147 145 147 155 147 148 147 162 145 144 185 233 250 264 269
261 257 255 255 255 254 255 260 258 252 247 241 236 83 74 70 70 63 50 62 77 82 85 88 95 101 101 115 138 144 150 156 156 165 165 176 175 171 175 63 73 175 173 175 172 166 161 158 165 156 157 152 150 147 146 147 144 154 151 147 146 201 160 141 186 180 260 274 280
260 257 256 256 255 254 254 257 253 248 245 257 224 113 81 79 71 64 49 40 57 69 78 88 90 92 91 105 140 133 140 147 154 160 161 161 159 156 163 170 171 162 164 166 166 163 159 155 154 158 155 155 153 153 148 152 151 151 149 147 145 193 153 147 183 178 274 284 290
262 259 258 257 256 255 254 252 246 241 240 265 239 204 165 86 74 70 52 215 43 45 44 83 51 85 94 107 133 130 138 145 153 157 159 159 158 163 166 167 160 159 175 172 172 167 164 159 159 159 156 156 154 153 146 151 152 151 148 148 146 150 177 158 224 169 273 292 299
264 263 262 261 258 257 256 253 246 241 239 245 234 223 178 95 74 63 57 227 224 204 46 37 83 17 97 110 124 128 135 140 150 152 156 158 159 160 162 162 162 169 158 161 162 160 159 157 161 164 159 158 157 155 151 144 149 151 151 151 151 152 181 172 172 176 256 296 304
267 267 266 265 260 259 259 258 252 247 242 237 227 218 209 81 211 225 242 232 232 293 242 42 53 92 103 112 118 122 125 136 142 144 148 152 153 157 159 158 160 162 164 169 168 169 169 170 167 169 165 161 159 158 154 150 147 163 160 178 181 162 199 192 221 255 272 300 306
270 271 271 266 264 264 264 262 258 253 246 230 219 211 211 225 62 242 244 245 23 32 33 38 56 97 109 110 117 115 120 131 140 139 142 149 154 157 160 168 173 170 169 174 173 164 159 157 158 159 158 163 158 159 157 151 145 170 190 187 192 140 224 270 287 269 295 301 305
273 276 276 268 268 267 269 267 263 259 250 224 216 215 229 279 325 247 311 360 22 28 38 57 81 110 111 116 119 115 119 127 135 139 142 145 145 150 156 162 157 162 162 164 158 158 171 170 166 161 157 166 160 162 158 155 150 142 208 210 230 163 255 273 295 294 298 303 307
275 279 277 272 268 268 268 266 268 271 352 116 209 250 257 272 229 215 330 14 26 35 53 84 107 117 118 121 120 116 119 126 135 137 142 144 147 154 158 162 164 167 165 167 167 166 166 167 170 166 162 160 166 197 173 155 154 145 185 233 251 247 268 290 304 298 302 306 310
277 281 277 273 268 270 272 281 303 127 143 142 128 219 270 279 214 314 355 25 41 59 74 98 116 119 123 122 121 120 122 125 133 137 141 144 153 153 154 158 161 162 162 162 161 160 162 166 189 192 194 180 172 213 202 195 169 178 169 159 261 269 284 299 296 302 307 315 318
276 281 275 273 268 278 281 296 86 141 144 148 142 145 254 263 306 338 26 40 59 84 98 116 118 123 126 124 123 123 123 126 131 136 141 142 150 150 154 160 168 170 169 166 169 159 160 161 164 169 211 200 170 219 206 208 211 214 222 238 256 271 288 288 302 305 310 316 317
273 271 272 271 265 275 281 2 125 142 144 148 148 142 141 133 26 29 51 66 82 100 112 116 117 124 127 126 124 124 124 126 130 135 140 141 142 150 152 156 159 161 164 166 166 163 165 163 162 164 173 191 204 238 235 232 225 226 230 245 255 278 279 294 300 306 313 315 316
270 264 268 271 272 277 310 107 138 144 144 147 146 135 138 141 128 98 90 90 102 109 114 118 116 126 127 127 126 125 126 127 130 137 139 140 143 153 154 160 171 177 179 178 177 168 161 160 160 162 163 164 199 234 239 240 236 236 206 256 271 277 284 294 301 305 311 315 318
269 268 267 271 271 275 320 109 141 140 141 144 148 139 134 143 133 122 110 103 107 110 112 113 123 126 129 129 127 127 127 127 129 137 137 142 146 156 155 159 166 173 175 177 183 191 193 169 166 163 166 166 161 193 240 191 230 237 240 261 267 275 286 293 299 305 311 318 320
271 273 270 273 282 277 90 135 140 140 141 143 145 142 138 137 128 122 116 112 114 117 115 120 124 127 129 129 129 129 129 129 130 135 139 141 145 153 155 159 165 172 176 178 181 184 172 172 179 181 175 181 202 213 227 237 247 256 258 266 272 282 288 293 299 305 312 317 318
281 283 276 301 275 71 130 136 139 138 139 139 139 139 135 131 121 114 111 110 112 115 119 123 125 128 129 130 130 130 130 131 131 135 140 141 145 152 157 159 167 175 178 183 186 189 191 184 177 176 172 193 217 234 245 248 255 260 264 269 274 283 290 296 301 307 311 314 315
284 283 280 307 32 101 131 136 136 135 135 133 135 136 133 127 115 113 109 103 104 112 121 124 126 128 130 131 131 131 131 131 131 135 140 143 147 153 156 161 170 176 180 188 194 197 197 196 177 174 162 235 235 244 260 255 261 261 268 273 278 286 294 299 303 308 310 310 313
279 272 187 14 86 127 133 134 132 130 130 129 129 131 128 120 113 110 108 108 107 116 121 125 126 128 130 131 132 132 132 132 133 136 141 142 146 152 155 160 171 177 183 193 201 208 206 203 182 178 168 239 245 249 260 260 263 263 271 278 281 291 296 300 305 309 309 309 309
