---
BL Top Uncertainty/Variability (for +1degC) [ft] Valid 1200 PST ~Z75~(2000Z)~Z~ MON 22 May 2017 ~Z75~[20hrFcst@1252z]~Z~
Model= RASP Region= PANOCHE Grid= w2 Reskm= 1.3 Indexs= 1 69 1 63 Proj= lambert 1333 1333 40.0000 40.0000 -73.0000 36.8890 -121.0672
Day= 2017 5 22 MON ValidLST= 1200 PST ValidZ= 2000 Fcst= 20.0 Init= 12 Param= bltopvariab Unit= ft Mult= 1 Min= 63 Max= 3042
1225 1163 1183 1251 1186 1083 945 857 808 775 708 718 656 576 463 375 353 336 309 296 279 245 198 163 137 126 130 180 178 188 227 249 254 265 283 316 361 424 508 565 708 813 921 1094 1132 1154 1069 947 800 804 821 894 888 920 1054 984 991 888 883 756 761 641 629 750 711 775 822 646 650
1250 1268 1282 1311 1205 1079 933 849 816 796 735 737 674 592 444 399 370 346 312 294 280 254 211 172 141 130 132 178 175 182 228 254 263 278 297 350 401 480 536 594 695 817 933 1089 1152 1150 1116 960 797 775 769 734 1005 976 960 993 955 822 790 750 704 631 624 690 636 682 695 716 660
1335 1400 1386 1312 1177 1042 912 816 805 801 755 753 683 589 427 416 392 368 337 312 291 261 225 188 157 146 153 180 175 184 230 257 266 280 305 360 410 483 547 593 676 787 892 1012 1096 1117 1046 948 797 772 754 974 1020 894 935 1041 1001 826 785 798 692 642 592 729 638 655 698 603 622
1383 1490 1210 1238 1066 989 891 840 831 798 774 756 659 521 456 431 415 396 373 339 304 268 238 216 199 186 181 178 185 202 234 257 277 288 324 367 406 482 544 557 629 708 806 890 987 1004 997 926 792 816 803 995 1014 1011 751 726 879 752 804 738 702 660 619 621 624 628 617 648 699
1454 1203 1088 1056 1046 991 888 849 804 760 720 631 573 510 458 436 438 409 376 334 308 286 263 232 177 168 164 170 197 220 241 251 268 320 374 411 394 463 513 530 568 634 713 818 890 1004 963 935 811 975 935 734 712 806 794 708 770 647 715 698 700 679 653 711 673 706 700 721 746
1444 1398 1124 1038 1021 986 863 832 770 705 628 587 552 490 445 455 454 426 379 355 322 308 277 175 165 163 160 165 184 218 240 247 278 314 357 395 419 474 500 479 531 602 639 760 851 929 919 837 870 778 895 957 660 706 646 715 743 670 703 766 757 734 677 671 735 755 749 750 743
1490 1267 1159 1057 1052 967 848 788 739 654 594 559 469 452 455 467 407 388 353 320 321 347 287 173 178 214 190 164 178 203 245 284 297 338 362 398 424 438 467 473 463 577 559 740 785 935 945 950 749 754 856 815 925 708 637 585 1039 722 674 667 690 747 739 710 687 742 726 784 817
1410 1294 1156 1080 1086 912 804 763 654 598 603 539 415 432 467 427 404 387 332 239 203 265 265 196 225 217 180 171 187 213 244 286 324 372 384 402 378 406 407 466 431 576 548 725 780 905 910 967 811 743 901 947 854 728 978 628 671 791 889 804 652 734 694 761 694 708 755 761 766
1328 1256 1121 1070 1049 837 779 718 626 581 550 507 394 414 422 416 395 383 326 213 163 199 217 205 228 229 193 193 211 220 253 304 352 373 391 413 359 349 357 407 394 522 516 693 717 908 931 873 915 767 920 871 711 656 671 695 649 633 905 623 662 652 658 717 726 704 737 753 810
1279 1158 1048 995 971 793 763 676 637 588 579 501 385 391 390 377 355 355 336 204 159 142 176 219 197 202 222 250 238 245 295 321 345 402 432 468 417 333 332 364 376 452 523 624 731 887 866 972 946 842 915 854 941 698 664 634 626 638 791 721 696 648 634 709 754 697 763 818 795
1174 1052 976 912 874 765 750 661 653 580 523 429 384 397 350 345 336 324 323 222 166 159 175 206 206 250 303 303 275 273 335 363 399 400 469 457 467 420 362 350 367 438 470 600 676 803 764 826 727 806 668 653 677 780 918 830 837 591 835 835 795 642 859 685 732 699 800 824 757
1107 986 875 810 796 745 704 680 614 574 509 454 408 381 362 360 377 386 334 242 189 189 188 175 241 290 297 317 313 339 375 399 403 411 454 487 481 486 443 373 373 448 457 638 660 810 910 903 822 869 969 908 668 814 596 693 738 613 570 768 983 734 748 692 769 773 754 740 758
1051 1002 907 740 690 713 705 684 592 529 500 468 426 358 377 392 397 374 324 279 237 160 124 148 199 280 279 328 354 361 405 409 382 379 427 478 461 481 516 412 410 444 498 672 653 803 805 782 722 738 845 753 684 708 648 642 976 829 614 626 754 723 712 688 679 696 721 743 766
999 983 927 757 624 670 651 643 572 524 419 434 376 334 380 389 350 290 253 296 258 140 167 152 229 292 278 345 352 356 373 374 366 406 424 425 481 475 499 461 507 448 528 713 785 848 824 903 804 826 785 725 642 659 849 649 720 776 799 632 687 771 713 780 688 698 723 738 753
905 952 955 767 593 586 618 602 510 474 427 365 350 354 365 365 307 235 203 260 301 149 178 202 206 248 283 329 349 338 329 327 353 374 408 507 500 546 550 574 562 501 649 695 721 774 810 889 770 823 655 836 678 690 627 665 752 661 760 657 665 742 644 766 686 691 784 728 736
990 1023 1072 856 638 634 597 553 507 448 419 360 292 341 341 352 290 243 182 257 312 207 180 208 225 244 286 320 282 281 290 295 357 380 423 432 536 540 585 598 615 585 690 814 898 933 922 884 837 761 684 814 711 718 656 629 655 592 793 701 651 763 781 765 683 689 779 765 703
923 1078 1190 964 672 609 551 501 459 392 390 352 267 323 308 377 260 199 192 266 324 233 218 224 283 258 288 306 312 228 297 312 354 331 391 451 502 593 635 626 626 625 763 798 860 886 847 833 809 765 648 656 676 852 779 676 848 676 659 728 674 618 723 826 679 677 654 690 687
736 948 1227 1114 755 633 551 491 422 375 343 347 298 299 315 332 165 193 199 251 325 287 262 252 286 328 270 301 295 211 307 343 347 344 426 478 451 578 701 713 702 738 802 735 753 751 786 765 776 817 783 799 667 676 706 654 684 726 668 741 765 740 751 698 737 664 653 691 698
565 806 1228 1225 873 668 537 445 368 331 290 303 254 277 304 304 162 204 203 281 337 244 225 269 256 294 288 303 273 222 290 343 321 381 510 545 592 571 747 826 815 794 742 726 701 724 723 680 732 791 852 826 832 692 729 719 688 642 656 800 669 671 643 721 733 616 655 699 770
405 719 1164 1323 952 744 547 431 360 309 266 247 272 273 291 293 171 224 205 318 371 251 203 191 225 242 264 272 270 263 301 334 316 341 489 577 604 668 712 827 856 844 813 771 811 791 817 792 875 683 741 665 758 714 687 689 728 792 622 639 705 768 642 593 670 616 662 704 725
350 552 1165 1372 981 756 500 368 293 282 230 269 311 281 278 294 189 265 213 348 365 227 184 171 187 228 220 190 261 300 322 313 318 377 445 502 573 574 621 758 829 797 797 712 726 680 739 699 721 892 700 818 737 751 753 682 611 704 810 679 681 720 729 599 641 617 665 730 734
354 520 1159 1511 1048 694 399 273 225 210 207 319 329 329 271 308 215 327 232 392 370 265 233 208 179 189 180 157 237 306 325 266 356 431 464 486 494 527 592 704 801 875 826 775 750 754 709 603 592 638 807 711 697 682 718 750 708 645 796 678 746 721 750 612 782 619 715 707 729
314 444 1137 1716 1107 474 314 223 178 171 217 338 338 420 336 325 268 343 303 367 316 253 233 218 212 197 160 169 217 217 239 229 343 413 447 454 496 577 631 675 686 680 659 666 718 802 717 707 686 696 709 831 664 702 628 646 834 685 652 691 622 726 751 687 620 637 675 711 731
261 360 1188 1974 989 434 298 219 170 174 234 363 465 468 402 340 337 353 401 322 285 236 206 203 208 178 185 314 306 179 195 279 322 367 409 443 467 607 669 699 761 710 666 726 817 786 701 706 720 715 721 818 692 721 697 650 623 765 822 705 702 631 766 627 642 645 680 716 737
284 358 1064 2242 985 418 288 211 172 172 269 368 548 493 486 385 413 442 356 331 332 257 181 199 227 177 185 272 308 227 167 212 307 403 435 478 487 602 663 683 762 774 695 853 923 912 747 685 682 677 612 742 656 670 724 715 626 599 673 740 703 709 618 655 661 652 684 721 739
281 373 1213 2261 818 359 260 181 189 194 329 354 623 606 664 414 430 445 410 335 306 286 173 202 227 181 176 256 294 263 272 260 303 406 462 484 519 628 680 708 767 704 698 651 702 778 711 734 722 706 701 657 642 780 679 683 702 748 736 702 673 680 704 676 648 649 683 720 740
278 400 1589 2015 509 317 245 182 185 204 353 430 352 689 623 468 465 490 417 299 306 255 213 195 198 161 154 209 267 332 264 274 279 414 491 537 627 706 745 715 725 675 623 684 637 638 714 722 692 664 615 678 696 657 617 636 693 717 649 655 673 705 747 656 634 638 675 713 743
284 523 2205 1558 435 307 297 204 200 242 403 520 500 632 967 539 498 517 387 296 258 303 269 187 246 164 156 208 218 326 321 287 274 372 453 506 704 813 811 753 692 727 684 681 569 652 669 667 719 699 629 664 752 718 682 611 675 704 661 630 685 745 559 657 697 630 732 713 736
297 708 2810 908 416 353 437 241 271 371 477 440 647 964 899 588 535 524 385 264 317 320 345 286 244 176 182 202 219 311 346 341 342 403 512 607 764 806 842 808 732 790 697 558 550 666 698 655 683 697 685 672 633 619 650 700 575 709 713 644 663 690 677 609 707 631 662 702 729
323 1181 2524 517 369 348 513 238 338 408 569 604 938 1408 1070 657 649 570 414 288 366 396 323 252 186 172 183 235 232 311 352 382 392 424 493 636 717 840 835 825 797 760 758 699 724 655 659 641 664 763 692 716 712 653 575 793 687 639 703 633 651 678 730 681 771 622 654 695 722
384 2004 1745 372 558 475 216 285 404 445 674 783 1330 1713 1323 858 716 687 503 299 367 432 327 252 162 164 176 196 243 296 371 371 431 429 529 625 806 892 864 866 842 715 697 716 753 849 776 734 685 691 667 648 661 692 659 606 691 684 653 658 663 652 704 719 767 606 646 686 714
435 1982 1365 380 635 437 293 303 482 551 1022 1056 1656 1843 1748 1139 961 879 588 572 633 492 309 269 189 144 151 216 261 335 374 363 450 475 610 724 814 838 898 900 720 638 664 671 632 646 677 571 585 752 708 706 654 663 684 608 576 686 663 665 688 668 738 685 782 612 640 680 709
459 1997 1282 368 611 455 356 377 579 784 929 1362 1793 2089 2193 1485 1451 1120 861 854 842 577 366 278 256 143 150 202 294 325 442 427 488 587 636 710 785 845 905 939 895 838 716 733 683 595 566 692 544 584 612 653 683 670 683 635 647 649 666 688 687 729 660 662 783 646 640 681 707
436 1923 1204 443 539 477 419 469 646 1035 1361 1614 1937 2390 2546 2006 1972 1729 1147 1266 1049 590 382 326 231 150 141 196 269 350 506 437 522 668 689 717 728 815 837 881 783 735 709 627 600 712 747 774 758 708 626 622 629 642 661 657 589 671 603 679 691 725 745 713 705 640 636 674 701
371 914 1214 455 448 445 470 534 816 1136 1596 1936 2210 2476 2573 2358 2479 2408 1943 1530 1222 755 464 383 281 178 161 212 310 379 479 500 647 755 721 775 787 814 878 927 735 701 696 560 594 621 691 684 678 692 700 638 653 617 612 564 591 589 650 623 652 630 653 722 772 838 848 662 691
267 739 2010 654 365 428 493 602 943 1644 1867 1967 2335 2492 2529 2551 2519 2453 2212 1653 1228 883 582 360 247 182 214 265 285 419 522 553 632 750 743 756 769 788 773 715 752 648 707 739 737 693 645 530 606 575 590 641 611 681 566 621 619 635 555 687 666 726 654 566 649 617 614 647 774
129 340 1468 665 319 406 622 760 1057 1790 2035 1827 2248 2486 2450 2562 2515 2355 2131 1638 1223 1041 534 325 280 208 200 253 272 427 485 548 642 662 636 631 701 748 800 868 831 738 674 678 664 715 716 696 653 610 564 565 535 547 590 521 551 563 661 533 661 681 701 709 573 635 675 631 673
107 139 750 1872 477 479 661 1073 1454 1908 2109 1932 1733 2271 2195 2441 2386 2170 1893 1493 1173 917 507 331 226 199 244 241 292 376 454 553 650 718 666 706 755 791 768 777 818 708 657 649 653 605 600 593 616 620 626 526 502 640 684 665 645 714 620 567 608 643 846 702 621 587 581 607 639
95 118 161 1134 1070 720 867 1217 1574 1071 1479 1374 1103 1055 897 1739 1726 2157 1804 1371 1132 674 527 379 290 191 239 237 334 445 442 507 579 669 641 663 688 668 747 782 768 658 611 563 601 568 551 541 540 559 622 549 463 534 538 546 559 621 602 717 628 681 633 669 778 699 606 682 621
92 117 160 280 1069 932 1206 1555 1271 904 615 709 1174 838 744 1006 1617 1945 1739 1366 1150 703 457 374 253 177 214 260 387 441 536 610 618 636 660 652 661 712 754 675 686 610 583 605 628 595 582 554 556 568 567 614 639 599 585 560 669 502 582 750 629 693 710 668 714 651 612 627 684
89 117 144 174 258 719 1027 984 381 514 446 540 534 604 649 794 1865 1800 1653 1316 1184 973 491 344 191 201 208 336 417 573 622 672 683 668 684 681 640 575 710 652 568 635 616 551 542 552 569 562 564 575 547 481 505 464 484 507 557 563 586 626 688 688 731 556 573 618 574 607 606
85 95 127 151 172 313 328 311 304 312 328 387 445 618 590 785 1740 1713 1523 1361 1308 760 495 339 214 230 234 342 417 498 606 693 660 652 701 727 679 699 582 605 671 703 539 581 558 565 566 570 565 580 605 571 593 507 499 522 591 652 646 651 715 721 747 550 625 562 571 586 639
82 88 106 129 144 250 236 225 244 260 305 318 435 475 705 1147 1650 1680 1452 1442 1437 902 677 355 272 308 316 330 369 445 537 583 631 605 712 715 784 957 876 905 906 1816 1156 615 591 584 529 542 508 498 522 484 512 561 544 561 572 594 621 662 705 727 766 523 613 570 602 694 646
80 85 99 121 178 190 219 199 217 245 288 317 431 406 561 853 1287 1553 1600 1537 1524 1167 906 638 494 381 299 256 278 383 520 610 661 728 711 776 858 1237 2049 2114 2347 2068 643 609 626 590 606 584 557 585 547 503 583 590 617 584 605 647 659 675 731 682 755 552 595 581 640 676 678
80 86 97 119 161 156 187 194 198 213 262 310 363 411 552 865 1183 1278 1715 1665 1691 1210 1279 1103 575 388 257 232 286 383 506 603 733 792 711 807 871 1101 2446 2581 2623 1907 700 594 614 545 562 542 572 608 567 569 581 584 632 673 597 628 654 689 755 575 746 673 569 596 728 558 636
82 89 101 121 150 155 179 224 210 204 257 296 299 412 499 934 1064 1514 1737 1781 1785 1615 1763 1221 572 357 262 210 279 395 528 645 711 728 742 841 849 930 2719 2782 2676 630 627 558 561 579 551 565 633 607 602 637 572 555 573 681 618 651 674 702 678 591 761 745 577 563 622 526 500
81 89 99 115 152 171 201 213 259 251 271 278 278 426 502 606 1019 1247 1699 1802 1825 1985 1914 1374 534 319 246 217 290 433 558 693 688 719 678 757 809 816 854 3042 2953 648 621 584 547 548 587 630 616 625 622 672 622 633 596 618 604 635 669 729 688 566 624 848 626 695 606 468 524
78 85 93 107 116 126 222 205 196 255 293 291 289 311 455 571 1121 1278 1678 1793 1806 1789 1888 1338 667 438 337 274 375 516 554 708 668 753 712 796 696 742 723 732 634 709 604 537 548 590 574 568 632 651 651 631 609 613 577 603 655 644 682 717 795 545 764 584 693 727 552 459 436
74 79 84 97 99 107 123 218 223 163 343 289 294 358 425 770 899 1122 1618 740 1748 1812 1878 1714 1807 1226 335 287 302 511 477 647 631 732 726 726 672 693 682 680 657 713 553 542 538 574 612 626 635 613 623 673 615 656 662 583 637 676 712 680 764 613 703 658 483 730 579 474 454
70 74 79 88 89 103 117 135 159 206 335 297 299 402 446 1173 1117 1112 1435 598 662 746 1654 2094 2016 1509 783 354 314 460 456 591 638 680 757 764 720 710 715 664 662 555 544 545 564 598 591 621 645 678 689 692 662 642 666 740 658 703 730 670 773 652 581 692 720 744 661 612 562
67 70 76 86 106 82 89 100 135 247 349 362 306 367 340 1258 424 472 491 514 696 533 598 1686 2380 1299 778 505 368 461 475 622 690 707 783 773 738 720 659 635 603 519 558 562 565 567 597 626 676 675 706 688 682 674 640 623 663 619 677 659 692 764 598 684 737 649 662 481 482
64 68 72 112 81 74 95 114 130 515 441 400 382 377 1251 1205 1286 347 386 419 1935 2037 2065 2173 1064 764 856 649 432 419 564 636 761 743 798 727 767 758 721 650 593 653 632 631 633 616 590 605 627 644 679 680 708 722 700 689 658 602 584 654 667 867 680 681 755 721 526 474 461
63 66 73 103 74 98 124 173 239 768 1200 1318 1198 1580 1483 1236 1561 370 1427 1859 1254 1027 963 873 737 704 715 650 474 412 506 627 733 779 698 790 697 750 716 590 566 612 530 586 579 589 641 660 671 685 648 717 704 694 671 660 734 904 596 728 504 718 748 567 690 547 513 476 460
64 67 76 103 112 86 79 86 1114 2240 2140 1944 2069 1976 1859 1678 396 387 1832 1690 1040 869 771 682 676 678 715 635 515 444 525 554 693 734 728 707 786 663 498 588 687 550 591 602 609 540 546 558 589 606 654 701 744 646 701 719 730 751 596 731 565 621 734 648 680 546 512 487 468
67 72 107 106 111 97 113 1690 1727 1483 1862 2102 2101 2137 2010 2303 476 1747 2225 1263 895 769 715 676 670 713 693 652 588 503 559 629 700 707 795 741 702 615 643 615 612 485 550 611 614 591 570 575 641 635 622 655 741 642 682 673 680 715 860 701 558 672 721 633 521 526 520 506 473
70 76 114 110 109 186 1439 1498 1065 1228 1852 2095 2147 2219 2172 2102 2364 2135 1019 832 784 744 675 708 747 711 666 653 630 534 621 610 718 748 817 645 694 679 686 640 561 536 521 502 548 569 604 601 629 677 630 635 714 670 694 685 735 659 696 735 642 672 682 570 526 498 529 519 487
73 113 106 118 133 587 1471 1331 1076 1267 1869 2134 2125 2219 2266 1859 1749 1348 836 767 709 750 621 673 645 674 668 658 589 594 703 679 800 749 778 678 679 755 620 601 575 567 512 518 580 575 577 570 589 658 700 686 612 608 695 729 765 746 741 638 665 700 514 625 451 469 491 549 498
104 100 99 132 510 1608 1254 1018 988 1106 1545 1460 2083 2283 2225 1540 1254 1055 801 695 669 680 642 648 607 716 630 641 593 686 678 686 739 699 827 762 617 721 540 532 494 529 512 495 499 536 578 606 598 606 642 718 689 561 661 684 736 708 871 591 691 680 519 521 458 522 529 542 496
117 100 102 178 1218 1308 1289 1019 919 1160 1364 1352 1126 1959 1997 1472 1216 864 717 607 651 581 567 690 634 652 633 682 631 700 641 795 697 792 840 761 648 739 629 514 493 531 574 542 569 593 605 606 632 624 636 668 719 796 635 726 729 829 802 481 489 538 459 568 560 458 513 494 508
118 108 115 202 1346 1260 1250 1127 1033 1091 1167 1214 1114 1361 1395 1069 931 764 639 607 615 634 575 632 663 684 688 704 707 720 731 767 697 750 807 696 624 673 618 505 499 524 551 540 558 592 608 623 637 649 668 686 686 695 685 708 732 586 575 539 600 492 475 541 523 510 481 491 502
89 118 179 1148 1234 1360 1218 1182 1091 1154 1202 1233 1207 1197 1109 927 814 706 625 594 576 635 615 666 683 697 704 700 712 727 758 770 729 767 823 695 589 619 527 492 511 532 540 549 571 590 607 629 650 665 686 682 666 666 708 690 658 612 574 505 566 523 541 532 533 502 495 496 506
102 127 630 1076 1326 1379 1202 1167 1200 1219 1267 1303 1236 1152 1018 891 752 654 575 517 560 599 661 695 684 694 704 700 712 734 767 783 746 771 835 728 556 603 685 492 523 541 551 597 631 647 628 641 658 670 696 648 636 688 566 598 571 612 525 554 543 556 536 510 515 507 493 532 506
125 334 1178 1309 1422 1229 1197 1199 1253 1274 1313 1337 1310 1247 1084 925 727 621 537 505 487 615 609 697 682 690 701 697 707 731 764 770 735 762 826 748 532 599 705 488 532 549 572 629 663 680 653 641 653 661 688 615 621 645 565 523 540 582 532 483 489 490 518 528 511 502 484 476 496
