---
Height of BL Top [ft] Valid 1200 PST ~Z75~(2000Z)~Z~ MON 22 May 2017 ~Z75~[20hrFcst@1252z]~Z~
Model= RASP Region= PANOCHE Grid= w2 Reskm= 1.3 Indexs= 1 69 1 63 Proj= lambert 1333 1333 40.0000 40.0000 -73.0000 36.8890 -121.0672
Day= 2017 5 22 MON ValidLST= 1200 PST ValidZ= 2000 Fcst= 20.0 Init= 12 Param= hbl Unit= ft Mult= 1 Min= 850 Max= 10451
5830 5729 5647 5602 5652 5748 5895 6080 6327 6550 6782 7050 7410 7678 7990 8311 8493 8666 8797 8993 9206 9409 9632 9858 10092 10160 10078 9914 9831 9687 9566 9403 9242 9047 8866 8696 8536 8388 8175 8042 7633 7454 7203 6753 6366 5915 5682 5611 5733 5812 5722 5661 5573 5529 5594 5507 5456 5163 5072 4920 4981 4955 5118 5453 5454 5470 5402 4938 4752
5661 5474 5519 5605 5711 5859 6048 6250 6456 6629 6861 7217 7491 7748 8083 8370 8520 8672 8801 8986 9204 9452 9668 9867 10039 10092 10035 9891 9788 9637 9502 9319 9148 8933 8759 8574 8426 8253 8168 8094 7858 7602 7354 6958 6535 6021 5860 5658 5661 5681 5596 5483 5602 5537 5531 5532 5449 5109 4982 4947 4962 4995 5153 5439 5428 5422 5303 5151 4846
5604 5598 5517 5552 5715 5922 6190 6438 6598 6775 6995 7243 7614 7866 8199 8406 8550 8704 8847 9041 9269 9518 9708 9870 9979 10011 9952 9805 9693 9541 9358 9220 9055 8854 8698 8555 8473 8330 8201 8206 8022 7762 7511 7165 6720 6206 5930 5738 5586 5603 5514 5630 5598 5460 5491 5562 5498 5163 5045 5082 4980 4998 5079 5439 5397 5372 5274 4914 4702
5227 5247 5163 5549 5653 5947 6310 6566 6795 6992 7254 7481 7862 8116 8331 8460 8586 8763 8964 9171 9395 9627 9791 9900 9887 9859 9777 9674 9572 9400 9214 9088 8908 8748 8632 8586 8539 8410 8321 8350 8206 7952 7694 7379 6987 6630 6329 5944 5633 5613 5512 5661 5611 5554 5266 5182 5305 5082 5124 5050 5016 4959 4908 5005 5009 4964 4856 4749 4684
5010 4876 4994 5325 5612 5919 6345 6625 6901 7139 7401 7883 8104 8266 8441 8525 8627 8787 9011 9244 9494 9716 9896 9936 9805 9730 9653 9570 9496 9322 9188 9050 8871 8718 8636 8611 8588 8540 8574 8463 8334 8085 7871 7553 7245 6775 6461 5958 5681 5906 5718 5368 5294 5340 5275 5177 5181 4939 5013 4948 4977 4703 4691 5075 4820 4864 4801 4699 4531
4885 5018 5115 5377 5663 5933 6425 6699 7006 7264 7562 7834 8221 8411 8527 8620 8766 8956 9167 9389 9561 9881 9943 9842 9802 9644 9505 9382 9289 9182 9081 8957 8802 8657 8576 8566 8580 8594 8624 8483 8357 8122 7939 7594 7209 6767 6321 5817 5784 5513 5628 5651 5226 5226 5133 5150 5131 4930 5006 5078 5068 4905 4669 4664 4720 4683 4599 4507 4250
4882 4953 5165 5441 5715 5788 6367 6749 7051 7269 7538 7784 8272 8516 8622 8738 8904 9068 9241 9536 9915 10283 9999 9839 9601 9407 9290 9139 9001 8889 8801 8742 8739 8662 8702 8706 8690 8742 8679 8514 8466 8232 8063 7689 7370 6883 6504 6044 5520 5487 5545 5445 5448 5184 5102 5018 5536 5032 4968 5001 5000 5056 4955 4652 4607 4605 4291 4194 4069
4818 5036 5250 5535 5847 5857 6389 6720 7284 7500 7448 7772 8264 8512 8683 8898 8993 9098 9206 9492 9872 10332 9990 9760 9544 9401 9264 9067 8905 8732 8593 8470 8405 8445 8575 8687 8860 8837 8742 8514 8454 8150 7973 7593 7304 6869 6553 6132 5660 5511 5617 5628 5449 5182 5554 5006 5022 5164 5361 5198 4905 5095 5006 4856 4425 4358 4126 3958 3842
4846 5119 5346 5665 5985 6234 6501 6788 7088 7343 7741 7831 8264 8506 8685 8924 9044 9166 9204 9443 9742 10212 10035 9851 9628 9416 9203 8978 8803 8692 8609 8500 8383 8296 8234 8306 8525 8661 8650 8533 8359 8131 7936 7597 7349 6909 6582 6300 5994 5509 5642 5618 5179 5116 5113 5091 5014 5028 5508 4722 4803 4965 4678 4875 4534 4345 4109 3950 3900
4931 5185 5475 5837 6164 6442 6639 6907 7169 7405 8010 8121 8352 8556 8692 8955 9123 9267 9299 9483 9736 10135 10184 9952 9726 9432 9171 8922 8809 8774 8731 8599 8502 8403 8281 8182 8135 8264 8339 8364 8292 8178 7945 7797 7484 6826 6529 6353 6074 5649 5773 5698 5574 5145 5097 5023 5007 5020 5322 4898 4667 4622 4552 4776 5027 4398 4158 4070 3888
4871 5190 5557 5956 6317 6567 6769 7053 7320 7562 8110 8223 8408 8552 8738 8909 9068 9166 9239 9324 9583 9814 10164 9932 9593 9335 9028 8959 8867 8819 8719 8568 8534 8502 8307 8225 8115 7992 8000 7977 8018 7872 7730 7512 7213 6722 6371 5982 5471 5550 5330 5255 5177 5237 5507 5362 5456 4979 5492 5402 5491 4351 3573 4654 4798 4421 4337 4102 3828
4642 5069 5510 5969 6404 6673 6949 7198 7452 7694 7926 8314 8546 8661 8815 8867 8935 8994 9213 9367 9574 9716 10208 9909 9527 9303 9112 9003 8914 8839 8743 8652 8761 8743 8384 8199 8104 8083 7992 7860 7841 7667 7518 7274 7045 6764 6598 6248 5771 5707 5729 5619 5167 5471 4957 5090 5296 4977 4944 5413 5748 4955 4736 4566 4658 4585 4196 3952 3825
4403 4806 5312 5885 6411 6749 7098 7340 7591 7836 8086 8316 8694 8857 8878 8972 9195 9424 9482 9530 9551 9744 10451 9962 9470 9345 9191 9043 8952 8939 8871 8896 8909 8594 8267 7998 7905 7788 7762 7727 7637 7490 7312 6948 6728 6375 6220 5604 5649 5517 5658 5513 5127 5152 5082 5053 5725 5477 4981 4975 5307 5113 4677 4526 4354 4345 4097 3927 3817
4130 4551 5103 5764 6321 6765 7179 7506 7768 8045 8273 8450 8855 9035 8987 8978 9171 9601 9971 9787 9369 9633 10225 9880 9397 9290 9184 9108 9050 9096 9158 9019 8702 8361 8129 8062 7874 7727 7576 7535 7317 7234 7163 6915 6707 6450 6179 5952 5774 5669 5617 5362 5015 5060 5446 5049 5271 5458 5432 4803 4987 5191 4812 4843 4304 4296 4098 3917 3792
3836 4287 4867 5573 6202 6712 7197 7640 7986 8204 8457 8576 8759 9044 9046 8916 9072 9467 9783 9634 9302 9488 9849 9606 9353 9304 9199 9282 9222 9306 9223 8871 8679 8489 8272 7990 7776 7575 7444 7231 7130 6982 6666 6528 6503 6181 6006 6006 5727 5693 5433 5555 5056 5085 4926 5034 5388 5209 5287 4764 4768 4826 4629 4688 4302 4234 4209 3909 3811
3322 3864 4543 5352 6035 6593 7155 7722 8130 8410 8548 8728 8915 8974 9120 9049 9098 9591 9599 9451 9132 9233 9469 9432 9382 9391 9264 9381 9494 9372 9025 8847 8848 8658 8371 8095 7876 7682 7512 7346 7161 7010 6864 6726 6720 6489 6322 6114 5788 5650 5228 5548 5102 5065 4939 4878 4947 4869 5444 4813 4728 5130 5059 4616 4242 4208 4195 4023 3848
3012 3479 4198 5131 5913 6584 7194 7739 8235 8536 8780 8850 9028 9097 8885 8898 9346 9634 9329 9386 9023 9033 9216 9367 9570 9636 9381 9520 9512 9313 8964 9015 8981 8701 8389 8157 7957 7616 7306 7237 7040 6908 6695 6571 6567 6460 6222 5943 5811 5659 5200 5148 5105 5445 5180 4896 5346 4952 4757 4852 4683 4636 4760 4640 4205 4172 3959 3857 3862
2811 3305 3936 4884 5787 6545 7214 7811 8362 8768 8875 9080 9180 8906 8840 8811 9205 9387 9345 9336 9225 9246 9337 9407 9655 9824 9595 9575 9427 9225 9047 9193 8991 8656 8398 8116 7899 7641 7328 7137 7116 6875 6695 6402 6258 6191 6022 5903 5796 5672 5366 5363 5077 5002 4945 4770 4978 4944 4726 4780 4758 4680 4633 4547 4205 4109 3937 3860 3881
2727 3132 3755 4708 5650 6513 7281 7886 8433 8845 9172 9213 9026 8849 8723 8717 9010 9153 9195 9204 9080 9251 9503 9655 9738 9832 9764 9745 9380 9177 9189 9237 8981 8703 8357 8050 7835 7869 7702 7148 7026 6635 6507 6359 6193 6132 5945 5800 5702 5680 5635 5547 5499 4979 4981 4921 4728 4632 4659 4768 4430 4311 4347 4270 4143 3999 3910 3862 3968
2589 3061 3581 4502 5581 6497 7371 7998 8482 9051 9171 8871 8743 8736 8628 8640 8881 9001 9078 9083 8957 9173 9388 9619 9774 9779 9840 9774 9324 9286 9386 9183 8913 8565 8195 8066 8048 8319 8091 7496 7183 6798 6691 6504 6415 6228 6065 5866 5882 5404 5542 5275 5444 4909 4786 4790 4867 5082 4487 4417 4463 4335 4086 4035 4063 3958 3893 3866 3844
2535 2917 3447 4393 5569 6534 7428 8087 8641 9291 9109 8741 8506 8545 8501 8551 8746 8824 8942 8843 8752 9018 9209 9339 9533 9747 9740 9681 9456 9432 9476 9155 8825 8606 8449 8485 8428 8467 8051 7595 7189 6801 6731 6519 6315 6109 5827 5680 5562 5733 5430 5514 5260 5101 4870 4664 4618 4723 4814 4281 4206 4238 4400 3979 4043 3934 3890 3923 3852
2541 2820 3299 4265 5597 6659 7524 8122 8609 9150 8921 8625 8382 8390 8397 8431 8543 8603 8743 8600 8572 8792 8966 9162 9426 9561 9450 9362 9391 9610 9481 9243 8928 8750 8621 8516 8198 7926 7679 7457 7255 7043 6847 6566 6312 6053 5814 5583 5323 5314 5534 5349 5158 4840 4901 4927 4624 4589 4714 4343 4223 4199 4285 4038 4169 3930 3977 3884 3870
2460 2740 3144 4169 5715 6960 7675 8156 8547 8908 8663 8500 8310 8124 8238 8269 8328 8433 8499 8490 8611 8748 8987 9221 9312 9420 9308 9231 9262 9547 9461 9090 8778 8640 8672 8547 8169 7742 7476 7261 6939 6739 6538 6441 6212 6005 5808 5646 5446 5357 5325 5459 4952 4796 4650 4826 5038 4550 4464 4264 4123 4202 4305 4098 3930 3911 3891 3886 3880
2363 2604 3090 4081 5931 7105 7826 8202 8561 8726 8467 8321 7978 7948 8066 8127 8167 8296 8302 8496 8604 8755 9006 9195 9233 9369 9331 9030 8995 9237 9344 9039 8832 8739 8692 8417 8049 7591 7362 7184 6942 6629 6486 6465 6339 5923 5756 5613 5488 5374 5293 5499 4944 4976 4723 4657 4872 4694 4597 4460 4160 4100 4248 3936 3918 3911 3894 3893 3882
2229 2540 2966 3982 5986 7155 7840 8375 8556 8458 8336 8190 7770 7851 7874 7989 8023 8111 8240 8451 8499 8693 8951 9096 9087 9263 9360 9084 8949 8926 9031 8833 8607 8433 8215 7878 7629 7362 7088 6873 6665 6697 6449 6525 6325 6145 5755 5535 5370 5270 5057 5436 4922 4924 4831 4699 4555 4508 4555 4524 4360 4129 4039 3983 3884 3911 3893 3889 3875
2238 2569 2927 4126 6183 7144 7812 8347 8348 8167 7963 8043 7602 7578 7501 7857 7891 7961 8114 8374 8428 8616 8857 8983 8951 9117 9323 9099 8921 8705 8693 8637 8483 8283 7982 7622 7329 7067 6885 6765 6735 6506 6226 5986 5934 5811 5700 5481 5390 5247 5148 4881 4859 5109 4962 4846 4761 4591 4574 4503 4322 4133 4152 4085 3921 3919 3895 3887 3872
2269 2621 2992 4564 6561 7160 7898 8159 8092 7953 7698 7765 7963 7368 7484 7673 7717 7764 7995 8274 8299 8494 8694 8842 8827 9029 9184 9122 8897 8596 8487 8384 8311 8107 7797 7426 7052 6799 6642 6561 6621 6371 5961 5751 5613 5545 5404 5285 5199 5055 4850 4949 4787 4669 4627 4864 4677 4577 4530 4460 4427 4250 4234 4084 3976 3935 3900 3880 3877
2328 2704 3183 5219 6755 7259 7936 7994 7887 7761 7586 7551 7641 7387 6908 7460 7557 7568 7876 8094 8126 8297 8529 8745 8693 8992 9171 9082 8973 8644 8393 8207 8145 8045 7805 7449 6988 6606 6427 6201 6166 6062 5823 5700 5583 5474 5281 5252 5285 5111 4696 4686 4723 4697 4712 4565 4600 4714 4525 4440 4478 4526 3996 4076 4066 3959 3992 3892 3870
2382 2795 3419 6048 6912 7437 7957 7923 7719 7501 7370 7546 7278 6871 6914 7252 7321 7371 7721 7923 7965 8174 8358 8548 8592 8973 9127 8943 8876 8573 8288 8042 7891 7810 7565 7186 6783 6461 6310 6402 6221 6183 5743 5628 5414 5330 5280 5250 5225 5125 4724 4639 4540 4552 4759 4614 4496 4614 4581 4458 4420 4388 4148 4042 4083 3970 3910 3882 3862
2425 2991 3955 6649 7061 7544 7957 7747 7570 7294 7037 7143 6748 6171 6451 6945 6949 7138 7525 7731 7805 7974 8165 8354 8479 8742 8905 8740 8609 8360 8124 7878 7720 7578 7367 7028 6652 6240 6198 6288 6162 6087 5956 5713 5615 5410 5365 5274 5162 5134 4989 4664 4635 4545 4527 4978 4587 4528 4569 4334 4348 4413 4471 4128 4176 3979 3908 3875 3851
2458 3286 5001 6933 7321 7728 7621 7368 7273 7131 6758 6835 6200 5622 5928 6526 6723 6875 7278 7555 7622 7718 8035 8210 8409 8601 8791 8746 8598 8315 8032 7858 7649 7521 7373 7189 6895 6547 6103 5992 6093 5738 5601 5742 5737 5755 5631 5272 5172 5091 4957 4608 4594 4606 4626 4750 4905 4553 4490 4373 4281 4247 4256 4166 4203 3980 3906 3867 3836
2485 3465 5444 7027 7444 7682 7335 7248 6896 6879 6247 6476 5751 5190 5238 6013 6246 6515 7045 7112 7144 7472 7866 8105 8244 8458 8765 8703 8483 8123 7969 7804 7555 7407 7285 7155 6810 6462 6237 5946 5916 5825 5691 5474 5406 5633 5381 5197 5137 5342 5066 4723 4595 4605 4675 4560 4523 4600 4512 4427 4271 4287 4556 4162 4217 3987 3904 3861 3825
2461 3603 5512 7023 7472 7556 7373 7192 6665 6445 6492 6047 5378 4707 4641 5548 5588 6125 6620 6658 6754 7187 7683 7948 8104 8376 8631 8622 8330 8105 7702 7503 7242 6999 6923 6835 6649 6407 6268 6218 6287 6158 5808 5539 5448 5297 5231 5265 5030 5048 4730 4733 4722 4625 4617 4563 4581 4555 4548 4523 4269 4175 4160 4167 4547 4010 3904 3864 3821
2492 3617 5572 7117 7814 7551 7340 7004 6584 5850 5633 5605 5045 4256 4187 4913 4975 5354 6117 6062 6302 6993 7544 7748 7940 8275 8548 8475 8296 7961 7521 7402 7241 6995 6889 6681 6456 6155 6014 5902 5947 5828 5709 5535 5390 5617 5595 5572 5486 5302 4973 4643 4636 4622 4650 4683 4557 4782 4501 4549 4524 4174 4197 4118 4124 3996 3909 3857 3814
2388 3254 5491 7083 7828 7376 7073 6685 6202 5791 4632 4864 4564 4096 4104 4476 4356 4510 5106 5647 5937 6640 7239 7476 7892 8315 8419 8313 8141 7894 7609 7633 7429 7107 6970 6728 6493 6257 6202 6288 6140 5906 5552 5432 5355 5484 5625 5531 5479 5404 5299 4845 4740 4699 4816 4524 4569 4563 4598 4496 4447 4076 4136 4147 4151 4223 4138 3856 3809
2267 2909 4307 6471 7721 7333 6820 6526 5929 5276 4164 3943 3904 3914 3979 4185 4192 4298 4668 5331 5733 6243 6778 7392 7958 8297 8305 8306 8268 8029 7898 7719 7388 7062 6911 6808 6484 6110 6010 5987 5949 5867 5870 5798 5761 5690 5585 5231 5431 5276 5186 5114 4968 5254 4722 4740 4645 4792 4488 4590 4453 4159 4068 3999 4055 3989 3918 3859 3932
2112 2475 2880 6261 7172 7180 6440 6268 6001 4994 4008 3671 3694 3698 3861 4091 4147 4223 4653 5130 5530 5758 6709 7383 7778 8309 8357 8412 8442 8220 7882 7471 7079 6767 6661 6591 6369 6352 6426 6494 6322 6077 5896 5862 5780 5780 5689 5593 5478 5364 5158 4764 4815 4936 4936 4753 4799 4631 4692 4421 4487 4370 4263 4115 4026 4023 4007 3870 3812
1993 2277 2641 4235 6161 6452 6233 5596 5121 4275 3928 3625 3454 3572 3630 3960 4067 4218 4582 5016 5407 5818 6589 7156 7598 8210 8338 8147 8136 7889 7639 7386 7113 6846 6812 6795 6715 6702 6504 6358 6408 6148 5998 5895 5793 5704 5631 5554 5476 5410 5292 4944 4916 5309 5373 5371 5325 5227 4899 4406 4467 4394 4542 4265 4061 4007 3952 3896 3832
1871 2097 2369 2764 4534 5198 5515 5308 4047 3341 3416 3290 3201 3243 3298 3673 3916 4432 4849 5121 5290 5986 6308 6815 7356 8008 8310 7928 7677 7317 7127 7022 6893 6786 6838 6765 6599 6580 6570 6451 6421 6152 5973 5796 5720 5649 5574 5476 5384 5335 5318 5056 4945 5034 5112 5288 5009 4996 4936 4585 4293 4275 4190 4280 4195 4103 4007 4029 3905
1752 1923 2148 2418 2927 3813 4246 4081 3365 3101 2969 2998 3096 3051 3131 3462 3878 4638 4798 4902 5102 5788 6306 6690 7253 7683 8205 7967 7564 7273 7082 6901 6695 6507 6442 6439 6460 6447 6412 6266 6191 6144 5963 5820 5713 5628 5549 5412 5333 5292 5183 5326 5285 5141 5152 5255 5128 4881 4811 4576 4333 4389 4183 4444 4473 4092 4034 4035 4051
1665 1771 1983 2176 2274 3028 3277 3196 2752 2880 2807 2782 2794 2914 3008 3345 4048 4726 4824 4928 5003 5397 6219 6675 7056 7376 7903 8007 7648 7410 7367 7198 6804 6411 6073 5836 5706 5876 6177 5919 5830 5815 5661 5432 5585 5518 5467 5371 5298 5249 5105 4959 4980 4900 4885 4913 4947 4805 4450 4308 4221 4218 4347 3976 4019 4058 4004 4016 4002
1594 1729 1843 1938 2009 2350 2516 2333 2426 2330 2342 2492 2661 2861 2960 3309 3891 4648 4833 4806 4839 5613 6123 6503 6841 7217 7553 7865 7881 8013 7855 7347 6837 6372 6011 5705 5417 5206 5621 5677 5300 5233 5481 5394 5439 5327 5276 5305 5195 5153 5210 5036 5048 4935 4863 4792 4912 4675 4482 4357 4226 4224 4311 3976 3918 3954 3953 3958 3988
1567 1663 1733 1802 1854 1980 2130 2099 2282 2213 2236 2339 2611 2749 3014 3401 3795 4269 4670 4727 4709 5399 5791 6285 6606 6999 7247 7729 8255 8093 7591 7062 6501 6156 5890 5612 5139 4624 4718 4901 4808 2637 4059 5420 5302 5265 5041 5071 4999 4882 4976 4895 4878 4585 4521 4547 4806 4420 4380 4302 4230 4172 4148 3984 3829 3860 3859 3938 3859
1514 1590 1626 1674 1836 1805 1719 1874 1805 1862 2214 2325 2616 2720 2910 3216 3520 3921 4264 4594 4623 5058 5458 5861 6260 6767 7153 7726 7936 7619 7296 6880 6409 6065 5912 5499 5015 4108 1560 1813 1712 2444 5164 5267 5387 5142 5297 5065 5013 4711 4976 4879 4953 4930 4579 4529 4509 4495 4419 4312 4179 4143 4294 3992 3812 3790 3768 3754 3739
1460 1517 1533 1578 1742 1695 1664 1796 1785 1838 2008 2303 2536 2658 2827 3057 3344 3434 3859 4398 4289 4969 4912 5196 5996 6541 7121 7601 7627 7295 7083 6742 6344 6103 6015 5594 5165 4391 1194 1289 1547 2783 5211 5072 5248 4979 5025 4955 4847 4651 4793 4553 4682 4718 4571 4573 4447 4416 4378 4384 4173 4086 4220 4073 3915 3743 3760 3583 3628
1418 1478 1489 1530 1663 1626 1575 1765 1781 1883 2034 2273 2439 2634 2691 2942 3065 3400 3742 4136 4231 4470 4257 4947 5917 6500 7068 7462 7377 7120 6884 6599 6396 6296 6097 5690 5277 4783 850 1208 1619 5063 5129 5013 5016 5041 4966 4929 4756 4609 4783 4662 4792 4539 4816 4641 4485 4453 4432 4331 4122 4034 4175 4088 3860 3664 3581 3398 3378
1374 1422 1435 1455 1591 1562 1521 1560 1771 1868 1986 2229 2309 2580 2642 2709 2934 3101 3440 3847 4053 3890 3955 4758 5947 6476 6891 7345 7270 7031 6835 6642 6521 6330 6056 5514 5141 4976 4662 1037 1388 5095 5330 5164 4973 4946 4842 4730 4519 4547 4449 4607 4705 4583 4561 4738 4429 4405 4323 4275 4109 3856 4024 4212 3870 3770 3489 3286 3317
1319 1343 1371 1388 1396 1378 1491 1512 1568 1673 1752 2057 2228 2279 2564 2635 2903 3017 3343 3524 3612 3579 3805 5011 5818 6103 6552 7274 7397 7046 6976 6684 6604 6234 5974 5695 5507 5423 5137 4821 4922 5516 5411 5214 5096 5085 4975 4958 4808 4582 4565 4423 4545 4733 4434 4528 4508 4363 4362 4239 4144 3928 4096 3902 3790 3746 3364 3237 3221
1262 1278 1301 1317 1323 1306 1325 1484 1546 1445 1583 1924 2105 2185 2342 2598 2756 2919 3192 2073 2897 2982 3368 4340 2835 4825 6290 6732 7020 7027 6872 6652 6536 6196 5927 5636 5472 5333 5125 5092 5377 5621 5410 5266 5003 4917 4791 4718 4650 4583 4557 4357 4521 4546 4686 4354 4324 4289 4253 4126 4134 4049 4072 3998 3621 3745 3426 3255 3235
1210 1245 1270 1288 1293 1295 1271 1246 1252 1285 1361 1833 2027 2197 2265 2592 2659 2692 2885 1921 1789 1613 2801 3134 3667 2273 5430 6195 6495 6812 6780 6688 6505 6220 5883 5622 5519 5371 5264 5470 5553 5509 5380 5044 5015 4920 4879 4746 4655 4342 4361 4325 4376 4344 4611 4605 4494 4175 4150 4111 4123 4056 3938 4009 3806 3740 3547 3347 3299
1175 1234 1253 1297 1116 1099 1150 1139 1082 1125 1239 1559 1873 2146 2256 2588 2002 1770 1690 1722 1743 1975 1838 2503 3049 4678 5466 6027 6401 6854 6902 6747 6575 6288 5978 5732 5611 5577 5510 5622 5272 5155 5305 5247 5127 5013 4948 4836 4676 4394 4336 4362 4394 4359 4498 4364 4490 4059 4075 4030 4048 4092 3831 3846 3771 3659 3540 3250 3244
1154 1223 1268 1260 1163 1150 1183 1156 1083 1361 1562 1883 2080 2206 2497 2551 2617 1977 1901 1875 3028 3324 2997 3087 5096 5774 5717 6180 6515 6951 7108 6792 6714 6419 6237 6015 5988 5923 5751 5511 5468 5570 5533 5068 4895 4808 4749 4674 4619 4521 4436 4209 4291 4207 4277 4511 4431 3990 3945 3914 3928 4168 3769 3728 3734 3672 3330 3240 3187
1149 1218 1304 1184 1243 1131 1236 1191 1175 1901 2206 2274 2351 2508 2530 2533 2760 2088 2655 3652 4931 5571 5511 5595 5960 6299 6177 6469 6649 6850 6984 6879 6711 6561 6389 6325 6162 6173 5921 5508 5354 5463 5312 5140 5094 5125 4893 4763 4696 4620 4550 4265 4369 4142 4160 4344 4226 4153 3821 3750 3609 4039 3728 3497 3631 3370 3291 3232 3179
1156 1250 1366 1328 1256 1191 1158 1105 1628 3010 3431 3813 3005 2680 2665 2544 2209 2055 2809 4264 5523 6173 6393 6432 6610 6634 6519 6646 6842 6823 6899 6761 6745 6604 6521 6404 6382 6103 5858 5673 5573 5500 5521 5409 5215 4968 4772 4613 4411 4440 4403 4353 4219 4041 4125 4161 4217 4322 3876 3727 3470 3475 3664 3555 3391 3289 3257 3222 3193
1179 1303 1380 1440 1333 1297 1285 2671 4261 4658 4089 3485 3186 3004 2775 2978 2127 2668 3288 4928 5868 6314 6721 6848 6830 6817 6802 6725 7017 6947 6882 6827 6761 6663 6670 6457 6348 6136 5958 5785 5627 5449 5356 5438 5205 5106 4882 4653 4315 4259 4215 4213 4220 3945 3965 4002 4076 4116 4107 3923 3450 3384 3479 3320 3078 3202 3207 3203 3215
1217 1369 1427 1553 1413 1618 2414 4389 5318 5014 4040 3613 3313 3154 2871 3568 2983 3438 5226 5774 6177 6428 6827 7021 7226 7101 6928 7031 7067 6993 6975 6841 6743 6748 6738 6458 6431 6254 6023 5861 5671 5514 5366 5233 4967 4911 4725 4623 4479 4374 4211 4205 4229 4013 4017 3881 3783 3729 3733 3714 3612 3416 3334 3032 2978 3006 3119 3147 3225
1269 1332 1498 1658 1496 1971 3754 4815 5288 4864 3910 3304 3552 3191 3073 3960 4172 4718 5643 6037 6386 6546 6833 7153 7242 7051 7136 7122 7030 7053 7081 6943 6930 6810 6774 6565 6523 6404 6043 5891 5749 5587 5418 5230 5052 5025 4876 4733 4563 4391 4275 4214 4164 3879 3870 3806 3771 3729 3692 3601 3572 3330 3008 3013 2791 2917 2948 3107 3173
1264 1376 1572 1782 2124 3795 4878 5426 5421 5010 4243 4408 3576 3109 3395 4549 4974 5290 5849 6176 6480 6819 7021 7371 7274 7350 7175 7149 6985 7150 7095 6981 6931 6875 6887 6658 6500 6389 6021 5863 5686 5426 5134 4991 4850 4726 4673 4575 4540 4485 4386 4245 4148 3879 3821 3782 3742 3708 3747 3462 3423 3308 2980 2951 2851 2934 2946 2947 2966
1292 1462 1627 1938 2856 4075 4700 5322 5496 4793 4386 4445 4900 3687 3562 4651 5081 5706 6078 6339 6586 6850 7165 7510 7371 7326 7208 7205 7122 7190 7051 7134 6948 6942 6894 6642 6475 6392 6065 5852 5679 5477 5226 5024 4891 4769 4659 4630 4502 4441 4377 4321 4286 4162 3883 4065 3780 3725 3693 3290 3213 3078 2854 3055 2963 2789 2873 2789 2882
1364 1535 1714 2009 3030 4055 4605 5006 5181 4983 4805 4709 4959 4475 4512 5178 5469 5894 6273 6561 6872 7104 7227 7449 7445 7406 7336 7263 7206 7194 7139 7114 6963 6942 6885 6717 6472 6367 6162 5860 5683 5483 5210 5020 4856 4740 4675 4562 4412 4332 4300 4230 4149 4078 3930 3780 3693 3514 3398 3256 3236 2915 2851 2917 2880 2838 2760 2771 2866
1515 1654 1851 2235 3554 4218 4765 4944 5080 4885 4752 4698 4754 4757 4946 5388 5624 5960 6366 6708 7053 7236 7311 7469 7490 7460 7399 7308 7247 7215 7194 7148 7025 6935 6883 6743 6463 6344 6071 5855 5670 5465 5164 4910 4723 4606 4559 4496 4429 4358 4313 4191 4065 3904 3767 3660 3545 3369 3267 3123 3032 2811 2779 2780 2783 2713 2742 2779 2869
1662 1821 2055 3108 4037 4513 4852 4971 4829 4755 4633 4585 4721 4858 5156 5408 5660 6027 6434 6735 7208 7303 7430 7534 7524 7492 7434 7346 7283 7239 7214 7166 7061 6935 6885 6756 6452 6341 6244 5769 5650 5454 5084 4820 4626 4474 4452 4453 4435 4369 4311 4117 3966 3825 3625 3590 3426 3343 3233 3185 2985 2855 2717 2636 2656 2694 2740 2873 2882
1818 2012 2564 3753 4399 4898 4921 4886 4710 4647 4553 4528 4611 4721 5032 5239 5676 6086 6527 6903 7252 7464 7519 7600 7546 7508 7446 7367 7300 7243 7204 7138 7020 6915 6869 6756 6450 6349 6269 5790 5649 5438 5046 4790 4601 4431 4365 4392 4445 4379 4309 4041 3842 3770 3671 3535 3444 3364 3256 3126 2976 2798 2741 2712 2658 2700 2767 2835 2908
