---
Height of BL Top [ft] Valid 1300 PST ~Z75~(2100Z)~Z~ MON 22 May 2017 ~Z75~[21hrFcst@1255z]~Z~
Model= RASP Region= PANOCHE Grid= w2 Reskm= 1.3 Indexs= 1 69 1 63 Proj= lambert 1333 1333 40.0000 40.0000 -73.0000 36.8890 -121.0672
Day= 2017 5 22 MON ValidLST= 1300 PST ValidZ= 2100 Fcst= 21.0 Init= 12 Param= hbl Unit= ft Mult= 1 Min= 864 Max= 10715
7642 7479 7348 7275 7258 7318 7423 7551 7745 7944 8114 8295 8533 8667 8819 8972 9091 9222 9343 9492 9666 9847 10054 10287 10605 10715 10627 10432 10321 10204 10156 10016 9849 9660 9496 9338 9215 9112 9029 8867 8614 8468 8252 8010 7727 7287 6973 6799 6826 6821 6743 6655 6537 6501 6542 6483 6460 6361 6256 6097 6198 6115 6282 6372 6375 6399 6343 6024 5863
7490 7282 7221 7234 7271 7370 7526 7693 7865 8045 8213 8454 8624 8744 8892 9032 9125 9228 9328 9468 9651 9879 10081 10288 10553 10622 10547 10322 10197 10076 10038 9893 9744 9533 9373 9221 9126 9058 8983 8882 8708 8515 8304 8089 7818 7386 7179 6843 6815 6724 6644 6563 6570 6506 6491 6483 6451 6289 6146 6140 6163 6140 6261 6341 6340 6334 6260 6188 5884
7422 7434 7252 7175 7240 7393 7600 7791 7940 8148 8321 8462 8702 8804 8927 9041 9149 9261 9362 9513 9700 9934 10122 10298 10443 10487 10421 10243 10143 9998 9860 9752 9622 9413 9272 9155 9121 9062 8959 8911 8781 8582 8381 8162 7895 7529 7224 6943 6723 6688 6610 6629 6567 6476 6469 6498 6464 6377 6216 6289 6160 6143 6219 6336 6287 6264 6217 5943 5820
7074 7205 6942 7189 7210 7412 7656 7839 8013 8207 8424 8581 8808 8889 8989 9066 9170 9318 9475 9650 9848 10078 10244 10317 10294 10257 10168 10077 9990 9839 9678 9570 9418 9274 9165 9126 9106 9043 8983 8974 8873 8673 8474 8256 8009 7713 7414 7094 6770 6719 6615 6644 6570 6524 6398 6360 6399 6239 6321 6218 6214 6137 6078 6155 6162 6110 5965 5887 5842
6837 6734 6729 6966 7144 7332 7600 7821 8026 8266 8468 8824 8931 8970 9024 9085 9223 9394 9590 9766 9954 10162 10391 10321 10176 10085 9982 9889 9819 9686 9592 9473 9312 9194 9113 9102 9089 9033 9084 9041 8916 8707 8521 8313 8091 7800 7439 7098 6782 6953 6702 6486 6376 6405 6411 6359 6342 6028 6185 6023 6230 5963 5950 6171 5986 6034 5931 5883 5780
6435 6636 6696 6860 7026 7204 7494 7748 7998 8260 8499 8725 8958 9025 9117 9212 9294 9433 9639 9862 10047 10330 10475 10303 10193 10030 9910 9755 9624 9510 9445 9403 9325 9198 9119 9106 9105 9129 9176 9067 8946 8779 8582 8374 8111 7780 7448 7069 6989 6677 6699 6677 6356 6341 6155 6273 6359 6028 6002 6194 6242 6097 5967 5926 5908 5907 5867 5804 5457
6256 6407 6597 6791 6988 7066 7382 7689 7913 8143 8400 8562 8836 8936 9069 9241 9379 9537 9616 9793 9979 10378 10556 10357 10243 10028 9852 9641 9482 9346 9230 9148 9164 9152 9141 9144 9186 9256 9175 9068 8976 8815 8596 8386 8178 7917 7552 7198 6646 6542 6689 6598 6553 6392 6107 6016 6446 6258 6000 6044 6043 5950 6144 5965 5856 5867 5639 5471 5404
5822 6206 6467 6748 7040 7051 7392 7643 8022 8255 8263 8479 8755 8873 8982 9140 9267 9456 9620 9767 9992 10239 10572 10465 10275 10067 9841 9591 9416 9241 9118 9007 8937 8968 9093 9178 9260 9301 9238 9117 9005 8855 8630 8394 8169 7890 7494 7190 6777 6500 6687 6666 6529 6408 6588 6064 6013 6242 6362 6314 6076 6184 5927 6067 5842 5712 5461 5386 5256
5373 5917 6273 6633 6966 7229 7443 7678 7895 8056 8361 8427 8705 8885 8991 9120 9240 9381 9536 9689 9924 10139 10540 10542 10343 10112 9811 9543 9345 9221 9156 9070 8979 8903 8852 8902 9058 9168 9141 9056 8901 8767 8551 8341 8171 7972 7718 7407 7096 6673 6701 6733 6413 6269 6312 6292 6095 6127 6401 5941 5935 6016 5906 5912 5887 5689 5442 5373 5333
4836 5412 5948 6441 6831 7246 7508 7726 7963 8117 8537 8589 8733 8901 9026 9163 9325 9410 9568 9707 9876 10081 10379 10566 10416 10071 9785 9518 9418 9378 9333 9186 9094 9010 8889 8772 8677 8759 8866 8928 8890 8780 8597 8419 8203 7898 7597 7426 7204 6784 6974 6854 6706 6394 6290 6149 6032 6088 6342 6023 5935 5852 5772 5900 5915 5719 5447 5424 5337
4307 5023 5669 6261 6771 7193 7528 7775 8051 8238 8599 8632 8762 8907 9068 9173 9242 9300 9434 9639 9855 10111 10458 10556 10232 9888 9614 9590 9532 9452 9377 9201 9167 9173 9014 8808 8707 8518 8450 8542 8601 8575 8447 8248 8062 7812 7473 7116 6683 6654 6547 6476 6387 6344 6469 6343 6327 5951 6370 6275 6515 5803 4847 5881 5901 5731 5589 5425 5259
3715 4611 5405 6094 6684 7130 7536 7834 8089 8294 8450 8735 8922 9040 9185 9207 9333 9439 9596 9786 9987 10071 10646 10647 10074 9784 9685 9693 9555 9491 9359 9301 9433 9436 9076 8884 8790 8751 8625 8495 8409 8408 8308 8173 7977 7784 7589 7343 6920 6806 6950 6871 6488 6608 6128 6185 6342 6092 6015 6213 6564 6234 5890 5858 5859 5825 5440 5380 5254
3275 4145 5046 5888 6545 7068 7480 7848 8110 8342 8532 8741 9100 9168 9171 9168 9413 9797 10049 10133 10185 10027 10570 10597 9981 9713 9652 9683 9543 9562 9475 9464 9531 9208 8885 8601 8607 8580 8583 8528 8346 8254 8106 7938 7736 7561 7408 6927 6712 6595 6748 6551 6355 6354 6248 6116 6496 6356 6230 5958 6153 6301 5893 5858 5744 5669 5421 5365 5219
2931 3743 4668 5639 6387 6974 7428 7878 8214 8442 8667 8812 9135 9392 9252 9166 9413 9804 10257 10458 10134 9942 10314 10355 9968 9757 9660 9644 9593 9677 9679 9680 9446 9074 8819 8694 8598 8418 8354 8391 8274 8183 8137 7950 7748 7559 7354 7182 7035 6923 6902 6664 6318 6226 6310 6017 6335 6224 6363 5916 5937 6306 6044 5891 5685 5609 5415 5343 5125
2748 3418 4335 5382 6254 6896 7450 7894 8257 8540 8729 8898 9057 9259 9391 9267 9443 9852 10206 10036 10038 10009 10098 9953 9783 9717 9720 9759 9763 9806 9883 9614 9375 9158 8916 8646 8399 8289 8233 8129 8064 7956 7792 7605 7485 7278 7177 7135 6940 6926 6657 6773 6387 6341 6026 5999 6306 6200 6254 6034 5881 5934 5889 5893 5668 5512 5436 5323 5108
2693 3127 4020 5115 6128 6887 7493 7965 8286 8591 8833 8965 9232 9260 9418 9509 9460 9974 10015 9848 9906 9796 9779 9765 9770 9793 9776 9913 9924 10009 9798 9504 9467 9312 9040 8797 8699 8468 8345 8244 8158 8011 7879 7715 7627 7435 7291 7182 7043 6870 6517 6633 6362 6277 6034 5964 5981 5885 6321 5911 5880 6191 6024 5880 5740 5469 5424 5348 5108
2433 3017 3722 4841 5924 6820 7535 8057 8396 8668 8908 9124 9320 9336 9281 9426 9724 9958 9731 9676 9801 9670 9640 9613 9919 9930 9853 10017 10075 10017 9693 9537 9594 9360 9020 8806 8613 8265 8049 8115 8059 7957 7814 7642 7516 7369 7249 7157 7035 6834 6475 6395 6351 6454 6286 5938 6238 5929 5859 5896 5873 5860 5876 5823 5676 5426 5340 5207 5086
2394 2753 3488 4606 5744 6726 7568 8134 8535 8846 9111 9289 9611 9393 9190 9282 9498 9636 9593 9600 9804 9798 9899 9743 9979 10335 10228 10071 10165 9941 9685 9664 9603 9257 8974 8766 8564 8367 8242 8108 8091 7973 7737 7400 7213 7125 6991 6928 6866 6720 6512 6475 6294 6182 6084 5919 6043 5901 5821 5876 5890 5880 5859 5760 5516 5402 5313 5167 5052
2372 2723 3296 4412 5565 6637 7604 8294 8687 8937 9295 9672 9426 9267 9134 9246 9437 9572 9415 9504 9638 9808 9880 9907 10022 10226 10191 10239 10208 9841 9716 9771 9567 9244 8973 8729 8505 8451 8389 7982 7916 7742 7575 7400 7241 7142 7008 6910 6820 6691 6790 6656 6538 6155 5942 5909 5878 5834 5777 5861 5723 5661 5702 5452 5418 5353 5269 5095 5188
2280 2663 3087 4190 5510 6567 7600 8290 8816 9182 9593 9538 9216 9152 9095 9215 9389 9377 9269 9454 9528 9612 9643 9734 9811 9965 10022 10115 10174 9841 9836 9795 9481 9147 8867 8643 8490 8705 8703 8275 8079 7866 7694 7443 7277 7141 7066 6945 6876 6604 6521 6375 6474 6220 5967 5883 5858 6029 5709 5600 5635 5540 5431 5329 5365 5322 5217 4994 4941
2081 2461 3015 4045 5559 6633 7706 8329 8788 9416 9552 9321 9087 8990 9077 9188 9294 9247 9202 9288 9333 9476 9526 9671 9730 9885 9948 9870 10142 9901 9876 9726 9400 9127 8892 8841 8839 8923 8656 8283 8020 7783 7648 7416 7228 7117 6999 6865 6785 6712 6418 6570 6241 6108 6022 5961 5835 5812 5870 5437 5420 5424 5613 5319 5359 5299 5153 5064 4930
2052 2437 2775 3787 5586 6854 7828 8411 8901 9254 9223 9086 8937 8977 9026 9105 9158 9054 9058 9176 9219 9302 9374 9545 9611 9778 9804 9798 9974 10018 9874 9711 9401 9155 9083 8970 8751 8532 8312 8115 8037 7886 7682 7423 7224 7098 6947 6701 6493 6495 6556 6399 6258 5898 5865 5880 5862 5823 5810 5503 5414 5425 5540 5323 5386 5280 5263 4966 4932
2063 2441 2770 3694 5566 7001 7899 8345 8866 9106 9005 8850 8868 8810 8970 9005 8969 8898 8960 9124 9237 9261 9422 9498 9503 9697 9727 9696 9828 9960 9766 9553 9305 9053 9004 8852 8554 8220 8032 7938 7791 7703 7561 7407 7211 7105 7021 6808 6524 6428 6414 6406 6198 6139 5880 5846 5883 5829 5726 5424 5383 5389 5558 5375 5223 5217 4998 4957 4933
2097 2463 2798 3650 5627 7213 7924 8358 8892 8959 8860 8715 8646 8713 8878 8868 8819 8770 8876 9121 9206 9252 9365 9387 9409 9650 9758 9522 9553 9720 9699 9441 9268 9133 9030 8853 8631 8311 8128 7968 7750 7500 7322 7218 7119 6974 6896 6686 6495 6337 6334 6383 5916 5983 5871 5858 5861 5763 5818 5767 5377 5382 5431 5338 5178 5138 4982 4951 4932
2085 2485 2841 3660 5959 7363 7928 8426 8966 8827 8736 8621 8578 8656 8756 8756 8690 8689 8851 9103 9107 9167 9283 9291 9313 9560 9826 9576 9466 9462 9425 9224 9092 8899 8703 8450 8243 8102 7930 7799 7680 7661 7445 7462 7394 7233 7013 6762 6533 6344 6175 6454 6048 5900 5847 5799 5834 5645 5658 5785 5413 5354 5365 5357 5122 5052 4970 4941 4921
2121 2513 2898 3978 6516 7434 7877 8482 8849 8637 8476 8519 8503 8540 8542 8631 8570 8596 8808 9018 9013 9082 9164 9178 9206 9399 9659 9576 9402 9270 9155 9045 8935 8774 8552 8287 8129 8026 7873 7721 7627 7434 7237 7031 7042 7003 6854 6611 6433 6237 6214 5937 5884 6105 6105 5751 5768 5818 5618 5737 5575 5362 5345 5354 5291 5043 4967 4935 4910
2149 2571 2978 4484 6882 7485 7958 8473 8612 8482 8279 8454 8577 8445 8506 8494 8447 8500 8721 8910 8912 8977 9032 9069 9151 9319 9477 9532 9391 9217 9067 8891 8794 8666 8512 8277 8084 7958 7824 7690 7625 7465 7111 6986 6918 6859 6743 6563 6395 6185 5949 5891 5808 5717 5812 5878 5600 5779 5447 5406 5427 5427 5394 5285 5356 5122 4973 4934 4914
2151 2640 3117 5230 7138 7535 8022 8439 8421 8300 8264 8365 8444 8416 8270 8357 8361 8365 8601 8749 8708 8767 8913 9021 9104 9312 9565 9495 9397 9150 8982 8813 8699 8628 8463 8222 7986 7757 7621 7427 7346 7229 7007 6899 6776 6664 6511 6412 6383 6321 5897 5817 5820 5675 5594 5793 5546 5746 5733 5419 5398 5699 5343 5234 5383 5234 5230 4944 4912
2181 2728 3745 6166 7220 7526 8119 8438 8224 8081 8102 8309 8223 8162 8204 8190 8197 8214 8460 8568 8579 8654 8797 8921 9004 9248 9622 9388 9241 9032 8815 8696 8554 8509 8400 8213 7980 7745 7593 7513 7412 7339 6945 6814 6648 6512 6412 6345 6332 6287 5907 5779 5677 5680 5587 5757 5627 5416 5666 5436 5413 5412 5393 5180 5377 5275 5004 4952 4917
2252 2850 4515 6863 7345 7842 8358 8318 8130 7896 7861 8053 7962 7849 7876 7943 7955 8081 8315 8414 8457 8524 8674 8827 8926 9089 9376 9328 9089 8935 8745 8584 8421 8317 8217 8077 7855 7630 7500 7463 7379 7230 6968 6800 6725 6588 6502 6405 6258 6214 5996 5723 5706 5755 5714 5798 5779 5428 5433 5405 5391 5415 5419 5286 5390 5307 5122 4960 4922
2345 3245 5439 7192 7466 7925 8105 7941 7852 7698 7670 7837 7728 7473 7534 7675 7806 7969 8163 8258 8274 8384 8579 8787 8885 8994 9231 9308 9146 8907 8648 8605 8403 8295 8118 8029 7844 7622 7315 7150 7231 6909 6818 6852 6845 6900 6661 6551 6364 6174 5922 5658 5462 5498 5731 5785 5799 5411 5409 5392 5374 5367 5391 5308 5387 5319 5189 4969 4926
2387 3344 5678 7273 7798 7911 7849 7872 7533 7487 7302 7576 7456 6964 7071 7328 7543 7761 7999 8068 8057 8189 8462 8704 8747 8851 9104 9285 9007 8728 8579 8490 8328 8230 8110 8055 7888 7624 7376 7100 6914 6829 6756 6663 6604 6626 6554 6397 6271 6278 6010 5832 5709 5512 5528 5480 5674 5380 5398 5395 5364 5358 5414 5325 5383 5323 5230 4980 4928
2305 3232 5884 7297 7898 8010 7838 7741 7388 7244 7321 7250 7015 6362 6505 6992 7171 7480 7710 7845 7826 8018 8363 8571 8618 8782 8915 9184 8909 8691 8322 8199 8065 7943 7859 7808 7697 7528 7408 7310 7280 7165 6833 6718 6609 6448 6319 6386 6051 5968 5780 5714 5806 5662 5415 5399 5395 5401 5390 5402 5368 5348 5318 5327 5408 5327 5256 5065 4936
2292 2788 6170 7406 7901 7883 7778 7611 7335 6943 6820 6729 6412 5814 5866 6469 6744 7034 7434 7526 7563 7872 8212 8421 8496 8707 8796 9125 8926 8579 8165 8094 8002 7873 7763 7651 7439 7181 7068 7129 7200 7095 6946 6806 6621 6608 6567 6472 6362 6194 5910 5724 5635 5524 5586 5715 5389 5770 5399 5648 5402 5340 5353 5321 5304 5328 5280 5149 4945
2248 2621 5397 7271 7851 7794 7632 7351 7042 6835 5694 5786 5557 5127 5345 5856 6244 6541 7052 7303 7354 7675 8018 8240 8400 8640 8782 9084 8766 8549 8418 8362 8201 7980 7864 7778 7415 7034 6880 7187 7053 6792 6692 6502 6332 6337 6468 6412 6373 6293 6154 5859 5812 5762 5819 5609 5403 5391 5535 5656 5730 5348 5356 5350 5320 5386 5367 5188 4949
2113 2440 3261 6756 7673 7738 7498 7138 6715 6383 4863 4349 4407 4396 4557 5184 5615 5982 6474 6927 7099 7412 7633 8104 8380 8617 8789 9082 8879 8667 8480 8287 8039 7708 7572 7529 7359 7269 7223 7113 7075 6858 6810 6757 6829 6641 6465 6049 6156 6021 5900 5883 5861 6114 5794 5793 5470 5777 5365 5548 5530 5369 5390 5367 5335 5331 5293 5183 5266
1891 2122 2386 6254 7169 7400 7153 6838 6557 5608 4050 3707 3719 3809 3903 4331 4950 5375 6015 6407 6745 6908 7430 7905 8079 8484 8945 8976 8919 8674 8503 8279 7985 7724 7623 7509 7217 7119 7202 7509 7324 7142 6909 6963 6726 6704 6589 6468 6366 6199 5926 5844 5817 5858 6028 5840 5827 5797 5804 5447 5407 5352 5377 5367 5378 5344 5333 5154 4925
1776 2001 2268 2862 6514 6815 6750 6259 5649 4331 3745 3392 3283 3393 3372 3648 4100 4809 5530 6060 6549 6787 7229 7579 7892 8333 8704 8586 8488 8358 8188 7992 7720 7527 7542 7697 7558 7568 7530 7293 7185 6990 6843 6735 6658 6551 6414 6345 6321 6284 6234 5932 5858 5845 6239 6208 6161 6088 5829 5495 5750 5436 5677 5349 5369 5336 5289 5118 4926
1667 1884 2109 2493 3143 4453 5129 5712 4653 3352 3264 3088 3159 3122 2908 3199 3237 4381 5348 5882 6392 6824 7033 7345 7831 8187 8684 8518 8117 7919 7790 7822 7665 7524 7525 7499 7386 7323 7372 7353 7375 7178 6950 6798 6691 6588 6482 6360 6233 6063 5985 5869 5860 5850 6011 6163 6110 5825 5830 5716 5383 5389 5373 5373 5369 5341 5288 5241 4926
1572 1760 1943 2241 2468 3045 3663 4244 3656 3104 2941 2838 2785 2691 2716 2766 2962 3991 5166 5754 6243 6677 6985 7279 7705 8013 8388 8523 8020 7915 7729 7605 7456 7273 7193 7221 7320 7331 7302 7151 7084 7020 6817 6665 6564 6430 6374 6252 6258 6244 6138 6076 6205 5845 5965 6112 6114 5832 5815 5781 5414 5410 5361 5391 5396 5313 5258 5084 4957
1506 1643 1799 2076 2159 2537 3150 3087 2666 2823 2779 2475 2401 2382 2479 2622 3047 3898 4993 5645 6056 6390 6816 7207 7476 7704 8065 8377 8184 8083 7903 7885 7694 7340 7048 6832 6747 6883 7093 6931 6775 6878 6874 6589 6566 6431 6303 6173 6053 6066 6060 5834 5864 5816 5796 5820 5821 5811 5669 5420 5338 5367 5421 5185 5235 5260 5114 4954 4923
1515 1603 1716 1920 1993 2093 2094 2154 2165 2185 2103 2066 2149 2321 2332 2522 2921 3785 4734 5482 5883 6314 6690 7062 7249 7523 7847 8010 8264 8494 8532 8182 7657 7245 6938 6704 6426 6380 6638 6651 6260 6092 6319 6453 6342 6385 6214 6255 6122 5950 6030 5906 5907 5815 5786 5774 5839 5794 5617 5464 5331 5323 5393 5142 5030 4949 4911 4879 4895
1542 1640 1715 1786 1825 1839 1865 1969 1940 1762 1738 1769 2034 2256 2344 2633 2866 3696 4607 5237 5740 6148 6480 6870 7040 7326 7571 7818 8236 8603 8396 7933 7430 7081 6815 6527 6096 5766 5702 5894 5816 2828 4617 6381 6231 6264 6079 6050 6081 5873 5848 5805 5813 5743 5616 5450 5778 5665 5433 5388 5355 5309 5358 5270 4847 4838 4812 4869 4800
1504 1577 1617 1645 1673 1638 1646 1638 1723 1676 1692 1768 1945 2224 2315 2588 2784 3543 4401 5024 5538 5989 6278 6676 6919 7146 7315 7709 8208 8192 7985 7675 7256 6924 6711 6366 5931 5293 1323 1430 1541 1792 5998 6276 6302 6060 6142 5885 5853 5744 5824 5798 5811 5795 5758 5610 5539 5630 5446 5368 5340 5281 5369 5290 4808 4758 4707 4677 4651
1462 1514 1531 1536 1560 1530 1562 1519 1569 1483 1471 1652 1902 2163 2292 2566 2781 3117 4176 4827 5264 5847 6080 6367 6605 6890 7159 7527 8014 7948 7728 7475 7151 6917 6764 6375 6026 5418 1166 1028 1719 2919 6122 6124 6216 5928 6034 5952 5851 5678 5738 5540 5774 5513 5595 5774 5386 5478 5395 5372 5347 5203 5351 5281 4932 4688 4707 4402 4460
1420 1470 1470 1463 1468 1441 1501 1459 1455 1467 1510 1441 1813 2128 2247 2547 2679 3283 4074 4694 5173 5646 5890 6158 6439 6735 6983 7370 7758 7749 7589 7336 7160 7038 6873 6525 6137 5784 864 1017 1533 6007 6317 6017 6009 5967 5907 5849 5809 5603 5703 5466 5761 5631 5739 5768 5581 5373 5472 5362 5325 5094 5336 5282 4824 4614 4452 4240 4217
1373 1408 1409 1395 1384 1353 1336 1441 1455 1524 1378 1418 1756 2098 2229 2508 2634 3007 3645 4444 5070 5384 5609 5941 6290 6574 6825 7298 7625 7583 7551 7345 7260 7013 6841 6388 6057 5901 5638 1216 1826 6075 6097 5941 5877 5886 5873 5809 5548 5573 5388 5502 5476 5721 5745 5618 5676 5369 5370 5356 5326 4866 5066 5363 4804 4758 4351 4143 4170
1326 1340 1355 1348 1338 1297 1268 1445 1523 1395 1332 1422 1694 1992 2189 2255 2579 2861 3404 3926 4768 4988 5343 5832 6066 6179 6498 7094 7546 7614 7610 7426 7253 7005 6810 6570 6435 6540 6249 5995 6096 6440 6298 6130 5996 5961 5903 5858 5776 5521 5465 5370 5394 5394 5554 5391 5389 5384 5370 5340 5325 4885 5101 5120 4771 4717 4212 4028 3992
1280 1286 1299 1307 1312 1276 1247 1263 1312 1331 1195 1286 1342 1586 1754 2136 2431 2641 3184 2399 3636 3721 4460 5575 4206 5834 6310 6823 7076 7524 7529 7330 7131 6940 6705 6500 6455 6321 6190 6198 6438 6434 5970 5886 5822 5838 5761 5739 5622 5473 5425 5371 5440 5388 5661 5372 5337 5346 5349 5300 5295 5176 4870 4920 4611 4692 4284 4064 4002
1231 1255 1268 1285 1289 1281 1254 1219 1198 1137 1014 1197 1219 1324 1669 2008 2343 2622 2899 2197 2108 2021 3355 4297 5553 3482 6029 6408 6684 7282 7369 7250 7049 6923 6709 6576 6499 6480 6422 6383 6351 6113 6254 6105 6046 5980 5855 5771 5560 5370 5359 5334 5343 5325 5391 5660 5381 5303 5260 5234 5188 5069 4803 4803 4747 4640 4402 4185 4106
1196 1241 1251 1292 1121 1106 1152 1127 1018 996 917 994 1179 1210 1440 1894 1564 1703 1754 2000 1999 2259 2031 3190 5177 6002 6149 6411 6688 7274 7424 7255 7131 7016 6928 6834 6763 6657 6563 6508 6394 6255 6147 5954 5870 5736 5649 5550 5440 5306 5296 5321 5331 5290 5363 5352 5370 5130 5114 4953 4908 4920 4681 4657 4597 4471 4361 3977 3951
1169 1225 1262 1213 1164 1153 1182 1140 994 872 905 1189 1205 1226 1553 1742 2053 1835 1945 2167 3053 3690 4054 4359 5810 6418 6443 6583 6896 7142 7659 7553 7231 7204 7179 6983 6852 6783 6594 6295 6102 6120 6124 5901 5786 5856 5859 5765 5590 5434 5396 5279 5339 5299 5284 5359 5370 5050 4852 4827 4778 5196 4584 4496 4517 4444 4051 3895 3834
1163 1221 1298 1184 1240 1187 1239 1185 1029 871 1014 1518 1510 1556 1620 1857 2209 2050 2625 3063 3792 4594 5472 6001 6439 6760 6707 6857 7029 7039 7241 7622 7460 7327 7287 7176 7229 7016 6716 6413 6418 6361 6254 6017 6051 5994 5654 5499 5435 5421 5388 5245 5307 5218 5274 5287 5295 5336 4752 4621 4447 4836 4538 4188 4274 4038 3902 3827 3793
1170 1253 1305 1312 1248 1211 1186 1122 1092 1056 2733 3767 2465 2109 1921 2092 2056 2050 2817 3525 4507 5441 6176 6636 6860 7020 7052 7139 7283 7246 7203 7518 7374 7439 7314 7270 7090 6756 6580 6456 6379 6190 6075 5923 5880 5831 5695 5545 5403 5384 5372 5361 5241 4906 5057 5286 5235 5317 4837 4579 4266 4234 4438 4243 4132 3878 3810 3780 3778
1191 1306 1345 1415 1327 1306 1289 1398 1690 4457 4926 4716 3888 2635 2310 2492 2032 2705 3202 4038 5242 6062 6583 6899 7136 7224 7301 7270 7460 7434 7440 7565 7401 7484 7364 7238 6845 6760 6720 6635 6482 6281 6149 6074 5988 5882 5723 5550 5258 5184 5106 5184 5206 4807 4848 4859 5058 4945 4925 4890 4182 4140 4244 4126 3713 3768 3757 3757 3780
1234 1368 1411 1523 1413 1562 1605 1799 3955 5505 5692 5502 4749 3525 2899 3018 2894 3195 4050 4933 5882 6532 6931 7259 7344 7490 7510 7438 7549 7545 7546 7451 7497 7519 7293 7180 6919 6924 6819 6597 6320 6151 6043 5991 5800 5871 5757 5627 5492 5382 5029 5033 5192 4792 4844 4769 4692 4611 4552 4507 4394 4137 4047 3743 3625 3620 3697 3711 3765
1277 1368 1494 1619 1494 1658 1787 2552 4738 5849 5844 5505 5195 3999 3859 4254 3660 4005 4942 5850 6479 6920 7277 7413 7468 7666 7673 7588 7604 7690 7551 7540 7601 7505 7301 7234 7257 6969 6859 6689 6522 6347 6148 5950 5817 5788 5666 5620 5540 5451 5312 5108 4932 4665 4655 4627 4627 4597 4535 4340 4276 4052 3662 3714 3430 3524 3538 3675 3720
1323 1406 1570 1717 1778 1836 2569 4165 5419 6175 5959 5808 5386 4755 4977 5585 5364 5277 5923 6472 6884 7209 7455 7663 7590 7838 7746 7668 7659 7642 7647 7624 7668 7381 7358 7351 7230 6896 6786 6593 6299 6062 5871 5714 5622 5708 5764 5666 5579 5490 5421 5333 5002 4730 4683 4628 4587 4552 4652 4187 4153 3948 3622 3572 3480 3543 3507 3509 3520
1333 1476 1619 1779 1839 1888 2519 4440 5693 5929 5858 5814 6157 5314 5312 5938 6020 6245 6547 6826 7152 7406 7596 7711 7932 7936 7839 7736 7716 7672 7707 7651 7714 7394 7493 7341 7186 6875 6773 6617 6399 6149 5958 5762 5587 5427 5380 5574 5555 5512 5412 5353 5338 5003 4690 4907 4653 4589 4528 3991 3843 3730 3471 3696 3579 3402 3434 3369 3452
1379 1537 1675 1806 1970 2059 3672 4919 5680 5841 5916 5994 6205 5848 5865 6174 6279 6533 6800 7066 7354 7575 7704 7900 8001 7972 7899 7806 7752 7734 7732 7709 7711 7557 7396 7339 7181 6923 6765 6612 6384 6145 5945 5783 5646 5546 5618 5558 5426 5359 5346 5247 5063 4919 4765 4635 4540 4237 4156 3943 3880 3565 3480 3536 3485 3455 3362 3372 3452
1481 1605 1709 1915 2049 3027 4762 5305 5785 5798 5922 5984 6066 6087 6152 6361 6422 6641 6942 7235 7507 7719 7919 8040 8066 8025 7950 7855 7794 7762 7755 7739 7715 7598 7391 7330 7171 6916 6709 6583 6354 6118 5939 5763 5616 5495 5429 5437 5452 5402 5370 5173 4948 4743 4615 4528 4300 4148 4013 3802 3740 3506 3445 3421 3412 3368 3386 3432 3514
1593 1716 1788 2037 2804 4134 5210 5605 5769 5785 5883 5943 6043 6174 6343 6457 6522 6764 7057 7268 7656 7862 8046 8123 8120 8070 7994 7904 7840 7795 7779 7756 7721 7593 7388 7279 7109 6896 6727 6565 6332 6118 5928 5733 5574 5437 5379 5360 5469 5429 5442 5067 4800 4659 4428 4371 4176 4131 3950 3870 3724 3564 3420 3346 3345 3367 3419 3532 3561
1711 1866 2033 2399 3934 5145 5554 5711 5805 5787 5843 5921 6019 6179 6335 6429 6611 6850 7168 7456 7771 7998 8079 8152 8135 8098 8031 7952 7886 7828 7795 7760 7709 7571 7384 7274 7112 6905 6741 6577 6329 6120 5922 5717 5541 5383 5320 5313 5448 5408 5385 4861 4661 4607 4455 4267 4179 4138 3976 3815 3715 3510 3441 3401 3358 3387 3459 3530 3607
