---
Height of Critical Updraft Strength (Hcrit) [ft] Valid 1300 PST ~Z75~(2100Z)~Z~ MON 22 May 2017 ~Z75~[21hrFcst@1255z]~Z~
Model= RASP Region= PANOCHE Grid= w2 Reskm= 1.3 Indexs= 1 69 1 63 Proj= lambert 1333 1333 40.0000 40.0000 -73.0000 36.8890 -121.0672
Day= 2017 5 22 MON ValidLST= 1300 PST ValidZ= 2100 Fcst= 21.0 Init= 12 Param= hwcrit Unit= ft Mult= 1 Min= 138 Max= 8710
5692 5438 5264 5262 5305 5406 5541 5681 5859 6028 6170 6315 6595 6708 6842 6985 7104 7236 7368 7526 7706 7885 8089 8309 8590 8688 8639 8498 8407 8289 8213 8058 7877 7721 7546 7381 7257 7161 6986 6973 6617 6586 6411 6207 5929 5577 5283 5062 4978 4983 4899 4929 4698 4656 4803 4666 4746 4706 4615 4320 4515 4329 4459 4528 4531 4717 4714 4332 4325
5429 5135 5136 5241 5334 5476 5660 5835 5996 6146 6282 6559 6686 6781 6908 7035 7129 7238 7354 7507 7697 7920 8118 8312 8538 8619 8577 8405 8298 8173 8104 7941 7770 7546 7372 7153 7057 6937 6949 6929 6801 6651 6484 6300 6060 5675 5532 5107 5042 4908 4821 4738 4839 4705 4641 4663 4672 4487 4366 4352 4394 4348 4443 4506 4505 4558 4506 4595 4392
5515 5543 5321 5221 5339 5526 5754 5952 6064 6263 6399 6501 6765 6840 6942 7043 7146 7265 7383 7548 7745 7977 8162 8324 8455 8519 8475 8333 8335 8187 7880 7801 7644 7419 7263 7081 7052 7005 6885 6970 6886 6734 6576 6387 6146 5808 5513 5198 4868 4882 4791 4902 4837 4638 4628 4764 4738 4667 4445 4587 4367 4354 4413 4628 4507 4505 4519 4267 4200
5240 5371 4964 5352 5345 5576 5837 5999 6155 6310 6511 6619 6866 6918 6998 7064 7164 7314 7482 7670 7877 8110 8277 8357 8359 8347 8274 8186 8185 7976 7698 7618 7383 7212 7090 7051 7040 6940 6928 7049 6993 6839 6681 6488 6257 5971 5680 5329 4917 4909 4794 4911 4840 4794 4575 4540 4682 4439 4614 4458 4453 4393 4304 4413 4468 4429 4275 4221 4320
5050 4782 4748 5104 5319 5542 5822 6011 6186 6374 6533 6912 6973 6988 7031 7081 7205 7376 7578 7772 7974 8198 8406 8394 8286 8218 8124 8022 8025 7781 7657 7510 7271 7127 7033 7028 7027 6945 7113 7121 7050 6888 6741 6555 6343 6059 5714 5343 4930 5205 4975 4674 4570 4623 4624 4537 4634 4268 4389 4257 4462 4253 4198 4535 4325 4440 4361 4326 4268
4622 4824 4836 5041 5247 5459 5752 5960 6167 6372 6558 6745 6998 7035 7106 7181 7259 7405 7620 7854 8064 8346 8495 8393 8298 8169 8050 7894 7749 7615 7517 7435 7273 7126 7037 6963 6977 7033 7199 7153 7077 6948 6794 6613 6371 6054 5733 5272 5209 4812 4867 4937 4551 4569 4375 4467 4527 4269 4242 4432 4468 4353 4210 4229 4261 4335 4308 4261 3880
4492 4587 4779 5006 5231 5256 5662 5940 6095 6277 6473 6580 6894 6961 7066 7203 7327 7482 7595 7798 8021 8418 8572 8439 8341 8163 7985 7714 7542 7445 7315 7162 7149 7093 7063 7065 7119 7232 7199 7147 7098 6976 6802 6615 6417 6164 5820 5480 4839 4703 4882 4761 4746 4564 4335 4258 4756 4441 4239 4312 4310 4236 4437 4253 4217 4299 4010 3932 3943
4011 4458 4705 4997 5291 5258 5675 5901 6309 6455 6259 6504 6828 6913 6996 7125 7242 7421 7590 7770 8022 8315 8612 8528 8382 8197 7965 7646 7458 7270 7138 7027 6953 6964 7053 7111 7182 7267 7241 7138 7114 7007 6825 6611 6401 6136 5769 5466 4971 4660 4874 4923 4795 4572 4871 4291 4243 4420 4633 4659 4293 4536 4265 4373 4159 4058 3862 3808 3709
3692 4265 4586 4935 5257 5515 5721 5930 6096 6185 6523 6448 6794 6938 7006 7107 7220 7351 7510 7701 7961 8219 8585 8593 8457 8235 7868 7573 7363 7244 7185 7097 7000 6925 6873 6912 7046 7182 7114 7090 6995 6916 6744 6549 6391 6199 5944 5633 5327 4794 4859 4973 4587 4460 4512 4489 4301 4322 4753 4189 4182 4405 4200 4206 4190 4038 3841 3789 3871
3408 3892 4366 4817 5180 5552 5790 5986 6179 6281 6763 6678 6807 6955 7033 7136 7276 7349 7519 7711 7924 8163 8462 8606 8488 8121 7811 7520 7408 7398 7379 7225 7125 7006 6873 6805 6724 6821 6861 6920 6956 6898 6751 6659 6481 6149 5837 5692 5464 4945 5182 5066 4929 4553 4463 4350 4249 4292 4485 4251 4185 4159 4091 4192 4326 4055 3839 3935 3869
3023 3615 4175 4702 5157 5534 5828 6045 6265 6390 6808 6713 6827 6938 7041 7105 7148 7206 7369 7624 7881 8176 8535 8580 8236 7901 7503 7562 7520 7485 7444 7259 7244 7304 7111 6844 6723 6537 6455 6563 6693 6698 6592 6430 6280 6049 5706 5341 4791 4820 4720 4645 4558 4506 4762 4490 4645 4179 4718 4431 4878 4120 1550 4175 4310 4061 4064 3935 3696
2580 3317 3990 4594 5111 5507 5856 6104 6300 6454 6555 6860 7001 7048 7111 7094 7209 7356 7534 7746 7962 8137 8710 8687 8106 7772 7628 7635 7563 7553 7464 7393 7549 7627 7265 6948 6781 6767 6642 6491 6472 6523 6437 6327 6161 5972 5828 5574 5046 4930 5140 5116 4632 4879 4325 4370 4480 4288 4223 4544 4908 4491 4182 4157 4274 4283 3834 3790 3693
2261 2976 3729 4449 5020 5478 5835 6141 6347 6532 6675 6828 7171 7166 7082 7045 7327 7739 7974 8036 8077 8065 8624 8639 8012 7684 7585 7618 7559 7642 7621 7614 7703 7494 7135 6738 6627 6554 6596 6560 6382 6356 6229 6080 5898 5732 5645 5031 4865 4753 4972 4804 4525 4511 4414 4313 4816 4659 4391 4221 4494 4614 4184 4154 4091 4033 3818 3776 3663
2018 2686 3455 4272 4914 5422 5819 6198 6464 6632 6784 6875 7187 7329 7122 7025 7335 7772 8162 8272 8007 7951 8346 8354 7898 7671 7594 7629 7639 7764 7826 7841 7676 7274 6957 6829 6652 6432 6339 6426 6281 6219 6216 6056 5872 5690 5460 5297 5158 5051 5088 4886 4487 4405 4630 4234 4590 4552 4705 4190 4201 4614 4355 4294 4017 3982 3831 3753 3540
1900 2455 3215 4089 4827 5380 5858 6233 6512 6716 6835 6931 7008 7184 7193 7085 7325 7783 8089 7902 7873 7938 8070 7838 7656 7611 7651 7761 7834 7905 7968 7768 7607 7414 7156 6837 6530 6338 6236 6125 6136 6042 5839 5687 5647 5396 5295 5313 5075 5117 4780 4973 4543 4538 4240 4216 4569 4477 4472 4281 4157 4201 4169 4291 4000 3877 3932 3731 3522
1867 2249 2989 3897 4744 5390 5910 6301 6545 6776 6937 6994 7227 7153 7205 7293 7379 7880 7906 7685 7708 7687 7642 7605 7635 7689 7699 7871 7958 8052 7865 7642 7678 7581 7302 7003 6853 6567 6378 6242 6155 6023 5907 5764 5753 5596 5467 5360 5227 5071 4664 4858 4524 4449 4249 4187 4198 4119 4704 4183 4152 4520 4389 4278 4054 3842 3919 3861 3518
1678 2177 2776 3699 4598 5351 5959 6387 6646 6852 7008 7112 7280 7188 6935 7265 7637 7755 7508 7501 7578 7389 7456 7466 7773 7849 7793 7936 8025 8015 7763 7665 7779 7600 7251 7015 6844 6472 6117 6172 6094 6000 5878 5728 5689 5573 5459 5357 5232 5048 4631 4553 4509 4698 4559 4166 4510 4263 4134 4188 4187 4179 4268 4229 4002 3807 3696 3593 3501
1658 1993 2611 3528 4467 5287 5995 6460 6762 6986 7166 7249 7486 7213 7000 7147 7441 7462 7468 7416 7586 7653 7771 7582 7841 8180 8096 7972 8058 7921 7750 7787 7796 7494 7192 6981 6777 6571 6386 6177 6156 6046 5853 5498 5335 5319 5189 5107 5029 4903 4664 4662 4500 4407 4326 4151 4356 4240 4102 4187 4273 4266 4293 4173 3872 3786 3674 3562 3495
1653 1981 2479 3388 4336 5224 6031 6596 6893 7071 7330 7558 7278 7108 6933 7089 7340 7464 7284 7330 7489 7721 7770 7791 7880 8086 8089 8104 8083 7832 7766 7857 7757 7478 7192 6933 6690 6680 6682 6189 6081 5828 5675 5521 5373 5338 5216 5112 5010 4888 4992 4863 4812 4378 4207 4178 4111 4076 4109 4246 4026 3976 4079 3883 3791 3702 3637 3504 3746
1598 1948 2335 3227 4295 5171 6031 6607 7023 7307 7577 7461 7059 6977 6885 7053 7279 7270 7136 7294 7426 7597 7635 7719 7749 7875 7938 8029 8052 7833 7854 7860 7671 7309 7025 6858 6689 6934 7001 6568 6282 5986 5805 5581 5471 5343 5279 5158 5147 4825 4774 4519 4756 4423 4220 4148 4128 4376 4016 3926 3952 3875 3751 3675 3704 3673 3591 3421 3382
1468 1813 2290 3122 4330 5218 6109 6629 7013 7501 7566 7231 6888 6674 6853 7022 7189 7134 7063 7157 7187 7391 7479 7629 7701 7820 7858 7822 8066 7912 7890 7807 7496 7245 7021 7027 6998 7116 6929 6539 6231 5918 5831 5622 5435 5331 5236 5095 4991 4974 4579 4826 4455 4348 4259 4206 4108 4089 4251 3797 3740 3742 3996 3666 3694 3650 3537 3539 3369
1460 1807 2125 2932 4351 5379 6185 6664 7058 7336 7256 6989 6617 6655 6800 6940 7054 6950 6922 7029 7024 7159 7258 7440 7558 7704 7701 7714 7929 7993 7867 7751 7495 7258 7205 7162 7000 6795 6547 6300 6178 6031 5857 5631 5431 5313 5193 4959 4695 4663 4805 4649 4521 4158 4129 4144 4123 4095 4202 3842 3732 3739 3934 3685 3819 3632 3728 3394 3370
1477 1818 2129 2872 4335 5489 6224 6591 6995 7149 6994 6750 6667 6397 6751 6842 6856 6773 6812 6979 7095 7095 7280 7360 7402 7589 7564 7630 7772 7769 7729 7579 7265 7119 7142 7122 6886 6498 6247 6128 5918 5819 5688 5598 5403 5301 5236 5040 4722 4619 4588 4658 4404 4344 4137 4108 4251 4095 4016 3781 3707 3709 3945 3806 3583 3581 3415 3387 3371
1539 1841 2159 2853 4392 5660 6242 6596 7000 6998 6836 6602 6315 6293 6675 6717 6691 6633 6752 7021 7048 7125 7256 7266 7307 7562 7689 7438 7388 7529 7609 7419 7232 7172 7198 7124 6900 6539 6310 6145 5926 5624 5447 5407 5387 5187 5126 4943 4764 4603 4568 4699 4141 4226 4133 4115 4230 4084 4119 4085 3703 3701 3849 3669 3546 3518 3402 3382 3370
1501 1863 2201 2878 4663 5794 6266 6663 7051 6901 6724 6495 6223 6348 6571 6608 6561 6563 6767 7052 7015 7085 7185 7173 7214 7495 7761 7591 7416 7374 7362 7146 7092 7038 6961 6712 6468 6300 6106 5956 5818 5845 5567 5653 5600 5484 5240 5016 4797 4603 4381 4782 4273 4112 4107 4071 4091 3945 3994 4092 3806 3701 3687 3681 3500 3450 3391 3372 3362
1534 1895 2257 3128 5105 5857 6234 6698 6946 6706 6431 6357 6138 6251 6258 6486 6445 6498 6766 7022 6984 7048 7091 7074 7111 7318 7567 7557 7434 7248 7103 6977 6941 6904 6767 6483 6274 6143 5978 5826 5809 5636 5467 5221 5238 5230 5118 4896 4715 4503 4507 4192 4147 4429 4421 4024 4083 4114 3959 4052 3885 3686 3670 3700 3626 3444 3389 3368 3353
1563 1951 2331 3518 5398 5899 6289 6652 6705 6491 6176 6253 6496 6181 6361 6356 6331 6430 6714 6950 6915 6970 6981 6979 7073 7239 7362 7484 7445 7288 7102 6849 6794 6758 6672 6444 6220 6068 5920 5777 5782 5641 5221 5117 5067 5042 5003 4834 4667 4442 4171 4144 4078 4004 4078 4234 3944 4082 3823 3749 3773 3769 3821 3627 3679 3508 3395 3368 3376
1584 2020 2449 4092 5605 5933 6318 6593 6521 6322 6167 6188 6411 6311 6042 6242 6291 6321 6612 6785 6674 6735 6871 7019 7055 7277 7457 7460 7453 7253 7053 6783 6685 6682 6602 6391 6153 5876 5753 5497 5453 5355 5144 5051 4938 4863 4743 4636 4626 4606 4124 4046 4077 3920 3899 4046 3855 4055 4044 3762 3751 4102 3675 3591 3705 3597 3702 3376 3353
1627 2100 2918 4811 5669 5922 6370 6592 6388 6174 6061 6326 6252 6113 6122 6121 6163 6195 6474 6577 6563 6654 6771 6961 6981 7235 7548 7415 7332 7119 6887 6719 6524 6535 6513 6382 6144 5844 5643 5615 5518 5520 5087 4972 4811 4701 4621 4546 4554 4562 4130 4019 3927 3918 3879 4015 3918 3801 4000 3823 3761 3764 3712 3549 3703 3631 3421 3384 3359
1702 2210 3498 5391 5803 6146 6580 6509 6326 6021 5841 6106 6020 5837 5861 5939 5946 6087 6325 6402 6431 6540 6675 6892 6896 7055 7320 7356 7219 7013 6778 6550 6399 6347 6320 6239 6016 5730 5560 5575 5507 5385 5139 4933 4898 4780 4708 4614 4470 4492 4307 3976 3952 3981 3944 4168 4035 3771 3818 3759 3748 3770 3846 3631 3713 3657 3515 3393 3365
1797 2516 4241 5690 5887 6226 6206 6070 6050 5819 5676 5929 5819 5522 5588 5732 5867 5991 6171 6238 6269 6436 6677 6859 6917 6953 7183 7315 7303 7050 6669 6571 6388 6325 6218 6168 6000 5787 5443 5257 5431 5084 4943 4993 4966 5092 4901 4798 4625 4453 4244 3919 3759 3788 4007 4161 4174 3759 3754 3749 3735 3696 3713 3651 3713 3667 3567 3400 3370
1843 2598 4386 5703 6083 6196 5989 6075 5647 5631 5300 5747 5615 5128 5217 5436 5644 5815 6018 6064 6086 6282 6601 6817 6707 6736 7098 7308 7239 6886 6699 6557 6344 6233 6164 6181 6042 5749 5549 5262 5065 4988 4928 4837 4775 4871 4805 4583 4462 4533 4313 4052 3950 3796 3852 3810 3958 3729 3744 3751 3729 3684 3912 3666 3711 3670 3599 3409 3371
1785 2518 4545 5673 6147 6212 6087 6034 5562 5465 5592 5511 5268 4653 4758 5172 5308 5598 5785 5881 5902 6148 6530 6668 6663 6837 6928 7225 7071 6950 6493 6271 6120 5989 5943 5969 5871 5640 5484 5395 5422 5342 5013 4900 4785 4591 4477 4650 4307 4283 4018 3961 4067 3956 3724 3706 3704 3700 3739 3753 3734 3676 3656 3666 3912 3672 3620 3475 3378
1777 2202 4767 5801 6188 6121 6094 5946 5646 5243 5187 5081 4776 4210 4241 4751 4977 5244 5582 5612 5690 6044 6414 6543 6574 6777 6802 7154 7152 6829 6330 6197 6102 5949 5870 5817 5619 5302 5160 5212 5345 5204 5111 4982 4745 4764 4723 4661 4605 4459 4229 3964 3894 3808 3852 4066 3694 4108 3747 3944 3832 3670 3680 3660 3652 3672 3639 3541 3387
1750 2083 4217 5698 6095 6045 5968 5663 5371 5241 4169 4303 4083 3662 3851 4273 4581 4836 5256 5446 5512 5883 6267 6437 6556 6752 6846 7120 6926 6772 6534 6469 6341 6079 5951 5908 5581 5154 4972 5318 5160 4957 4887 4711 4543 4533 4708 4649 4608 4535 4418 4067 4033 3993 4148 3870 3710 3700 3858 3953 4089 3677 3680 3683 3664 3897 3887 3575 3394
1646 1974 2596 5163 6004 6042 5799 5466 5065 4845 3503 3075 3133 3087 3234 3745 4077 4381 4763 5141 5298 5655 5913 6395 6621 6731 6869 7123 7109 6894 6668 6503 6268 5876 5697 5680 5504 5300 5276 5220 5247 5014 4970 4901 5017 4859 4708 4251 4424 4318 4220 4205 4064 4453 4018 4013 3762 4115 3684 3872 3868 3697 3708 3700 3677 3680 3655 3576 3844
1474 1700 1793 4946 5604 5771 5423 5228 5044 4229 2865 2554 2580 2648 2727 3075 3566 3889 4420 4733 5021 5194 5765 6250 6403 6691 6984 7073 7139 6948 6752 6506 6180 5839 5688 5609 5349 5199 5236 5586 5426 5297 5063 5152 4909 4924 4814 4694 4591 4456 4238 4053 4030 4057 4309 4046 4085 4018 4146 3798 3772 3686 3706 3705 3714 3718 3770 3558 3386
1373 1591 1875 2352 5088 5299 5171 4751 4319 3226 2691 2370 2228 2321 2317 2536 2890 3428 3999 4434 4881 5098 5565 5946 6249 6637 6908 6826 6781 6636 6416 6198 5910 5656 5603 5721 5602 5637 5593 5388 5383 5229 5050 4972 4894 4799 4669 4594 4555 4521 4474 4157 4056 4169 4531 4509 4473 4418 4221 3795 4116 3774 4116 3714 3715 3694 3662 3534 3391
1272 1480 1689 2026 2504 3433 3892 4370 3492 2359 2300 2096 2118 2088 1888 2181 2146 3100 3859 4300 4740 5153 5321 5697 6208 6561 6955 6779 6385 6120 5941 5946 5800 5627 5597 5577 5464 5380 5439 5443 5522 5390 5181 5022 4916 4813 4706 4592 4487 4343 4280 4115 4102 4167 4301 4519 4436 4213 4221 4087 3715 3726 3766 3732 3716 3738 3686 3711 3396
1179 1358 1524 1795 1966 2356 2740 3181 2666 2178 2020 1895 1832 1696 1720 1783 1923 2777 3692 4169 4582 5006 5320 5600 6044 6347 6695 6753 6251 6070 5897 5797 5665 5469 5366 5369 5425 5406 5418 5328 5289 5271 5084 4914 4801 4674 4609 4464 4453 4480 4393 4393 4498 4167 4266 4432 4441 4220 4213 4188 3785 3790 3705 3934 3917 3684 3668 3518 3500
1111 1241 1384 1626 1687 1981 2365 2254 1807 1982 1930 1650 1552 1468 1540 1669 2054 2688 3540 4064 4413 4718 5158 5520 5761 5999 6366 6662 6399 6331 6216 6191 5983 5590 5248 5030 4956 5045 5289 5198 5070 5128 5120 4800 4786 4654 4539 4434 4335 4341 4331 4153 4181 4143 4133 4204 4160 4206 3979 3787 3680 3709 3870 3576 3621 3647 3540 3443 3406
1088 1178 1294 1460 1555 1601 1489 1465 1377 1400 1326 1311 1364 1483 1429 1589 1950 2592 3327 3923 4261 4694 5021 5346 5569 5859 6169 6252 6471 6715 6795 6505 6000 5527 5163 4924 4674 4642 4943 4979 4624 4486 4605 4659 4545 4568 4427 4489 4377 4238 4302 4205 4210 4188 4120 4118 4220 4193 3937 3819 3671 3671 3849 3544 3409 3354 3387 3369 3429
1089 1183 1295 1351 1378 1361 1307 1366 1296 1086 1052 1085 1281 1437 1495 1730 1900 2514 3215 3718 4133 4528 4789 5121 5292 5590 5819 6023 6387 6684 6592 6249 5753 5340 5062 4818 4424 4111 4172 4325 4218 467 1467 4560 4438 4489 4311 4325 4343 4177 4157 4125 4135 4006 3868 3744 4173 3970 3794 3764 3741 3658 3704 3705 3272 3271 3313 3479 3358
1045 1112 1190 1207 1223 1153 1061 1053 1079 1028 1057 1119 1246 1413 1468 1690 1832 2405 3048 3541 3984 4381 4591 4930 5168 5400 5561 5894 6289 6280 6144 5937 5539 5170 4981 4701 4283 3728 429 406 363 326 4241 4485 4509 4287 4390 4185 4156 3958 4137 4118 4132 4172 4019 3909 3860 3938 3803 3750 3734 3641 3774 3726 3244 3213 3235 3258 3246
1000 1045 1102 1095 1106 1042 1025 950 987 929 931 1047 1206 1359 1472 1668 1824 2000 2850 3383 3731 4263 4389 4653 4905 5189 5427 5723 6153 6041 5867 5680 5376 5138 5039 4710 4343 3793 334 310 302 294 4316 4326 4431 4172 4294 4229 4150 3903 4068 3804 4100 3899 3853 4109 3739 3818 3762 3795 3782 3581 3763 3723 3461 3160 3348 2937 3099
959 1049 1044 1026 1018 962 975 919 913 939 988 898 1127 1346 1430 1647 1743 2198 2764 3275 3661 4066 4218 4494 4792 5075 5307 5588 5893 5833 5708 5502 5329 5225 5137 4849 4454 4188 329 310 328 4301 4491 4266 4243 4242 4194 4150 4119 3842 4034 3740 4091 3867 4075 4106 3930 3734 3862 3787 3725 3496 3751 3724 3369 3103 3079 2814 2803
913 988 985 963 943 889 847 920 928 1005 919 884 1075 1315 1408 1612 1675 1955 2438 3052 3569 3799 4025 4365 4684 4929 5198 5569 5777 5660 5651 5503 5438 5241 5110 4641 4300 4169 4010 336 415 4354 4395 4214 4134 4174 4164 4115 3796 3856 3671 3876 3865 4065 4083 4037 4002 3771 3739 3781 3728 3270 3428 3899 3353 3380 3001 2740 2874
866 875 934 938 903 845 804 934 1005 952 898 877 1023 1234 1377 1424 1663 1846 2268 2670 3323 3489 3865 4316 4489 4576 4943 5504 5739 5654 5689 5582 5472 5266 5062 4808 4634 4751 4491 4291 4411 4671 4596 4410 4266 4237 4189 4150 4087 3776 3773 3655 3675 3803 3813 3809 3784 3783 3781 3767 3728 3286 3567 3591 3329 3349 2786 2653 2630
853 822 877 904 889 851 816 816 870 903 764 757 718 889 1063 1337 1551 1680 2120 468 2485 2517 3173 4079 2272 4259 4745 5227 5318 5540 5588 5483 5357 5213 4960 4707 4624 4509 4397 4396 4612 4728 4349 4213 4134 4141 4079 4054 3965 3851 3816 3701 3831 3793 4017 3725 3702 3758 3767 3694 3704 3623 3389 3436 3115 3332 2914 2680 2638
772 836 851 871 838 854 825 799 772 705 572 719 683 756 999 1241 1483 1670 1940 693 600 413 2299 3051 3958 1542 4392 4685 4843 5298 5425 5390 5260 5180 4976 4802 4706 4700 4657 4600 4573 4404 4538 4386 4318 4265 4152 4084 3918 3657 3649 3630 3681 3672 3803 4070 3857 3724 3660 3647 3620 3540 3340 3347 3312 3294 3114 2883 2828
739 826 806 852 610 606 781 743 589 574 424 482 660 678 836 1157 138 251 607 951 842 521 453 2175 3724 4367 4420 4576 4808 5302 5494 5425 5339 5266 5195 5099 5011 4926 4833 4733 4613 4500 4458 4275 4186 4069 3995 3907 3820 3602 3594 3655 3664 3636 3776 3704 3849 3552 3546 3430 3405 3424 3249 3235 3197 3106 3085 2597 2630
713 783 822 809 681 674 818 708 488 485 409 663 673 685 915 991 1214 358 816 1136 2185 2590 2872 3163 4325 4765 4614 4736 4996 5200 5683 5658 5446 5439 5427 5286 5194 5129 4927 4604 4394 4421 4490 4262 4118 4168 4154 4064 3931 3811 3784 3581 3671 3642 3595 3777 3844 3491 3344 3333 3307 3754 3174 3114 3136 3145 2644 2538 2504
735 770 862 701 774 769 879 703 551 493 540 886 882 913 900 1097 1381 596 1884 2261 2758 3363 4075 4517 4850 5009 4878 5042 5112 5085 5295 5649 5570 5499 5495 5438 5513 5362 5079 4730 4664 4650 4620 4356 4332 4301 4018 3860 3806 3798 3777 3556 3721 3585 3633 3717 3662 3824 3269 3175 2951 3471 3138 2777 2948 2623 2533 2489 2476
743 811 882 914 882 877 862 808 655 611 1791 2618 1566 1313 1127 1303 636 894 2065 2611 3328 4092 4703 5024 5155 5234 5268 5306 5367 5325 5278 5527 5453 5546 5491 5487 5362 5097 4929 4784 4692 4536 4453 4280 4228 4192 4064 3917 3756 3771 3761 3755 3667 3302 3465 3718 3685 3807 3326 3141 2812 2795 3060 2918 2839 2504 2466 2456 2466
719 863 927 1050 1004 996 984 916 1131 3096 3383 3130 2533 1620 1419 1651 752 1926 2334 2980 3938 4583 4971 5211 5370 5428 5498 5391 5549 5519 5496 5581 5490 5592 5535 5464 5162 5080 5034 4949 4801 4600 4450 4422 4343 4249 4100 3938 3580 3512 3448 3506 3638 3221 3258 3316 3544 3512 3506 3488 2746 2721 2909 2827 2372 2424 2427 2439 2469
805 924 1026 1179 1105 1095 1183 1314 2807 3884 3853 3722 3179 2275 1856 2052 1996 2283 2998 3686 4438 4957 5286 5543 5607 5705 5629 5553 5634 5616 5598 5528 5594 5642 5498 5431 5239 5247 5155 4947 4688 4516 4397 4385 4154 4239 4125 4002 3874 3776 3387 3387 3624 3209 3292 3241 3149 3095 3109 3083 3004 2816 2754 2381 2304 2216 2382 2405 2459
833 943 1132 1269 1186 1177 1352 1847 3378 4131 4074 3630 3522 2546 2569 2989 2562 2884 3666 4392 4906 5273 5517 5629 5667 5800 5775 5690 5687 5739 5634 5629 5696 5649 5515 5480 5505 5289 5187 5020 4855 4684 4494 4303 4170 4177 4051 3995 3913 3831 3714 3554 3419 3108 3104 3088 3095 3081 3086 2952 2912 2749 2305 2356 2065 2144 2164 2439 2418
885 989 1209 1358 1410 1443 1924 2962 3830 4376 4168 3972 3673 3103 3407 4007 3840 3839 4420 4880 5232 5516 5726 5832 5774 5945 5849 5763 5738 5718 5731 5714 5766 5568 5565 5568 5476 5214 5112 4936 4679 4462 4257 4097 3992 4026 4124 4033 3946 3863 3801 3731 3475 3156 3124 3087 3104 3042 3286 2833 2815 2667 2273 2154 2096 2277 2256 2264 2161
909 1112 1230 1408 1457 1447 1852 3155 4085 4094 3993 3969 4379 3609 3656 4278 4337 4625 4910 5172 5460 5687 5848 5882 6048 6025 5930 5825 5791 5758 5788 5750 5810 5585 5669 5560 5435 5186 5090 4947 4751 4529 4348 4140 3968 3810 3742 3954 3920 3875 3793 3743 3778 3521 3129 3456 3220 3178 3187 2586 2480 2403 2063 2373 2292 2041 2194 2033 2101
952 1169 1306 1422 1544 1553 2621 3479 4051 4028 4042 4106 4413 4005 4074 4466 4544 4861 5126 5381 5642 5837 5893 6041 6107 6064 5985 5887 5828 5816 5816 5804 5816 5714 5592 5553 5422 5212 5075 4938 4737 4523 4317 4154 4006 3894 4010 3939 3730 3667 3738 3659 3517 3453 3338 3199 3131 2798 2744 2544 2600 2114 2062 2248 2215 2197 2011 2027 2091
1035 1222 1330 1488 1576 2208 3434 3732 4104 3985 4046 4094 4157 4186 4296 4621 4667 4913 5264 5543 5791 5971 6077 6162 6167 6114 6033 5933 5869 5840 5837 5830 5821 5741 5586 5541 5408 5200 4935 4914 4717 4508 4318 4144 3987 3852 3768 3747 3741 3694 3758 3604 3471 3311 3171 3110 2942 2729 2634 2436 2491 2212 2171 2156 2154 2004 2028 2066 2130
1180 1313 1360 1566 2099 2998 3747 3987 4000 3968 4014 4058 4135 4266 4532 4702 4755 5022 5321 5443 5984 6037 6181 6231 6212 6153 6076 5983 5916 5872 5859 5844 5823 5733 5578 5493 5352 5179 5037 4901 4702 4511 4313 4125 3958 3806 3726 3684 3750 3713 3815 3524 3357 3244 2920 2987 2742 2714 2582 2627 2473 2359 2149 1962 1970 2001 2051 2232 2158
1285 1435 1568 1819 2921 3801 3996 4002 4021 3969 3987 4045 4120 4274 4529 4687 4910 5153 5473 5694 6080 6259 6104 6251 6220 6177 6111 6032 5964 5907 5875 5846 5808 5707 5564 5478 5348 5181 5047 4911 4702 4518 4313 4117 3938 3766 3682 3648 3733 3696 3773 3368 3104 3164 2979 2804 2745 2719 2600 2482 2413 2223 2161 2134 1973 2011 2075 2128 2185
