---
Height of Critical Updraft Strength (Hcrit) [ft] Valid 1200 PST ~Z75~(2000Z)~Z~ MON 22 May 2017 ~Z75~[20hrFcst@1252z]~Z~
Model= RASP Region= PANOCHE Grid= w2 Reskm= 1.3 Indexs= 1 69 1 63 Proj= lambert 1333 1333 40.0000 40.0000 -73.0000 36.8890 -121.0672
Day= 2017 5 22 MON ValidLST= 1200 PST ValidZ= 2000 Fcst= 20.0 Init= 12 Param= hwcrit Unit= ft Mult= 1 Min= 138 Max= 8515
4268 4083 3964 3983 4078 4207 4372 4553 4770 4955 5141 5351 5716 5934 6194 6469 6635 6800 6940 7137 7349 7541 7750 7958 8171 8263 8218 8099 8026 7882 7745 7575 7403 7238 7048 6871 6717 6587 6319 6320 5848 5783 5580 5210 4855 4494 4266 4137 4124 4203 4109 4149 3955 3907 4060 3914 3960 3766 3688 3419 3565 3438 3562 3821 3821 3988 3972 3488 3448
4011 3760 3841 3994 4142 4321 4529 4729 4913 5057 5240 5594 5800 6003 6276 6519 6656 6803 6942 7131 7348 7583 7786 7967 8129 8211 8180 8071 7979 7828 7679 7489 7303 7076 6890 6646 6508 6306 6313 6308 6130 5929 5732 5406 5046 4598 4490 4182 4142 4100 4009 3903 4081 3956 3901 3930 3888 3579 3474 3438 3472 3470 3591 3813 3805 3851 3763 3775 3568
4079 4091 3968 3974 4169 4399 4674 4913 5042 5205 5376 5559 5916 6108 6375 6548 6679 6829 6980 7178 7405 7647 7829 7978 8093 8150 8110 7991 7979 7824 7486 7382 7199 6981 6813 6614 6547 6434 6294 6417 6289 6087 5890 5599 5217 4763 4492 4259 3991 4040 3942 4117 4077 3855 3875 4034 3985 3719 3544 3646 3462 3476 3539 3928 3825 3816 3785 3468 3330
3780 3820 3600 4074 4149 4450 4803 5029 5226 5381 5606 5767 6127 6313 6485 6590 6705 6877 7078 7289 7515 7750 7917 8033 8041 8035 7965 7868 7855 7630 7335 7239 6984 6802 6677 6634 6602 6456 6416 6561 6470 6273 6068 5797 5450 5115 4822 4432 4039 4052 3940 4140 4089 4036 3704 3633 3828 3550 3680 3560 3533 3489 3410 3522 3572 3538 3416 3337 3405
3603 3361 3431 3841 4141 4454 4854 5097 5326 5510 5715 6176 6326 6438 6577 6643 6737 6897 7120 7356 7608 7841 8016 8089 7996 7938 7861 7766 7767 7492 7337 7178 6928 6757 6666 6651 6642 6571 6719 6671 6595 6400 6230 5956 5673 5247 4940 4454 4082 4384 4205 3813 3739 3804 3748 3625 3728 3436 3486 3437 3501 3288 3237 3676 3421 3518 3471 3393 3282
3409 3564 3620 3902 4200 4482 4927 5158 5406 5607 5837 6050 6418 6553 6645 6716 6845 7029 7245 7477 7675 7988 8082 8033 8000 7879 7747 7611 7492 7359 7230 7081 6863 6705 6618 6549 6576 6622 6769 6694 6613 6428 6283 5990 5651 5247 4839 4287 4266 3908 4036 4134 3681 3711 3593 3604 3584 3424 3477 3572 3565 3441 3219 3254 3340 3373 3309 3238 2945
3400 3468 3678 3970 4255 4287 4880 5211 5434 5604 5810 5980 6450 6628 6710 6803 6949 7111 7297 7592 7963 8312 8152 8039 7854 7684 7552 7333 7177 7095 6983 6844 6810 6701 6717 6730 6738 6835 6815 6713 6697 6515 6380 6062 5779 5348 4993 4568 3966 3885 3993 3866 3892 3634 3565 3497 4042 3500 3447 3511 3508 3550 3519 3243 3249 3307 2968 2933 2893
3238 3549 3765 4064 4375 4353 4903 5187 5726 5867 5638 5960 6444 6630 6757 6927 7016 7125 7255 7544 7929 8356 8151 7988 7817 7677 7515 7243 7065 6880 6735 6613 6542 6557 6646 6728 6874 6905 6852 6663 6676 6447 6302 5974 5715 5330 5029 4636 4101 3899 4044 4108 3951 3628 4060 3480 3491 3593 3852 3778 3392 3684 3554 3437 3067 3012 2834 2707 2620
3252 3632 3862 4187 4502 4751 4996 5242 5469 5639 6040 5990 6448 6642 6767 6951 7061 7170 7238 7491 7810 8246 8182 8070 7901 7693 7397 7138 6946 6837 6762 6655 6537 6454 6392 6444 6627 6772 6719 6671 6563 6411 6258 5961 5740 5358 5046 4757 4453 3893 4038 4099 3637 3574 3590 3564 3475 3486 4047 3257 3314 3582 3256 3401 3146 3000 2817 2695 2751
3445 3688 3987 4346 4665 4933 5120 5352 5562 5726 6345 6309 6507 6684 6772 6972 7115 7228 7299 7525 7804 8193 8276 8139 7960 7627 7337 7059 6936 6928 6912 6769 6666 6535 6403 6346 6298 6419 6435 6468 6477 6419 6232 6166 5912 5302 4995 4844 4570 4065 4237 4158 4042 3590 3544 3482 3462 3470 3701 3389 3213 3209 3149 3326 3628 3040 2851 2878 2738
3419 3712 4069 4457 4804 5051 5241 5485 5695 5861 6419 6390 6548 6658 6781 6898 7011 7099 7212 7374 7667 7947 8276 8114 7747 7473 7057 7072 7004 6995 6934 6769 6753 6783 6563 6391 6262 6126 6097 6113 6229 6140 6025 5850 5612 5192 4840 4452 3864 3969 3782 3705 3627 3656 4008 3735 3961 3435 4023 3759 4065 3000 194 3228 3446 3052 3085 2902 2599
3243 3637 4051 4485 4889 5152 5400 5610 5802 5983 6142 6529 6704 6749 6817 6822 6890 7000 7223 7408 7632 7853 8338 8130 7683 7402 7184 7100 7067 7049 6987 6891 7026 7091 6727 6414 6246 6242 6146 5993 6026 5938 5814 5617 5426 5168 5045 4709 4156 4081 4183 4129 3613 3985 3427 3526 3678 3432 3404 3919 4260 3499 3289 3161 3331 3307 2879 2692 2595
3075 3450 3914 4436 4910 5228 5538 5746 5941 6133 6323 6492 6852 6921 6850 6891 7155 7440 7521 7552 7576 7845 8515 8151 7614 7404 7229 7123 7100 7160 7154 7171 7220 7016 6653 6267 6077 5933 5949 5932 5830 5760 5610 5304 5108 4801 4708 4001 4045 3923 4120 3995 3580 3581 3513 3492 4206 3968 3432 3466 3834 3682 3242 3127 3018 3010 2799 2670 2586
2882 3270 3768 4357 4858 5259 5625 5908 6115 6318 6471 6588 6967 7050 6910 6877 7146 7610 7926 7729 7399 7711 8264 7975 7459 7312 7226 7215 7219 7317 7421 7327 7098 6722 6424 6337 6086 5886 5724 5750 5527 5471 5446 5238 5050 4815 4538 4331 4167 4066 4080 3868 3485 3510 3953 3487 3762 3952 3971 3328 3471 3739 3386 3470 2955 2968 2817 2657 2526
2687 3083 3600 4224 4782 5236 5664 6037 6299 6451 6615 6674 6772 7005 6917 6803 7032 7482 7751 7585 7288 7523 7861 7566 7328 7292 7251 7394 7416 7518 7457 7192 7066 6896 6657 6328 6047 5783 5627 5425 5403 5276 4952 4837 4874 4533 4376 4426 4122 4147 3830 4015 3514 3568 3400 3476 3847 3707 3722 3293 3300 3344 3197 3347 2950 2895 2973 2646 2537
2311 2774 3366 4067 4667 5162 5652 6117 6424 6629 6708 6799 6976 6926 6958 6921 7096 7579 7562 7379 7097 7240 7385 7351 7344 7387 7309 7460 7623 7560 7267 7130 7198 7074 6783 6456 6212 5956 5727 5540 5373 5235 5106 4983 5040 4853 4708 4523 4244 4114 3668 4006 3548 3512 3407 3354 3400 3337 4008 3331 3264 3685 3630 3289 2902 2872 2959 2825 2562
2078 2496 3115 3907 4583 5167 5697 6147 6524 6746 6899 6890 7047 6989 6616 6838 7343 7475 7163 7258 6963 6900 7115 7259 7511 7621 7423 7543 7585 7473 7192 7258 7304 7087 6759 6510 6336 5972 5546 5488 5293 5172 4992 4879 4940 4858 4652 4402 4271 4125 3645 3589 3546 3906 3693 3365 3811 3501 3285 3382 3269 3234 3394 3303 2871 2843 2645 2568 2572
1939 2376 2927 3726 4494 5144 5722 6215 6634 6923 6976 7074 7153 6836 6712 6767 7212 7258 7246 7174 7119 7212 7310 7316 7578 7782 7610 7583 7487 7364 7247 7420 7322 7023 6744 6475 6260 6004 5664 5409 5382 5176 5023 4703 4580 4590 4434 4307 4194 4079 3776 3790 3555 3491 3440 3266 3523 3493 3258 3341 3388 3325 3329 3227 2866 2794 2628 2570 2606
1888 2259 2800 3599 4393 5124 5779 6284 6705 7002 7219 7211 6962 6776 6602 6671 7009 7135 7102 7071 7032 7281 7476 7585 7643 7752 7739 7712 7441 7310 7350 7439 7300 7056 6711 6402 6168 6228 6148 5543 5387 4966 4839 4705 4551 4553 4388 4247 4139 4091 4083 3992 3994 3469 3464 3410 3225 3150 3245 3391 3032 2939 3027 2968 2813 2674 2605 2569 2793
1800 2216 2679 3448 4340 5112 5851 6378 6770 7205 7253 6945 6688 6653 6516 6602 6885 6974 6982 6988 6967 7253 7440 7637 7727 7708 7757 7732 7403 7392 7498 7382 7228 6858 6504 6406 6343 6632 6527 5962 5583 5148 5017 4841 4798 4632 4501 4319 4368 3886 4007 3669 3945 3407 3308 3311 3365 3632 3071 3016 3050 2952 2730 2692 2714 2639 2588 2568 2554
1773 2122 2588 3368 4330 5137 5893 6439 6898 7395 7213 6775 6432 6340 6405 6526 6764 6810 6864 6798 6725 7036 7244 7386 7568 7708 7690 7649 7504 7540 7574 7359 7051 6841 6676 6747 6674 6763 6457 6002 5582 5147 5115 4921 4722 4545 4324 4173 4038 4206 3817 3992 3683 3554 3366 3206 3170 3249 3421 2910 2817 2842 3057 2647 2697 2617 2582 2660 2556
1791 2063 2487 3274 4352 5222 5944 6433 6832 7247 7007 6625 6185 6211 6311 6415 6577 6602 6677 6568 6514 6767 6953 7156 7419 7524 7423 7374 7469 7657 7560 7384 7127 6943 6846 6812 6571 6321 6053 5786 5567 5373 5206 4965 4723 4502 4315 4091 3775 3732 4001 3826 3664 3347 3389 3401 3170 3142 3341 2955 2827 2809 2968 2709 2882 2610 2738 2577 2569
1743 2015 2383 3210 4441 5450 6042 6430 6734 6986 6724 6472 6231 5872 6180 6268 6355 6412 6448 6469 6600 6703 6959 7150 7250 7356 7234 7262 7326 7457 7486 7218 6854 6793 6879 6884 6588 6129 5818 5604 5250 5060 4883 4846 4626 4448 4297 4140 3881 3778 3743 3914 3437 3305 3188 3327 3590 3109 3045 2892 2749 2809 2981 2823 2607 2593 2581 2579 2576
1719 1928 2356 3160 4618 5572 6158 6462 6722 6820 6531 6294 5801 5706 6040 6138 6180 6262 6294 6522 6585 6751 6987 7111 7161 7331 7360 7060 6944 7152 7328 7105 6886 6862 6936 6788 6451 5982 5716 5537 5301 4949 4797 4822 4780 4374 4245 4115 3986 3858 3756 4001 3394 3441 3241 3189 3460 3257 3180 3077 2776 2730 2937 2607 2596 2592 2582 2584 2578
1589 1891 2282 3107 4681 5632 6194 6603 6733 6625 6419 6161 5605 5729 5881 6009 6036 6108 6281 6539 6550 6725 6933 7017 7033 7254 7397 7214 7009 6950 7053 6835 6711 6675 6583 6267 5988 5720 5446 5233 5027 5090 4795 4921 4763 4633 4266 4066 3894 3768 3518 3974 3405 3365 3323 3218 3108 3070 3144 3122 2999 2771 2682 2641 2569 2590 2580 2579 2572
1605 1925 2271 3232 4847 5634 6177 6569 6568 6347 6042 5990 5451 5514 5456 5879 5910 5996 6217 6520 6536 6694 6860 6921 6909 7090 7299 7197 7062 6805 6737 6653 6585 6521 6325 5968 5653 5396 5208 5080 5109 4909 4675 4410 4378 4307 4226 4024 3910 3739 3673 3371 3347 3645 3527 3328 3304 3169 3154 3104 2929 2753 2767 2738 2594 2596 2581 2578 2571
1636 1975 2335 3574 5149 5650 6230 6402 6311 6084 5730 5723 6019 5354 5561 5710 5756 5848 6145 6458 6446 6605 6728 6805 6824 7008 7127 7175 7064 6803 6649 6451 6416 6323 6115 5780 5413 5162 4998 4897 4996 4784 4323 4152 4048 4019 3967 3846 3743 3571 3333 3421 3292 3195 3156 3446 3237 3156 3120 3029 3007 2877 2926 2718 2638 2610 2586 2574 2594
1697 2056 2491 4081 5310 5721 6232 6261 6115 5908 5644 5561 5785 5507 4989 5536 5659 5694 6047 6277 6230 6379 6583 6806 6740 7024 7146 7144 7121 6859 6594 6309 6251 6227 6090 5790 5377 4978 4824 4540 4536 4448 4217 4110 4001 3932 3783 3727 3773 3660 3202 3185 3242 3180 3219 3107 3133 3259 3118 3017 3049 3192 2654 2713 2708 2630 2748 2582 2569
1759 2139 2678 4719 5433 5850 6225 6207 6002 5728 5495 5730 5511 5103 5110 5384 5475 5535 5899 6077 6087 6285 6438 6672 6666 7016 7153 7078 7052 6768 6479 6211 6003 5989 5863 5583 5213 4844 4646 4747 4587 4616 4150 4043 3846 3777 3737 3689 3695 3654 3220 3143 3061 3069 3258 3141 3052 3186 3167 3074 3007 2985 2770 2688 2722 2640 2595 2576 2563
1814 2302 3081 5228 5587 5910 6268 6072 5895 5557 5203 5390 5062 4522 4745 5157 5158 5349 5710 5871 5926 6116 6287 6525 6553 6782 6941 6913 6852 6574 6297 6000 5850 5770 5655 5419 5076 4639 4539 4652 4552 4489 4354 4083 4038 3869 3828 3738 3622 3651 3523 3163 3129 3055 3045 3529 3125 3082 3158 2936 2948 3005 3114 2755 2793 2649 2596 2573 2557
1867 2536 3905 5489 5775 6071 5848 5637 5605 5382 4968 5138 4612 4073 4330 4832 5016 5134 5480 5691 5764 5921 6257 6412 6547 6647 6814 6895 6882 6595 6190 5989 5799 5721 5637 5514 5263 4954 4501 4353 4541 4178 3994 4133 4105 4195 4095 3797 3692 3608 3495 3120 3102 3102 3150 3358 3478 3100 3054 2964 2896 2841 2851 2786 2815 2652 2595 2568 2547
1905 2680 4204 5511 5801 6029 5610 5599 5164 5163 4494 4880 4271 3742 3784 4406 4624 4838 5272 5318 5375 5727 6141 6355 6323 6443 6813 6869 6837 6423 6228 6027 5745 5595 5526 5485 5208 4844 4666 4369 4295 4213 4104 3915 3843 4092 3888 3653 3583 3801 3577 3206 3102 3105 3192 3104 3072 3131 3069 3008 2891 2870 3240 2782 2825 2658 2594 2565 2540
1888 2781 4255 5456 5810 5871 5732 5613 5015 4850 4939 4564 3982 3364 3306 4037 4066 4537 4933 4953 5065 5501 6005 6191 6269 6528 6690 6796 6637 6498 6016 5727 5480 5253 5215 5213 5058 4763 4593 4547 4645 4552 4218 3988 3888 3701 3635 3778 3514 3567 3212 3209 3232 3154 3114 3070 3078 3060 3096 3083 2894 2788 2779 2785 3238 2675 2595 2568 2539
1911 2790 4299 5570 6114 5863 5755 5478 5071 4405 4257 4198 3703 3002 2938 3532 3594 3932 4549 4468 4704 5359 5897 6026 6151 6443 6582 6659 6674 6352 5836 5662 5514 5270 5196 5071 4862 4500 4335 4262 4363 4219 4154 3997 3781 3996 3971 3955 3923 3765 3500 3136 3128 3116 3138 3265 3062 3339 3060 3103 3155 2788 2807 2750 2759 2664 2600 2564 2535
1840 2525 4274 5535 6058 5727 5536 5152 4728 4428 3357 3581 3305 2862 2885 3194 3113 3256 3732 4147 4403 5075 5659 5851 6168 6478 6547 6542 6454 6269 5909 5904 5745 5403 5259 5095 4863 4541 4446 4623 4448 4273 4011 3888 3788 3873 4054 3966 3909 3839 3750 3289 3209 3177 3368 3043 3072 3068 3136 3064 3097 2715 2761 2773 2779 2989 2925 2565 2532
1745 2297 3339 4918 6020 5730 5275 4994 4461 3987 2971 2761 2741 2708 2780 2964 2970 3072 3354 3889 4229 4742 5253 5849 6295 6452 6484 6539 6642 6404 6217 6065 5767 5376 5183 5121 4831 4395 4327 4321 4364 4247 4243 4162 4188 4121 4026 3630 3865 3740 3664 3602 3378 3776 3196 3208 3135 3351 3020 3138 3039 2780 2710 2661 2707 2659 2609 2570 2795
1622 1948 2238 4935 5590 5598 4881 4786 4613 3756 2827 2517 2552 2555 2685 2879 2936 2989 3353 3730 4069 4305 5208 5849 6174 6527 6522 6624 6770 6600 6273 5880 5477 5094 4940 4894 4692 4607 4635 4796 4647 4470 4281 4296 4166 4205 4114 4015 3903 3807 3642 3226 3263 3351 3463 3218 3295 3129 3282 3013 3067 2937 2859 2752 2687 2708 2739 2580 2539
1520 1786 2131 3336 4803 5009 4775 4250 3915 3184 2826 2539 2347 2448 2503 2762 2850 2956 3251 3613 3986 4348 5071 5621 6027 6529 6623 6488 6507 6273 5991 5730 5441 5129 5038 5023 4947 4961 4790 4644 4773 4577 4392 4321 4226 4145 4064 3980 3896 3838 3742 3397 3335 3752 3844 3844 3814 3742 3492 2966 3117 2981 3226 2888 2717 2677 2639 2601 2557
1413 1632 1881 2210 3505 3975 4172 4068 3039 2353 2413 2240 2139 2167 2162 2528 2633 3120 3454 3696 3876 4497 4762 5290 5847 6419 6656 6334 6046 5660 5432 5332 5206 5059 5065 5005 4851 4802 4805 4737 4782 4592 4425 4245 4161 4082 3999 3904 3823 3774 3757 3483 3398 3540 3605 3830 3571 3565 3521 3208 2882 2871 2853 2902 2820 2791 2705 2764 2615
1307 1480 1686 1918 2287 2902 3157 3062 2454 2178 2042 2009 2054 1942 2005 2286 2587 3253 3385 3491 3686 4311 4791 5149 5697 6097 6535 6335 5900 5582 5406 5263 5084 4882 4790 4769 4761 4722 4716 4633 4587 4593 4425 4262 4144 4053 3968 3798 3723 3736 3649 3804 3773 3620 3634 3760 3664 3476 3427 3246 2956 3004 2806 3190 3193 2750 2730 2713 2789
1224 1341 1529 1695 1768 2336 2458 2338 1875 2028 1953 1874 1832 1838 1909 2188 2801 3304 3387 3489 3585 3953 4699 5112 5440 5750 6235 6359 6001 5816 5806 5664 5300 4879 4502 4268 4159 4265 4574 4413 4336 4302 4184 3906 4026 3951 3895 3812 3745 3698 3581 3470 3489 3432 3424 3497 3480 3419 3039 2933 2828 2834 3038 2655 2693 2728 2691 2726 2700
1143 1274 1387 1470 1568 1785 1791 1595 1568 1510 1500 1617 1729 1869 1870 2154 2674 3237 3383 3380 3442 4145 4586 4916 5254 5622 5943 6126 6168 6348 6276 5868 5372 4860 4453 4160 3906 3747 4157 4225 3882 3821 3955 3836 3834 3739 3691 3753 3660 3622 3662 3528 3540 3499 3404 3352 3496 3315 3061 2970 2834 2839 3011 2657 2573 2607 2658 2667 2731
1104 1198 1308 1363 1400 1463 1499 1465 1552 1414 1411 1492 1692 1788 1978 2296 2593 2941 3248 3307 3324 3942 4259 4672 4962 5342 5575 5953 6366 6303 5979 5582 5042 4634 4357 4123 3699 3241 3419 3564 3441 467 420 3818 3711 3707 3494 3560 3497 3404 3478 3417 3408 3119 3034 3058 3412 3009 2982 2928 2879 2800 2786 2714 2508 2539 2590 2755 2636
1048 1120 1196 1227 1339 1272 1115 1223 1138 1160 1432 1518 1730 1766 1896 2151 2379 2685 2932 3193 3264 3655 3962 4305 4666 5115 5445 5891 6080 5844 5615 5330 4892 4515 4373 4045 3591 2836 429 406 363 326 3583 3707 3795 3572 3733 3551 3505 3163 3474 3403 3463 3492 3117 3082 3074 3067 3014 2938 2841 2779 2946 2725 2497 2489 2524 2552 2547
994 1046 1103 1125 1235 1158 1097 1147 1140 1179 1309 1509 1660 1710 1859 2026 2240 2227 2597 3040 2969 3578 3495 3760 4445 4930 5403 5763 5854 5547 5373 5122 4761 4519 4470 4120 3692 3021 334 310 302 294 3618 3522 3681 3438 3516 3461 3376 3121 3333 3044 3251 3284 3069 3180 3024 3008 2983 3033 2877 2734 2891 2790 2679 2455 2616 2328 2465
949 1053 1056 1072 1155 1090 1025 1133 1141 1229 1354 1486 1572 1709 1750 1936 2026 2280 2503 2838 2928 3154 2974 3574 4400 4903 5375 5641 5603 5355 5172 4941 4749 4662 4548 4217 3803 3419 329 310 328 3559 3580 3481 3464 3523 3465 3437 3304 3088 3325 3124 3334 3040 3363 3232 3092 3034 3064 2993 2800 2692 2858 2803 2631 2396 2418 2192 2182
905 996 1002 1004 1087 1034 975 1001 1147 1242 1340 1455 1466 1662 1708 1757 1893 2019 2278 2588 2783 2664 2770 3469 4428 4859 5256 5589 5508 5244 5108 4968 4877 4724 4516 3990 3618 3463 3258 336 415 3596 3812 3628 3446 3453 3370 3282 3016 3073 2965 3193 3269 3175 3163 3348 3046 3035 2940 2949 2789 2511 2647 2996 2638 2617 2346 2106 2226
853 871 943 965 943 901 958 978 1033 1142 1185 1322 1402 1438 1648 1700 1897 1955 2216 2362 2438 2424 2703 3691 4301 4526 4998 5644 5621 5232 5209 5019 4982 4684 4431 4147 3933 3887 3633 3384 3503 3965 3925 3715 3580 3565 3475 3456 3341 3066 3091 2948 3043 3290 2961 3141 3105 3002 3009 2922 2816 2566 2797 2660 2578 2598 2159 2068 2061
837 810 878 910 895 869 868 969 1030 977 1029 1204 1248 1306 1483 1670 1782 1878 2119 468 1927 1965 2355 3140 969 3501 4744 5170 5277 5154 5094 4968 4911 4652 4374 4056 3882 3764 3594 3565 3819 4102 3928 3747 3515 3440 3335 3270 3218 3168 3148 2928 3123 3150 3256 2944 2926 2943 2922 2796 2811 2754 2778 2733 2376 2597 2269 2083 2071
752 828 852 872 837 861 833 814 806 804 808 1172 1252 1374 1421 1660 1706 1710 1922 693 600 413 1885 2178 2539 769 3951 4538 4711 4934 4982 4967 4853 4653 4356 4084 3967 3862 3781 3910 3964 3955 3875 3571 3528 3451 3401 3291 3219 2878 2891 2865 2940 2922 3199 3243 3163 2854 2801 2782 2803 2762 2676 2740 2592 2596 2453 2245 2214
720 820 806 852 610 606 775 747 634 657 640 865 1142 1336 1413 1651 138 251 607 951 842 521 453 1683 2147 3368 3914 4300 4603 4980 5104 5041 4925 4719 4480 4267 4141 4111 4039 4066 3763 3665 3816 3738 3623 3522 3464 3364 3237 2920 2876 2932 2957 2933 3112 2950 3160 2728 2746 2720 2746 2789 2597 2616 2567 2487 2449 2054 2102
699 779 824 842 681 674 813 709 632 822 858 1145 1285 1374 1586 1551 1601 358 816 1136 2162 2320 2103 2237 3798 4284 4075 4441 4720 5059 5249 5091 5059 4848 4718 4558 4546 4484 4293 4015 3919 4015 4050 3637 3445 3367 3307 3229 3184 3110 3046 2775 2878 2820 2839 3123 3115 2678 2650 2633 2654 2947 2553 2527 2538 2547 2105 2048 2020
725 764 864 701 774 769 866 703 718 1216 1375 1417 1475 1588 1528 1559 1758 596 1894 2679 3593 4086 4108 4220 4496 4666 4485 4755 4835 4952 5078 5080 5007 4924 4821 4800 4709 4729 4485 4052 3861 3976 3907 3689 3605 3635 3438 3300 3239 3183 3133 2815 3000 2766 2784 2994 2847 2905 2558 2511 2326 2848 2521 2263 2461 2127 2078 2043 2015
733 808 924 922 882 877 862 808 1069 2000 2293 2644 1957 1717 1640 1604 636 894 2046 3142 4080 4641 4868 4874 4970 4946 4867 4936 5043 5006 5039 4952 4983 4918 4895 4836 4829 4609 4392 4200 4090 4022 4043 3902 3735 3542 3363 3205 2994 3049 3020 2983 2884 2652 2753 2850 2901 3033 2599 2494 2223 2233 2472 2397 2279 2069 2055 2038 2026
711 861 952 1064 1004 996 984 1875 2960 3224 2746 2215 2005 1877 1736 1988 752 1883 2384 3633 4408 4774 5075 5172 5139 5120 5122 4985 5218 5151 5071 5028 5011 4975 5014 4876 4793 4615 4463 4313 4161 3976 3855 3945 3749 3658 3459 3252 2871 2818 2779 2776 2883 2578 2597 2665 2790 2871 2871 2739 2208 2165 2332 2218 1905 2006 2021 2029 2048
796 925 1035 1195 1105 1217 1769 3170 3799 3507 2643 2315 2105 1995 1821 2443 2046 2449 3877 4320 4663 4881 5212 5361 5514 5407 5191 5249 5269 5199 5173 5078 5029 5065 5084 4889 4877 4747 4558 4398 4207 4046 3897 3817 3532 3513 3340 3235 3100 3007 2778 2771 2889 2629 2673 2575 2470 2435 2491 2485 2416 2275 2220 1861 1829 1773 1958 1992 2061
827 913 1132 1290 1186 1497 2752 3488 3769 3391 2568 2026 2287 1953 1984 2757 2930 3407 4198 4538 4842 4994 5190 5430 5486 5330 5375 5342 5254 5267 5286 5188 5196 5130 5123 4980 4956 4869 4577 4424 4279 4120 3954 3769 3598 3598 3453 3321 3168 3022 2924 2874 2837 2526 2523 2480 2460 2435 2451 2398 2384 2208 1830 1843 1605 1709 1743 2018 2022
841 960 1206 1396 1649 2840 3618 3879 3809 3501 2810 2936 2319 1903 2236 3218 3542 3847 4371 4665 4938 5229 5405 5611 5527 5573 5420 5375 5234 5363 5321 5238 5215 5196 5217 5050 4929 4838 4540 4392 4227 3995 3711 3559 3415 3287 3293 3199 3152 3095 3011 2901 2825 2524 2483 2458 2472 2415 2588 2292 2269 2190 1806 1707 1646 1836 1852 1861 1772
874 1099 1228 1512 2168 3003 3427 3787 3920 3260 2911 2962 3420 2410 2372 3312 3642 4229 4568 4817 5044 5277 5533 5727 5617 5565 5456 5429 5353 5406 5304 5370 5240 5253 5226 5036 4904 4829 4563 4376 4217 4031 3805 3591 3450 3322 3208 3243 3124 3061 3002 2954 2968 2877 2532 2811 2558 2522 2546 2075 2024 1931 1623 1908 1847 1605 1790 1624 1699
937 1161 1327 1556 2287 2978 3289 3529 3668 3397 3226 3159 3466 2997 3082 3725 3952 4393 4742 5011 5286 5487 5536 5699 5688 5641 5566 5483 5424 5417 5379 5363 5258 5254 5216 5090 4893 4800 4629 4379 4217 4035 3771 3587 3420 3296 3298 3187 2970 2895 2942 2886 2824 2811 2701 2553 2491 2268 2187 2045 2122 1651 1614 1801 1779 1752 1583 1599 1674
1053 1248 1423 1703 2652 3070 3426 3455 3573 3315 3186 3146 3191 3211 3414 3898 4089 4419 4845 5157 5456 5609 5616 5731 5735 5693 5625 5528 5465 5436 5423 5392 5306 5247 5211 5106 4880 4778 4470 4375 4211 4027 3744 3511 3325 3192 3121 3044 2974 2910 2954 2859 2798 2672 2531 2455 2373 2156 2087 1948 1969 1711 1690 1695 1702 1536 1565 1598 1668
1222 1376 1542 2324 2999 3272 3472 3511 3310 3214 3097 3062 3166 3302 3649 3923 4131 4488 4870 5062 5648 5618 5714 5785 5765 5723 5659 5569 5505 5462 5441 5405 5330 5243 5208 5107 4864 4770 4684 4309 4199 4023 3688 3449 3257 3093 3038 3008 2975 2917 2955 2805 2722 2610 2328 2399 2189 2134 2059 2118 1929 1834 1641 1461 1484 1521 1561 1748 1672
1355 1529 1936 2798 3261 3606 3518 3393 3220 3136 3043 3025 3089 3206 3561 3804 4219 4597 5007 5292 5688 5850 5681 5834 5779 5738 5675 5597 5531 5473 5434 5380 5291 5217 5184 5096 4856 4772 4702 4327 4201 4015 3665 3431 3243 3063 2973 2963 2982 2925 2957 2752 2500 2532 2396 2265 2204 2151 2077 1985 1879 1712 1654 1640 1484 1525 1579 1629 1686
