---
Sfc. Heating [W/m~S~2~N~] Valid 1300 PST ~Z75~(2100Z)~Z~ MON 22 May 2017 ~Z75~[21hrFcst@1255z]~Z~
Model= RASP Region= PANOCHE Grid= w2 Reskm= 1.3 Indexs= 1 69 1 63 Proj= lambert 1333 1333 40.0000 40.0000 -73.0000 36.8890 -121.0672
Day= 2017 5 22 MON ValidLST= 1300 PST ValidZ= 2100 Fcst= 21.0 Init= 12 Param= sfcshf Unit= W/m2 Mult= 1 Min= 4 Max= 445
305 234 190 196 203 209 215 220 223 225 226 227 279 280 282 284 285 288 291 296 301 306 309 310 306 301 314 322 325 324 322 320 318 350 347 343 343 346 274 358 261 318 320 321 297 317 306 261 229 242 242 311 234 230 299 246 310 342 339 231 303 232 232 234 235 345 389 287 390
229 175 180 196 202 210 218 224 226 227 229 280 279 280 282 284 285 287 291 297 302 307 308 307 300 305 317 323 325 324 322 319 316 313 309 266 266 245 274 314 317 320 322 324 323 318 358 262 258 242 241 239 303 254 230 245 273 236 233 230 244 232 233 234 236 272 277 396 445
308 311 244 200 206 213 220 226 212 231 231 230 280 280 282 283 284 287 291 297 303 306 307 302 300 310 319 324 404 402 281 318 314 309 306 264 266 269 251 313 318 321 323 324 323 318 309 263 205 242 240 307 304 233 232 300 303 304 246 301 232 233 235 313 259 274 308 286 308
313 316 189 255 211 218 225 213 216 217 234 233 283 282 282 283 286 289 294 298 302 304 304 300 309 317 322 324 401 351 279 315 270 266 263 263 266 244 251 313 319 322 324 324 322 318 311 265 207 242 238 305 304 304 234 233 301 233 300 254 254 256 236 267 300 303 279 284 400
313 194 165 207 215 222 230 216 218 218 219 286 283 282 283 283 285 289 294 299 302 306 299 313 318 322 325 325 402 321 317 312 267 263 260 262 265 244 304 312 320 323 325 325 324 320 312 265 206 306 304 237 235 254 254 232 299 231 231 230 253 255 233 342 298 364 370 375 399
241 246 202 209 217 224 231 217 219 219 219 235 285 283 282 282 284 289 294 300 305 305 302 315 313 320 321 323 323 322 319 313 267 262 260 234 237 244 304 313 318 321 325 326 325 321 314 241 261 205 240 304 233 252 231 232 230 232 230 251 252 253 233 265 296 361 368 372 284
250 207 204 211 217 179 231 235 218 219 219 218 286 285 285 284 285 287 293 300 309 317 300 314 313 320 319 279 277 316 316 275 273 266 261 259 264 295 302 310 316 319 321 321 320 318 313 307 208 203 251 236 254 231 230 229 331 229 230 251 252 252 287 262 294 357 273 321 374
166 212 208 213 219 179 231 234 300 272 181 217 286 285 285 286 289 292 295 302 306 322 313 311 317 320 318 275 271 269 268 268 269 271 271 266 263 294 301 284 314 318 321 321 320 317 312 304 231 200 249 302 299 231 330 228 226 226 296 347 231 334 287 286 265 267 269 272 276
170 219 213 217 221 226 230 234 234 216 271 215 286 286 284 285 287 290 293 303 308 319 317 307 320 320 277 271 267 267 269 269 267 267 270 274 277 314 283 305 310 316 319 319 320 319 314 308 302 203 237 302 232 230 242 239 224 224 368 232 231 336 257 259 263 266 264 267 360
223 218 218 221 224 228 231 234 236 235 357 280 284 286 283 283 284 285 290 300 310 317 326 308 313 279 273 268 266 269 272 270 269 248 244 268 272 311 288 285 310 314 314 359 363 319 311 348 342 239 303 301 299 230 228 228 225 225 224 231 233 258 256 257 348 262 262 351 356
228 221 222 225 228 231 233 236 237 235 354 280 283 283 281 279 277 279 286 296 303 310 321 301 274 273 217 265 266 270 274 271 273 282 277 268 266 265 271 280 310 313 313 312 314 313 306 296 199 234 233 232 231 228 328 225 327 223 367 224 414 258 16 257 345 261 348 351 266
224 224 225 228 230 233 235 237 237 236 235 286 287 283 278 275 276 284 289 295 297 309 321 307 277 267 262 262 267 273 276 275 282 292 290 274 265 302 301 271 280 308 309 311 312 308 347 341 238 234 297 332 229 329 226 228 223 224 222 328 403 278 256 257 342 376 263 265 267
227 226 227 230 232 235 237 238 239 240 239 238 287 281 273 270 280 291 293 290 283 302 315 309 275 262 260 260 266 274 282 285 287 301 293 277 267 263 301 303 275 299 299 299 299 296 341 224 235 233 297 296 230 228 225 227 363 326 224 248 328 331 257 256 273 274 262 264 266
230 230 230 233 234 237 239 241 241 241 238 236 283 274 266 265 278 293 292 282 286 298 310 309 261 256 258 263 269 275 285 288 296 247 237 277 269 273 270 303 275 277 302 302 301 298 272 270 267 264 297 294 227 226 326 226 289 325 362 249 247 329 298 339 257 272 274 261 233
241 233 233 235 236 238 241 242 241 239 236 232 228 272 260 262 272 288 285 285 281 292 300 255 249 252 255 264 273 279 280 287 294 294 289 269 260 251 262 260 297 299 266 267 303 267 265 300 265 299 233 296 229 246 224 224 291 287 259 250 248 249 252 336 256 255 342 258 231
244 236 235 237 238 240 242 242 240 240 236 232 274 266 260 260 275 282 287 275 273 284 248 242 245 250 252 261 272 275 278 282 290 296 293 275 269 261 274 270 270 270 270 268 301 301 300 299 297 296 231 294 229 227 225 224 225 224 399 249 246 329 332 335 255 255 340 342 229
240 239 237 238 240 241 243 242 239 239 235 228 270 258 195 264 276 225 225 274 265 211 237 243 244 256 259 261 264 270 278 280 288 284 280 274 275 268 234 273 272 272 272 270 304 305 304 301 299 297 230 228 227 291 290 224 288 288 245 259 270 272 329 333 254 255 228 228 229
243 241 239 239 241 242 243 242 238 236 232 226 257 255 256 265 279 225 277 275 269 275 279 241 252 253 251 257 257 268 275 280 290 284 277 274 272 270 249 241 275 275 275 232 229 253 251 249 247 266 231 259 249 249 248 225 289 288 245 268 324 325 363 329 252 254 227 228 240
245 243 240 240 241 243 245 242 237 235 232 217 219 259 253 261 273 275 272 273 278 284 247 249 250 257 263 257 257 269 273 277 290 283 277 272 266 271 280 246 274 229 229 229 228 251 251 249 246 264 293 290 326 247 246 245 223 224 269 322 247 246 289 290 249 226 226 227 349
248 245 242 241 241 243 245 245 239 235 222 226 215 255 251 260 270 272 268 272 279 289 257 261 258 261 264 269 253 267 271 276 290 231 227 270 266 273 283 278 265 239 236 234 254 252 252 250 300 263 292 225 325 246 244 242 243 318 247 245 244 243 220 222 223 223 223 224 225
251 248 244 242 241 242 244 243 243 232 233 222 209 193 249 259 268 267 265 272 239 248 252 257 260 261 260 268 264 270 270 279 236 225 222 269 265 270 281 274 265 235 256 255 252 252 253 251 247 296 227 321 258 259 244 242 243 243 321 244 219 218 280 221 220 221 221 269 222
254 250 245 242 241 241 242 240 237 231 231 217 163 193 248 258 266 266 264 269 232 238 241 247 256 257 254 259 269 263 268 274 266 263 264 271 278 279 272 263 257 255 255 254 251 250 251 249 225 222 291 287 283 241 241 243 240 242 321 241 218 217 277 229 281 219 283 219 220
255 251 246 243 240 240 239 240 234 223 221 213 206 157 248 257 262 260 262 269 269 232 237 243 249 252 225 261 269 213 265 272 223 259 265 279 283 272 262 260 237 235 233 253 250 248 249 248 223 224 229 288 244 240 240 240 314 241 242 242 218 216 275 277 216 217 218 219 220
300 251 246 243 240 239 237 237 229 218 216 208 159 155 249 256 258 257 263 271 230 234 239 243 247 254 251 216 200 218 262 265 242 247 260 281 279 269 261 258 256 230 225 247 296 246 246 245 243 242 260 335 221 244 242 239 312 263 260 262 218 215 278 214 215 215 217 218 220
256 251 246 243 241 240 238 237 220 220 214 205 156 191 249 253 256 257 267 273 234 237 240 241 245 255 252 262 238 240 264 241 256 268 279 276 268 264 259 255 251 299 245 295 295 297 248 247 244 241 225 366 240 218 240 241 238 239 260 258 261 225 214 213 212 214 215 217 219
255 250 245 241 240 237 238 231 220 218 206 199 153 190 192 252 254 258 269 275 239 241 240 241 243 250 248 255 262 239 238 236 252 264 270 264 256 251 248 246 297 297 297 245 246 248 248 246 243 238 285 243 243 316 311 237 262 257 258 257 234 214 212 221 210 214 215 217 219
249 248 243 240 238 235 236 220 216 209 197 193 276 190 248 250 252 259 269 276 241 243 240 240 243 248 240 249 264 265 262 235 248 256 263 260 254 249 246 243 293 293 224 224 225 226 246 243 240 235 218 238 239 239 240 307 258 257 257 233 235 232 277 213 211 215 216 218 230
250 247 240 238 235 233 230 212 212 206 197 193 278 247 192 249 270 258 268 273 234 237 240 280 244 253 239 250 264 266 263 233 243 250 257 257 254 234 246 225 239 239 225 226 225 226 226 222 237 284 218 216 234 212 235 232 233 256 254 232 234 310 215 214 213 217 283 219 220
249 240 237 234 231 230 223 211 215 209 200 278 282 248 248 250 270 257 265 268 267 271 239 281 244 253 247 253 264 261 259 254 230 235 244 257 254 236 228 265 262 289 223 223 219 219 219 218 234 282 218 216 213 210 228 231 232 257 257 258 234 236 214 215 215 219 219 221 222
250 240 232 255 252 222 237 216 217 209 198 278 281 247 248 251 252 256 261 263 264 270 239 281 241 247 247 249 263 256 251 226 226 231 239 253 251 234 229 268 268 266 239 220 235 233 233 233 231 279 278 215 213 211 210 305 231 235 258 238 238 239 282 215 216 220 221 222 224
251 240 256 282 247 235 168 172 212 205 197 278 280 246 249 252 272 256 258 259 263 271 280 280 279 243 247 242 265 263 229 225 226 239 244 247 247 244 227 222 288 237 219 233 231 282 283 282 280 277 276 213 211 213 235 306 308 237 235 239 239 218 217 218 218 222 222 224 225
250 236 225 247 216 229 166 208 166 203 158 280 281 247 249 252 272 255 257 258 262 272 281 281 221 197 250 243 271 222 256 251 227 225 228 245 247 229 241 236 231 231 232 232 231 281 279 228 228 277 276 212 211 211 236 234 234 235 236 240 240 217 341 219 220 222 223 225 226
250 237 226 220 210 201 208 233 168 205 281 283 282 247 249 269 253 256 257 257 263 273 282 245 241 278 248 243 219 269 255 228 226 225 229 246 247 232 225 232 281 283 235 232 230 211 209 276 248 275 215 214 233 235 213 212 214 210 236 239 242 217 219 220 346 223 224 226 227
252 237 229 244 229 205 234 236 212 208 283 283 281 246 247 268 253 257 275 256 262 274 283 245 243 278 243 240 262 265 249 244 244 232 235 240 240 223 220 229 278 231 234 233 214 227 227 253 276 276 276 213 213 213 212 276 211 278 237 239 286 218 218 220 223 223 225 227 229
257 240 261 250 207 204 234 210 209 281 218 281 279 246 265 268 254 256 274 273 261 274 285 249 248 279 275 237 215 259 248 247 249 235 234 239 240 221 211 272 252 230 230 227 225 224 268 268 274 274 273 212 213 213 274 213 214 214 240 240 287 219 217 221 222 350 355 230 232
263 279 240 185 236 228 209 208 205 278 216 217 247 245 265 268 253 255 255 273 259 271 247 256 255 246 272 236 261 260 254 256 256 238 234 237 234 214 226 257 276 228 228 226 268 268 268 209 264 272 274 275 211 327 215 213 214 278 216 242 248 220 218 223 223 227 230 233 393
271 261 202 299 240 232 169 209 278 278 215 214 245 262 265 268 270 254 273 273 259 231 248 257 259 254 237 246 258 263 261 258 252 233 227 230 228 221 219 272 255 256 229 270 253 269 268 266 264 272 272 210 211 210 274 212 239 216 286 244 247 222 222 225 226 242 290 235 238
277 268 286 271 254 238 208 207 280 280 276 274 244 261 266 267 270 254 254 255 261 230 243 253 258 259 247 256 264 262 256 251 246 237 231 232 234 269 268 254 277 271 253 267 266 267 267 266 265 272 270 229 208 276 315 318 320 323 330 221 294 233 344 237 230 233 235 238 241
281 273 262 249 238 222 212 271 275 217 275 245 244 246 212 268 214 270 269 270 259 266 233 246 257 266 255 250 250 241 236 236 236 232 231 234 233 230 252 250 266 277 269 267 266 265 264 263 271 271 273 233 231 272 278 355 323 326 329 293 224 227 260 237 231 255 249 300 245
282 274 264 253 243 233 215 272 274 272 272 245 245 199 200 217 213 267 266 267 255 262 268 239 249 256 259 243 242 231 231 233 235 234 233 233 232 230 258 260 261 270 268 265 263 263 263 252 251 269 270 307 309 276 280 319 325 327 333 335 253 258 228 385 364 237 252 244 309
282 274 265 255 247 301 280 275 217 340 341 277 249 199 200 220 280 263 263 264 251 221 231 236 238 244 252 279 234 242 248 248 245 237 229 228 230 231 259 263 265 261 265 249 265 258 258 266 270 272 272 272 275 276 280 317 286 330 249 251 224 228 306 232 236 240 243 260 252
265 257 263 255 312 303 225 222 198 244 245 250 250 249 199 218 277 261 261 261 248 256 226 229 268 276 278 243 239 242 249 251 249 237 227 224 224 227 263 264 260 277 250 246 248 247 248 264 265 267 270 271 274 312 278 283 324 331 248 250 223 226 306 233 206 209 246 251 281
262 253 324 316 311 304 267 313 308 245 247 249 249 247 246 274 273 258 258 258 245 251 218 220 224 230 232 234 237 224 238 247 240 229 224 226 224 223 275 273 265 14 15 239 245 262 247 265 266 268 269 271 273 233 212 213 325 246 249 252 254 225 229 274 207 211 248 345 284
260 252 323 317 311 277 218 254 251 251 279 279 277 246 244 272 271 271 256 256 259 247 212 215 219 223 225 230 221 224 229 234 230 222 222 224 220 218 14 10 10 15 234 253 258 243 259 261 263 206 269 270 272 313 233 237 240 244 249 254 257 227 269 278 208 212 250 281 286
260 251 323 317 312 279 272 254 280 281 283 281 276 244 271 270 269 210 239 254 239 259 206 210 216 221 223 225 241 216 219 222 220 216 220 221 215 210 9 4 8 15 225 232 255 239 255 257 259 204 267 209 271 273 212 277 239 243 248 280 285 228 271 281 290 213 342 210 289
263 332 325 319 314 281 276 272 283 286 288 283 275 271 269 268 267 266 235 251 237 239 203 209 216 220 224 221 233 209 212 213 212 213 218 219 213 266 9 5 12 254 226 237 237 253 254 257 259 201 263 205 271 206 273 279 261 242 272 280 259 228 272 282 278 213 278 211 215
264 333 327 322 318 285 267 288 286 289 291 282 273 268 266 266 236 236 235 233 234 200 205 212 215 217 225 223 228 203 206 210 212 213 215 175 171 207 253 12 15 233 239 230 230 248 251 254 197 219 200 263 269 275 275 317 260 265 246 280 261 200 202 379 278 334 277 211 288
265 258 329 358 306 277 271 291 289 294 293 281 271 268 267 267 265 235 234 233 233 200 210 215 214 213 224 251 231 196 202 208 212 214 211 207 203 253 250 250 255 227 241 239 238 246 249 251 254 198 220 199 201 271 208 278 263 266 272 279 261 201 265 272 279 335 207 211 214
316 257 320 355 312 308 303 298 298 299 294 283 219 218 273 270 266 235 234 31 239 203 210 212 34 210 218 243 230 195 197 204 208 211 207 201 198 198 199 199 200 239 241 235 235 237 246 248 252 255 258 221 265 268 275 237 240 269 274 253 261 264 266 272 220 338 254 211 214
265 327 324 322 261 293 290 310 305 299 293 359 280 278 274 270 265 235 239 43 43 36 242 242 201 28 206 202 195 191 191 199 203 207 205 201 199 201 203 201 202 204 234 240 234 238 240 249 252 196 197 199 223 227 273 317 324 268 251 255 261 264 269 274 280 341 348 286 292
267 330 271 271 84 105 308 296 250 303 235 234 290 284 278 271 37 41 50 57 50 35 30 205 205 219 211 189 189 191 191 200 201 205 206 206 205 206 206 201 199 200 233 233 234 235 242 244 248 193 194 217 219 222 269 233 324 246 250 256 263 264 271 275 281 287 351 198 227
268 276 273 276 93 112 307 259 248 299 228 285 282 279 275 206 202 37 51 61 218 204 202 207 209 220 186 187 187 189 194 194 201 204 206 209 212 213 210 203 198 199 232 231 229 237 233 236 245 248 252 195 218 221 203 273 321 246 251 257 264 366 272 278 282 345 193 199 206
309 264 274 78 103 116 307 260 246 295 275 268 269 270 204 205 203 39 218 219 211 207 207 209 206 194 186 208 185 182 191 190 193 198 201 206 210 214 212 203 198 199 232 230 227 238 235 234 243 246 251 195 258 223 227 271 235 327 252 257 200 367 272 211 283 187 194 201 207
306 273 272 274 88 105 115 114 239 247 253 308 247 255 197 202 42 49 218 213 207 227 228 203 197 192 209 207 186 186 188 185 187 192 197 202 206 208 205 202 200 201 227 225 225 230 232 238 231 243 247 251 256 199 226 270 276 325 247 257 200 203 271 278 283 188 195 202 208
247 269 266 303 77 91 87 231 204 211 197 167 178 180 190 230 44 212 210 207 224 220 198 197 193 191 208 186 187 187 186 183 187 191 197 202 204 203 203 203 201 199 195 225 227 231 233 240 188 188 190 193 254 197 201 229 274 323 332 342 199 202 270 277 184 189 195 202 209
299 266 296 333 68 282 257 235 210 197 146 161 171 172 182 223 198 202 235 221 218 215 215 215 214 211 186 185 186 186 184 183 188 192 197 201 203 204 205 204 200 197 195 224 196 228 230 237 238 241 188 190 252 196 221 225 207 211 244 250 256 263 268 178 183 149 195 202 209
280 264 328 327 57 271 249 224 199 188 198 125 167 135 173 215 188 192 213 212 212 212 190 191 190 187 184 184 184 183 185 185 188 192 196 199 200 203 203 201 199 197 195 193 194 227 227 233 235 238 241 244 249 194 197 200 205 210 242 248 255 261 171 176 145 149 152 239 205
267 263 325 319 301 286 262 186 171 184 198 152 164 130 165 206 179 184 206 206 207 209 211 188 189 186 183 183 182 181 184 184 187 191 194 196 199 200 200 199 197 195 184 181 181 182 224 232 234 237 240 244 249 193 196 199 227 207 327 248 253 260 170 140 143 204 208 211 156
278 330 284 309 293 246 225 182 198 149 145 148 209 153 158 198 170 197 200 203 206 208 209 186 187 182 182 182 181 182 183 185 186 190 192 195 197 197 197 197 195 194 192 182 180 180 180 226 228 232 237 240 277 284 195 297 267 274 325 191 194 198 135 195 198 144 204 150 152
261 325 313 299 281 230 188 173 192 151 146 147 208 148 153 194 167 194 199 203 206 208 186 185 184 182 181 180 180 182 182 184 186 189 191 193 194 194 194 194 193 192 181 179 175 176 222 224 181 184 233 238 242 281 288 260 265 206 210 188 249 129 132 193 195 197 144 147 148
255 316 304 287 268 217 200 165 187 149 146 146 147 145 150 192 165 172 199 205 208 209 186 185 183 181 180 179 179 180 181 183 185 187 189 191 191 192 158 192 192 191 180 178 174 173 173 174 177 180 232 236 271 275 248 255 263 204 209 187 247 186 189 190 192 140 143 145 146
311 306 258 275 256 206 191 179 152 148 145 145 146 148 183 191 164 171 178 150 241 186 185 183 181 180 180 179 179 179 180 182 184 186 187 188 189 190 190 191 190 189 179 176 173 170 170 171 173 178 230 235 269 272 188 252 198 203 206 279 244 249 187 132 134 139 143 182 144
299 295 281 260 244 230 185 155 150 147 145 145 145 148 182 191 199 192 200 183 240 240 151 182 180 179 179 179 178 179 179 181 182 183 185 186 187 188 188 189 189 188 178 175 172 168 167 169 171 175 229 235 184 241 207 192 198 202 205 208 212 191 186 187 133 137 141 141 142
