---
Sfc. Heating [W/m~S~2~N~] Valid 1200 PST ~Z75~(2000Z)~Z~ MON 22 May 2017 ~Z75~[20hrFcst@1252z]~Z~
Model= RASP Region= PANOCHE Grid= w2 Reskm= 1.3 Indexs= 1 69 1 63 Proj= lambert 1333 1333 40.0000 40.0000 -73.0000 36.8890 -121.0672
Day= 2017 5 22 MON ValidLST= 1200 PST ValidZ= 2000 Fcst= 20.0 Init= 12 Param= sfcshf Unit= W/m2 Mult= 1 Min= 6 Max= 453
318 243 197 204 211 217 223 228 230 232 232 232 285 286 288 290 290 292 296 302 308 309 308 306 301 314 326 334 333 329 326 326 326 358 352 347 347 352 280 366 264 321 321 321 296 315 303 263 227 246 245 315 238 234 304 251 315 350 348 236 308 236 237 238 240 354 398 292 396
237 182 186 201 209 218 226 231 234 235 236 288 287 287 289 290 290 291 296 302 307 309 307 302 301 316 326 331 331 328 326 325 323 320 314 271 270 247 280 319 322 324 324 325 323 316 361 262 259 245 244 242 307 259 233 250 274 242 239 236 251 237 238 240 242 278 283 404 453
314 315 247 204 211 219 228 234 222 237 238 237 288 288 289 289 290 292 296 301 306 307 305 300 305 318 326 330 411 409 284 323 320 316 312 269 271 275 255 318 323 325 326 326 324 317 306 265 205 244 242 310 308 236 236 307 310 311 253 308 238 239 241 320 267 280 316 291 314
316 318 192 257 215 223 231 222 224 225 240 238 290 288 288 288 290 293 296 299 302 304 305 306 313 321 325 326 408 356 282 319 274 270 268 269 273 251 257 319 325 328 329 327 323 317 309 267 207 244 241 309 309 309 239 238 307 238 307 262 264 266 243 272 308 312 284 289 408
310 199 167 210 218 226 233 223 225 226 227 292 290 288 288 288 289 292 296 300 303 305 302 315 323 324 325 324 404 323 320 316 271 267 266 268 272 251 312 319 325 328 329 328 325 319 310 268 207 311 310 241 240 262 261 236 306 237 235 237 264 265 241 351 306 370 375 380 405
238 246 203 212 220 228 234 223 225 225 225 238 289 287 287 286 288 291 296 300 305 305 310 321 323 333 336 335 331 327 321 315 270 266 265 239 243 250 310 318 322 323 324 323 320 315 309 234 261 203 241 309 238 260 236 237 236 235 233 258 260 263 241 271 304 368 373 377 287
236 208 205 213 221 181 234 237 223 224 224 223 288 286 285 284 286 289 294 300 305 298 316 324 331 333 331 289 287 326 323 278 272 265 263 266 271 303 309 314 319 321 322 322 321 318 313 305 207 201 253 238 260 236 235 235 338 235 234 258 258 259 297 270 302 363 278 321 377
164 209 207 215 222 182 234 237 302 278 184 222 289 287 285 283 284 286 292 299 308 300 317 328 331 329 326 282 279 277 275 275 275 275 274 270 268 298 305 286 315 319 320 320 319 318 314 307 229 201 252 306 304 235 337 233 233 232 302 352 235 343 294 297 271 271 273 276 279
157 210 208 216 223 229 233 236 236 220 276 219 289 289 287 284 285 285 289 295 305 299 317 327 332 330 284 278 274 274 275 274 272 273 275 277 279 311 281 304 310 317 321 321 321 319 314 306 297 202 240 306 237 235 248 245 230 231 374 238 236 343 264 261 269 270 270 272 365
205 202 210 218 225 230 234 236 237 236 360 282 286 288 286 284 284 282 287 296 305 309 306 324 329 288 281 274 271 275 279 276 275 251 248 273 275 306 284 282 309 314 313 363 367 319 311 352 346 241 306 304 303 233 232 230 227 228 228 237 239 262 259 263 352 270 268 358 362
209 205 212 219 226 231 235 237 237 236 357 281 285 285 282 281 278 279 285 297 305 316 305 323 284 280 223 272 273 277 281 277 279 288 284 274 271 269 271 278 309 314 315 315 317 316 309 299 202 239 238 237 235 232 336 229 333 228 370 227 424 263 18 262 351 266 355 358 272
203 208 214 221 227 232 236 237 237 236 234 288 288 284 278 274 275 283 286 293 296 309 306 329 283 274 268 269 274 280 283 282 288 300 297 279 271 307 307 274 283 310 312 313 314 310 352 347 242 239 302 339 233 336 231 230 228 229 228 336 410 286 259 263 347 383 268 270 271
207 211 217 223 229 233 237 238 238 239 238 238 289 283 274 272 282 291 293 289 286 306 307 323 280 269 265 266 273 281 290 290 293 306 298 281 270 267 307 310 281 306 306 305 303 299 347 223 239 237 303 303 234 230 226 229 367 330 228 253 336 338 259 262 280 280 267 268 269
211 215 220 226 231 235 239 241 241 239 236 235 285 277 266 266 281 293 288 278 288 302 303 310 268 262 263 269 275 283 291 294 304 250 241 282 273 273 270 307 277 279 304 304 303 300 274 270 267 263 302 300 232 230 333 228 295 331 369 251 252 335 296 343 262 278 280 265 238
225 219 223 228 233 238 242 243 240 238 233 231 227 268 259 261 274 292 285 287 283 293 294 256 255 257 262 270 280 285 287 295 301 301 296 274 264 255 269 266 304 305 265 265 306 267 266 305 263 302 235 298 230 251 229 229 291 293 263 250 252 252 256 343 261 260 346 262 236
228 221 225 230 235 239 244 244 241 237 234 228 275 266 255 258 278 284 281 281 277 285 243 247 253 258 260 267 276 282 287 287 297 304 300 279 274 266 279 275 274 272 270 267 305 306 306 304 303 301 233 296 230 229 228 227 226 226 405 250 250 333 335 342 260 259 344 346 234
222 223 226 231 236 240 244 246 242 237 231 225 270 254 193 261 280 216 214 269 268 216 235 238 251 259 261 261 268 280 282 284 294 289 283 278 280 274 239 278 274 272 270 267 306 308 308 305 303 300 232 230 229 293 293 227 290 290 249 264 277 278 334 338 259 258 234 234 234
224 225 227 232 236 240 244 246 242 235 230 221 262 260 252 262 281 222 265 259 267 275 273 241 249 258 259 259 265 275 277 284 296 286 280 278 276 273 246 236 273 272 270 224 223 254 253 250 248 263 233 257 251 251 249 226 291 290 248 275 330 329 370 336 257 258 233 234 247
226 226 228 232 236 240 244 246 243 237 225 223 219 259 251 263 278 278 269 263 272 286 249 246 245 247 258 257 265 272 274 281 295 285 280 274 269 275 284 247 278 229 227 226 224 254 252 250 248 261 295 292 331 250 248 246 224 225 274 326 251 250 294 295 254 232 232 232 354
229 228 229 232 236 240 243 244 244 236 226 230 216 258 252 264 276 274 267 267 277 292 261 266 261 252 246 256 265 267 271 280 294 233 228 271 267 275 288 282 268 236 232 229 255 254 254 252 304 261 295 227 329 248 247 248 247 320 248 248 247 248 226 227 228 230 230 230 231
232 230 230 232 235 239 243 242 243 229 231 222 209 198 253 265 275 274 269 270 239 252 260 268 272 260 258 256 255 270 271 283 239 227 223 269 265 274 284 276 268 232 258 256 253 253 255 253 248 298 230 323 255 253 245 245 246 246 323 247 224 224 286 226 226 228 227 270 228
235 232 231 232 235 237 239 238 238 227 226 216 163 199 253 264 273 271 267 268 233 243 250 257 260 254 257 263 271 256 270 277 269 266 268 276 281 281 275 266 260 258 258 257 254 253 255 251 217 214 292 289 287 247 246 242 245 245 323 247 223 223 286 236 289 225 291 226 226
237 235 233 234 235 235 235 232 229 220 220 211 207 159 254 263 267 265 264 266 271 239 248 247 248 246 226 261 271 218 265 275 224 259 264 280 286 276 267 265 235 232 229 256 253 252 253 251 219 218 230 289 245 243 243 245 317 244 245 246 223 222 284 286 223 223 224 225 226
285 237 235 236 236 237 232 230 220 220 217 209 160 157 254 261 261 260 263 271 237 243 247 242 244 250 256 219 198 219 263 267 242 247 262 286 285 274 266 263 260 231 225 250 303 250 251 250 246 244 259 338 224 242 242 242 319 268 267 269 222 221 285 221 221 222 223 224 225
242 239 238 238 238 239 236 226 222 226 218 206 158 196 254 258 258 259 267 277 242 245 245 241 244 253 254 269 239 240 265 240 257 271 284 280 270 265 260 257 254 306 249 301 301 302 252 250 245 241 226 368 244 222 242 241 242 241 265 266 268 231 219 219 219 220 221 223 225
242 240 238 238 238 238 235 220 226 222 211 201 156 196 197 255 256 260 271 282 246 248 245 242 243 248 247 265 267 241 237 235 253 267 275 269 260 255 251 248 301 301 301 248 249 251 253 250 246 241 287 242 241 317 317 240 266 264 263 265 241 219 218 229 218 219 221 223 225
237 237 237 238 237 237 229 218 221 212 200 197 284 195 253 253 254 261 273 284 249 251 248 243 247 248 239 257 269 270 266 236 250 260 266 263 256 252 249 246 299 299 221 220 221 223 249 245 243 239 224 242 243 241 238 314 265 263 263 238 239 241 282 218 219 221 222 224 238
238 237 235 237 235 234 221 217 217 209 200 197 286 252 196 251 274 261 273 281 242 244 247 284 250 253 240 256 267 271 267 234 245 253 261 261 258 234 249 223 243 243 221 220 219 221 220 215 238 286 220 221 242 218 237 238 238 260 262 238 239 319 221 219 220 222 289 225 227
239 233 233 234 232 229 214 218 218 212 202 283 287 253 252 253 275 260 271 275 274 279 246 286 250 253 246 261 269 268 264 259 230 237 247 262 259 236 229 269 265 295 220 218 214 213 214 212 235 285 220 217 217 218 238 236 237 262 263 264 241 243 221 220 221 224 225 226 228
240 232 229 257 255 219 238 220 219 211 199 281 283 249 251 255 255 260 267 269 271 278 246 287 247 248 244 261 270 265 257 228 227 233 240 255 253 229 225 268 268 266 242 217 237 236 236 235 233 283 281 217 214 214 217 309 238 238 265 240 241 244 287 222 223 226 226 228 230
241 231 253 284 247 235 173 174 214 206 198 279 280 246 251 255 276 259 263 265 270 279 287 287 284 246 237 255 272 270 232 227 227 241 246 250 250 249 226 220 293 241 215 235 232 285 286 284 281 279 280 217 216 214 234 314 314 239 241 241 241 221 223 224 224 228 228 230 232
242 231 222 246 212 234 171 212 168 204 158 280 280 246 249 253 274 258 261 263 269 279 290 290 226 202 242 253 278 227 262 257 230 228 232 250 252 228 244 239 235 235 235 233 231 283 282 230 228 279 279 217 216 215 236 237 236 237 241 243 244 221 344 225 225 230 230 232 234
242 232 222 217 207 206 210 237 169 206 281 282 279 244 246 268 251 258 261 262 268 279 291 252 247 286 242 250 227 275 261 229 228 227 231 250 251 230 223 236 285 286 237 235 233 209 208 281 248 278 216 216 235 235 215 215 214 216 241 244 247 224 225 225 350 231 231 233 236
243 231 220 241 226 204 235 238 214 209 282 279 276 241 242 265 250 257 278 260 267 279 290 252 250 284 233 248 273 270 255 249 249 236 240 246 245 221 217 233 283 233 237 236 209 230 230 251 279 279 279 214 214 214 215 280 215 280 241 244 293 225 226 227 229 231 232 235 237
246 232 249 239 198 206 235 211 210 283 216 277 273 239 258 262 248 253 273 275 263 278 290 256 254 269 268 251 221 266 253 252 255 240 238 244 241 216 211 281 253 233 236 232 226 225 273 274 276 276 275 214 215 215 278 217 215 217 242 245 295 226 227 228 230 357 361 237 239
250 266 225 174 224 229 208 207 205 279 213 212 240 237 257 260 245 249 251 272 260 274 251 263 258 232 271 249 269 267 258 261 262 241 235 239 239 212 225 248 278 230 231 230 275 274 273 213 269 276 276 275 212 329 217 217 218 283 221 246 251 228 227 229 231 233 235 238 400
256 243 187 285 231 230 168 207 279 278 211 208 238 255 256 259 261 245 267 270 258 233 251 261 263 240 236 243 261 268 266 263 256 234 229 231 231 224 222 278 259 260 233 276 251 273 273 271 270 276 276 212 213 212 280 217 243 221 290 250 252 225 228 231 232 247 288 240 243
261 248 268 258 245 232 208 209 282 281 272 268 236 254 258 258 259 241 244 248 258 231 245 256 263 252 248 260 265 266 259 255 249 240 235 236 237 274 273 248 278 277 255 273 274 274 272 270 268 273 274 232 211 278 313 316 322 327 334 226 299 240 349 244 235 236 238 242 245
265 254 246 238 229 212 206 278 281 218 274 240 236 237 203 258 202 256 257 263 254 265 235 250 263 265 252 259 254 247 241 242 242 237 235 236 235 233 249 251 274 283 277 273 271 269 267 267 272 272 273 232 234 280 285 362 327 332 335 299 227 229 263 245 236 262 254 296 247
271 262 254 246 238 225 206 275 280 274 272 241 237 189 190 209 202 252 251 257 249 261 269 244 254 261 249 252 245 238 238 241 242 240 239 239 237 234 256 259 259 276 276 272 270 268 267 247 246 272 274 309 310 279 283 324 327 333 338 342 258 261 233 390 369 241 257 246 303
273 266 258 250 245 301 279 279 221 345 343 273 240 189 190 210 267 249 248 253 245 222 234 239 241 248 249 272 245 248 253 254 251 244 236 235 237 232 260 267 268 263 274 253 272 266 265 271 271 271 271 274 276 280 284 324 290 335 253 255 229 233 312 237 240 244 247 265 255
260 254 259 252 313 305 228 224 202 248 246 245 241 238 189 208 266 250 248 250 242 255 228 232 271 279 282 236 237 247 255 260 255 243 233 231 232 235 267 266 262 279 251 246 244 245 245 269 271 273 272 274 276 316 282 284 329 334 251 255 229 234 313 238 212 216 251 255 285
257 251 323 317 313 307 271 320 314 248 246 243 240 237 236 264 264 250 248 248 238 249 220 223 228 234 236 234 221 233 247 254 247 235 231 233 231 226 282 279 268 17 16 243 242 261 241 265 267 269 271 274 276 238 216 218 329 249 251 255 260 234 237 279 214 218 255 350 289
256 250 322 317 313 278 220 257 252 250 274 271 267 236 234 263 263 264 248 246 252 244 214 219 225 228 231 222 223 229 233 241 237 228 228 231 227 225 20 16 12 13 228 259 259 242 262 265 266 206 268 272 274 313 240 242 246 249 252 257 261 235 273 283 215 220 257 286 292
255 249 322 317 312 278 273 254 278 276 274 269 264 234 262 262 262 204 232 246 231 257 209 215 222 227 226 217 244 223 224 228 226 222 227 228 222 217 12 6 7 11 229 239 258 240 261 263 266 207 269 208 273 277 214 284 245 250 253 286 292 234 275 285 295 221 349 218 295
253 328 322 317 312 279 274 268 277 276 275 268 262 260 261 261 262 261 230 246 230 235 205 215 222 225 226 213 237 215 218 219 218 219 225 226 220 273 12 7 14 248 231 233 232 255 257 260 263 206 268 206 271 211 279 284 271 249 281 287 263 233 277 287 284 222 285 219 223
254 328 323 319 314 281 264 283 278 278 276 267 260 260 260 261 232 232 230 228 230 199 206 216 220 220 229 216 233 208 213 215 218 219 222 181 177 209 255 14 20 233 246 238 236 255 256 258 201 223 206 272 273 274 278 319 269 275 253 286 263 205 209 386 284 342 285 219 295
256 250 326 355 303 274 267 286 282 284 279 267 261 262 261 261 259 230 230 231 230 199 210 216 216 218 231 252 231 204 208 214 218 221 218 214 210 257 254 252 257 232 253 249 246 252 255 256 259 202 226 208 210 273 212 281 267 274 280 287 264 205 272 282 285 341 215 218 221
311 250 318 353 309 304 298 292 291 289 280 269 208 208 263 260 257 229 229 27 235 200 209 212 31 217 226 251 232 195 203 209 215 219 215 208 205 206 206 207 211 242 249 244 245 245 252 254 258 260 262 225 270 276 275 239 243 273 279 259 265 267 272 280 229 342 262 219 221
259 325 322 320 256 288 285 304 299 290 280 341 264 262 260 257 254 227 233 33 33 31 241 243 205 29 216 210 202 191 197 205 209 214 213 209 207 209 210 208 204 211 244 246 240 243 244 251 254 199 200 202 225 230 276 318 325 272 250 257 266 268 273 280 287 345 353 291 296
261 328 268 267 70 87 303 289 243 290 222 218 269 263 259 254 21 23 28 39 44 36 32 211 213 231 223 197 196 193 197 205 208 212 215 215 213 215 214 208 205 205 239 239 241 243 250 251 254 199 201 224 226 230 276 238 326 247 251 258 266 268 275 281 288 294 354 200 232
263 274 270 271 78 93 301 250 237 280 211 264 261 258 255 190 188 21 30 44 214 204 209 216 219 230 194 194 195 192 192 203 207 212 215 218 221 222 218 210 204 206 242 242 239 243 241 242 249 252 256 200 225 230 211 278 327 249 254 259 266 368 277 282 288 349 195 201 208
308 260 272 67 86 97 299 250 233 271 251 249 250 249 186 188 188 22 209 210 201 198 209 216 213 200 193 214 191 187 185 193 200 206 210 215 220 223 221 211 204 206 241 236 235 242 241 240 247 250 254 199 262 227 231 277 240 335 255 260 205 370 277 217 290 190 196 202 208
307 272 268 268 71 83 89 84 217 223 237 298 238 240 182 186 22 27 208 204 198 219 226 207 201 196 216 214 193 189 187 189 194 199 205 210 213 215 214 211 207 208 237 235 236 239 239 243 232 249 253 256 261 203 227 274 282 331 255 262 206 209 277 284 290 192 197 203 208
248 268 263 294 59 68 62 209 181 198 197 170 176 174 178 216 25 200 201 200 219 218 197 197 195 194 214 192 192 191 189 190 194 199 204 208 211 211 211 211 209 205 201 232 234 236 238 244 192 193 195 197 259 203 206 232 280 329 337 350 206 209 278 285 188 193 199 205 212
302 265 292 321 51 268 235 209 189 196 158 166 171 170 174 211 189 194 228 216 217 218 219 216 213 214 190 190 189 190 190 192 195 199 204 208 210 212 213 211 208 205 203 233 203 236 237 242 244 246 194 196 258 203 228 233 213 218 251 257 264 271 277 183 187 152 200 208 215
279 263 323 313 41 251 224 202 186 193 181 133 167 136 171 209 182 188 212 214 216 218 197 192 187 190 190 189 189 191 191 193 195 200 203 206 208 210 211 209 207 205 203 200 200 232 233 240 241 244 246 251 256 201 204 208 213 217 249 257 263 270 176 181 148 153 157 246 214
268 260 317 302 280 254 238 173 163 191 176 161 166 134 169 207 178 184 210 213 216 217 219 190 187 188 189 188 189 191 191 193 195 199 201 204 206 207 208 207 206 203 190 186 185 186 229 236 239 242 245 250 255 199 202 206 235 215 334 256 262 269 174 143 147 213 217 222 163
275 325 273 291 266 215 203 169 191 156 154 157 215 162 168 206 178 206 211 215 217 219 219 186 187 187 187 188 189 190 192 192 195 198 200 202 204 204 205 204 203 202 200 187 184 185 186 235 237 239 242 246 283 291 202 305 276 283 333 199 203 207 138 203 206 148 213 156 159
258 315 299 280 261 213 177 167 191 157 155 156 216 158 165 205 177 205 210 214 216 216 191 188 188 187 187 187 187 189 191 192 194 196 198 200 201 202 202 202 201 200 187 184 181 181 229 231 186 189 240 245 250 289 296 268 274 214 219 197 258 133 136 200 203 205 148 151 153
247 300 289 270 253 206 194 164 190 157 155 156 157 157 163 204 177 184 212 216 217 216 190 188 188 187 187 186 186 187 189 190 193 195 197 198 199 200 164 200 200 199 187 184 180 178 178 179 181 185 238 244 278 282 256 262 270 212 218 197 259 194 196 198 200 144 146 149 151
298 288 244 260 245 200 190 183 159 157 155 156 157 160 195 204 177 184 190 158 250 191 189 187 187 186 186 186 186 187 188 189 190 193 194 196 197 197 198 199 198 197 186 183 179 175 175 175 177 182 237 243 276 279 195 259 205 210 216 291 256 258 194 137 140 143 146 185 148
289 280 267 250 236 226 187 161 159 157 156 157 157 161 196 205 213 208 215 193 249 245 153 186 185 185 185 186 186 186 186 187 188 190 192 193 194 195 196 197 197 196 184 181 178 173 172 172 174 179 236 243 191 247 214 199 205 210 215 220 224 201 192 195 139 143 145 145 147
