---
BL Max. Up/Down Motion [cm/s] Valid 1300 PST ~Z75~(2100Z)~Z~ MON 22 May 2017 ~Z75~[21hrFcst@1255z]~Z~
Model= RASP Region= PANOCHE Grid= w2 Reskm= 1.3 Indexs= 1 69 1 63 Proj= lambert 1333 1333 40.0000 40.0000 -73.0000 36.8890 -121.0672
Day= 2017 5 22 MON ValidLST= 1300 PST ValidZ= 2100 Fcst= 21.0 Init= 12 Param= wblmaxmin Unit= cm/s Mult= 1 Min= -134 Max= 271
-9 -10 -11 -14 -15 -14 -12 -12 -12 -12 -11 -9 -8 -7 -8 -8 -10 -12 -17 -19 -18 18 28 58 103 109 92 45 17 20 27 28 25 16 -14 -13 -12 12 14 14 -16 -19 -23 -24 -24 -22 -25 -22 -15 -13 -11 -13 -11 -7 13 16 11 -7 -17 -17 -17 -14 -5 20 31 33 26 24 11
8 13 9 10 11 12 13 -11 -18 -20 -14 -8 -7 -6 10 12 11 -11 -17 -23 -18 21 52 90 126 142 110 68 22 15 -25 26 19 15 -18 -17 -18 -18 -17 -9 -20 -18 -24 -24 -25 -22 -27 -21 -21 -22 -21 -19 -14 -8 27 40 26 -7 -13 -10 -10 -13 9 16 24 25 33 36 13
7 23 7 8 11 14 16 13 -15 -16 -14 -8 -5 -5 7 9 10 10 -13 -17 17 29 53 80 102 112 86 47 18 20 -24 22 21 -17 -10 -10 -10 -12 -10 -9 -18 -20 -22 -25 -26 -23 -19 -16 -17 -20 -18 -16 -11 -8 16 25 15 -6 -9 -7 -7 -9 -6 9 14 16 24 28 10
-6 36 9 13 15 17 18 -15 -14 -14 -13 -9 -7 -7 -5 -5 7 12 15 17 25 33 42 58 61 62 52 40 28 23 22 19 17 13 6 5 5 -6 -5 -9 -18 -20 -23 -25 -27 -24 -18 -14 -11 -16 -16 -12 -12 -10 -7 -6 -7 -7 -6 -5 -5 -7 -8 -9 -11 -11 10 13 -7
-10 -29 12 17 20 22 20 -13 -11 -11 -11 7 -5 -3 -5 -7 -6 16 26 22 26 20 167 26 -14 -9 -13 15 27 29 28 16 -15 -25 -28 -19 -23 -23 -8 17 -15 -15 -17 -18 22 22 -21 -20 -15 -11 -12 -22 -24 -18 -9 11 -21 -39 20 -23 26 -33 -25 -7 -9 -13 -10 -12 -9
-11 -30 15 21 22 21 -19 -17 -13 -14 -14 18 28 34 34 24 20 25 42 64 94 165 133 -60 -29 -30 -24 -26 -19 22 30 41 33 13 -9 -10 -10 25 41 21 12 11 -13 -15 -20 21 -21 -18 -16 -17 16 -13 -20 -23 -30 18 51 -31 -29 17 40 22 11 -23 -24 -14 -11 -10 -14
-14 -18 16 21 21 18 -16 -19 -17 -18 -15 -14 -13 21 33 45 45 49 24 47 48 170 239 -56 -39 -30 -28 -34 -38 -44 -42 -21 46 70 53 -42 -29 23 12 -8 15 14 15 -15 -18 21 20 -17 -20 -19 -13 14 15 10 -24 -47 17 40 -26 -24 -8 -19 17 52 -36 -18 -13 -14 -17
-18 -10 19 22 23 17 -15 -17 -17 -17 -17 -15 -12 -10 -13 -9 -11 24 32 34 48 -24 215 63 -27 -32 -34 -43 -44 -50 -60 -82 -88 -47 79 180 185 99 61 62 39 34 28 22 -19 -21 -19 -16 -21 -18 -13 -19 -18 10 45 -31 -37 26 19 -19 34 13 -42 81 -10 -23 -16 -17 -17
-22 -9 -16 -20 19 16 -12 -14 -14 -17 -17 -19 -14 -12 -21 -13 -22 -9 14 23 48 24 210 98 -19 -21 -24 -37 -44 -49 -46 -44 -64 -101 -93 -31 73 101 64 40 24 17 -15 -11 -16 26 33 30 17 -13 -13 -13 -27 -31 -14 17 -24 -10 28 -64 -44 -14 -21 27 40 -17 -13 -16 -15
-26 -17 -19 -21 17 16 12 -13 -14 -22 -19 -19 -16 -13 -13 -12 -12 -12 39 33 41 -36 35 184 120 20 20 -22 -28 -24 29 -24 -33 -50 -82 -89 -65 -27 57 71 58 51 39 31 19 -24 26 20 -18 17 29 22 18 -10 -6 -16 -32 11 85 -13 -15 -53 -50 35 14 -8 -9 -11 -10
-28 -21 -22 -25 -19 -19 -14 -14 -15 -16 -11 -18 -23 -28 -30 -38 -56 -79 -73 -56 -50 -64 -57 159 106 -20 -17 -25 11 16 -20 -25 -42 23 30 -40 -49 -72 -55 -34 -26 -18 19 19 -15 -22 25 -19 -33 -27 -37 -30 -27 -18 8 56 9 -51 -11 77 87 -31 -52 16 15 -6 -8 -9 -7
-24 -21 -22 -26 -26 -24 -18 -15 -13 -12 -10 16 -14 -16 -16 8 18 28 -42 -58 -30 -33 136 197 32 -35 -34 -18 -13 -15 -24 -31 33 97 66 68 41 29 -26 -26 -29 -31 -21 -19 28 36 36 30 30 41 42 25 19 12 -46 -7 82 -24 -30 -45 76 82 -12 -13 -9 -6 -6 -7 -7
-21 -24 -22 -25 -26 -24 -23 -18 -13 -12 -9 14 28 -19 -21 34 64 110 93 69 141 32 195 269 47 24 -20 -13 -19 -25 -21 18 83 -22 46 41 -21 -19 19 11 -14 -20 -27 -30 -28 -27 -30 -39 -34 -34 -21 -28 -29 -9 11 -9 30 32 32 -30 -40 50 -12 -10 -13 -6 -5 -5 -8
-18 -21 -21 -26 -29 -30 -28 -21 -17 -13 10 12 32 72 -16 -25 35 46 145 271 72 22 202 194 51 34 -26 -13 -32 -25 -9 61 36 24 41 37 -30 -32 -28 -18 22 32 32 28 27 26 27 27 23 17 -13 -13 -25 -23 -25 -20 33 -43 55 -38 -14 51 38 -7 -11 -5 -6 -7 -9
-13 -11 18 -22 -31 -32 -27 -27 -21 -15 -10 -9 -23 -33 108 -40 -31 -31 207 48 -75 25 83 70 23 -13 -26 -11 -15 -25 67 46 -28 -23 26 27 27 -28 -27 -40 -42 -39 -33 -29 -27 -26 -23 -18 -18 -14 -16 14 -14 7 -25 -16 37 -17 27 -11 -38 -12 19 13 -11 -5 -5 -6 -9
-13 -13 19 -21 -30 -28 -29 -27 -23 -18 -10 -16 -18 -26 88 42 -44 134 120 29 -61 -47 -22 18 -39 -44 -66 -24 -26 70 75 -32 -30 16 29 30 54 65 52 38 27 21 17 14 17 16 -17 -17 -14 -14 -24 -14 -11 -6 -16 -15 7 -27 26 13 -21 35 22 13 21 -5 -5 -5 -6
11 -14 19 21 -28 -32 -30 -25 -20 -17 -10 -13 -40 -49 80 103 199 208 -17 -49 -35 -132 -134 -77 94 -72 -77 -27 56 124 24 -46 31 33 26 21 18 34 32 18 -16 -14 -12 14 14 -16 -18 -18 -17 -16 -25 -19 -11 22 -2 -10 42 -18 -22 20 -18 -17 -9 -18 21 -4 -5 -5 -5
11 -16 19 21 -27 -33 -31 -27 -19 -12 -26 -21 215 140 -10 30 60 -34 -25 59 91 100 204 -99 60 198 174 -13 92 88 -52 -25 52 -18 18 12 -15 -22 44 45 28 13 -12 -15 -14 -12 -15 -16 -16 -14 -15 -13 -25 -24 -6 -13 -5 -14 -17 -12 -13 -13 -12 -18 17 -5 -5 -5 -5
-15 -12 18 20 -22 -27 -32 32 -15 -26 31 259 108 23 -57 -38 25 58 -33 -13 48 127 126 97 121 177 67 143 173 46 -66 55 37 -19 30 23 -17 -24 34 50 25 -12 -13 -8 -9 -11 -14 -14 -12 14 24 20 12 -19 -19 -13 17 -10 -39 -13 -17 -19 -16 -32 15 -6 -6 -5 -8
-18 -11 18 20 21 -26 -32 37 78 47 241 93 37 -27 -57 -20 26 -28 -29 26 34 34 24 23 29 20 -47 75 155 -23 -16 87 16 -15 23 -30 -65 -22 64 51 50 27 29 18 13 -13 -15 -15 -14 -22 -17 -16 -9 10 -7 -25 -18 64 -21 -30 -15 -11 23 -34 -12 -6 -7 -5 -9
-17 6 17 19 -21 -30 -26 -35 65 230 172 47 -39 -31 -39 13 11 22 -9 12 28 45 28 38 23 28 48 -66 234 56 32 52 -33 -19 -32 -13 78 149 60 31 21 12 -7 -9 -9 -11 -15 -14 16 -13 -19 -9 -26 -11 22 47 -27 -22 29 -31 -28 -24 29 -26 -8 -5 -5 -3 -8
-17 -7 16 18 -25 -26 -27 23 29 145 30 58 27 -12 -30 12 17 12 -22 -15 27 25 -25 26 -42 19 -43 -63 82 92 119 44 25 16 20 53 59 51 40 32 32 20 12 -10 -9 -11 -14 -18 -17 -11 -10 -11 -9 -33 -41 24 21 13 -25 -20 -24 -16 28 -30 -9 -4 -3 -2 -6
-16 -7 16 17 -25 -31 -28 -27 93 104 27 22 40 12 -22 9 16 14 -36 -13 18 6 29 26 -55 90 44 -39 113 229 124 42 19 -36 -30 -27 -25 33 -26 -21 -18 -13 18 24 23 22 17 13 10 13 17 -10 11 41 -12 -24 -6 34 -10 -18 -34 -25 38 -16 -26 -4 -3 2 -5
16 7 18 18 -27 -28 -27 -30 101 35 -27 22 24 18 -17 -11 12 -24 -39 28 27 16 17 -47 -43 88 59 -69 42 181 139 82 68 63 66 49 65 63 50 27 -18 11 -23 -30 -32 -31 -14 -11 -9 -11 -9 -8 -29 10 4 19 -4 -34 43 40 -32 -20 6 -6 -19 -4 -3 -2 -6
18 8 21 19 -27 -24 -31 -24 205 18 24 24 15 11 -11 -13 -17 -28 -13 39 24 14 -6 -46 -30 104 204 -76 -44 57 72 60 48 -44 23 42 38 26 -22 19 23 37 49 68 56 36 20 16 13 12 -13 18 -7 9 -21 -23 63 -32 -39 36 -10 -38 -13 15 -13 -3 -3 -3 -8
19 -8 22 20 -30 -22 -31 102 128 36 33 24 10 8 -11 -14 -19 -27 11 34 18 7 -12 -45 -30 55 180 -39 -59 -22 25 26 23 -27 -16 36 23 -15 -13 -14 -22 -29 -31 -26 -18 -16 -15 -11 -9 -15 -10 -23 -11 22 44 -38 -11 53 -33 -10 51 -17 -20 -9 17 -6 -4 -5 -9
19 -9 22 21 -32 -23 -22 127 22 41 23 15 13 -7 -8 -16 -22 -24 15 26 12 -13 -26 -44 -34 -21 80 21 -33 -43 19 11 -15 -21 -16 24 23 25 30 32 25 12 -9 -12 -15 -16 -14 -10 9 -17 -17 -9 -32 -43 18 17 -47 34 -27 -34 28 51 -26 -27 40 -8 -5 -5 -9
32 -12 22 21 -29 -24 26 130 -47 30 8 14 -12 -11 -11 -17 -22 -19 23 25 29 23 -26 -28 -33 45 232 62 -9 -28 -31 26 13 -17 -11 -13 -15 -19 -19 -19 -13 -9 -9 -11 -16 -15 -13 -11 11 9 -22 -15 -9 -24 -41 52 -34 12 28 -17 -39 47 -13 -42 55 -8 -5 -4 -9
48 -14 21 20 -24 -27 97 170 -44 19 -15 30 -21 -15 -12 -18 -21 -13 24 24 18 18 -22 -18 -26 73 248 43 -11 25 -27 -36 -16 -14 -12 21 29 29 21 13 -6 -5 -11 -12 -19 -18 -15 -11 -10 7 -18 -16 -20 -9 -22 21 22 -42 12 -9 -13 -7 29 -49 40 -8 -5 -4 -9
61 -13 20 16 -23 45 191 78 32 38 23 25 -20 -16 -15 -17 -17 -15 24 17 -13 -17 -21 -14 22 34 155 55 -34 27 19 -22 -35 -23 -21 -19 -22 -21 16 21 13 11 -9 -10 -19 -19 -10 -9 -13 -5 -13 -25 -13 31 20 -21 70 -14 -10 -14 -26 17 19 -45 50 -9 -5 -4 -8
68 -16 16 -13 -18 124 34 -18 33 35 -18 -16 -15 -17 -18 -15 -12 -17 22 -14 -16 -16 -21 -14 -18 -14 123 100 13 52 34 21 -11 -14 -26 -20 -19 -18 -22 -15 -10 -18 -10 23 45 47 25 10 4 2 -12 -27 -37 -25 16 -17 6 -9 19 -13 -27 -27 42 -43 53 -8 -6 -4 -8
71 -17 14 -22 44 100 -39 16 -21 -20 -25 -18 -18 -20 -21 -17 -15 -21 -23 -16 -18 21 -24 -20 -17 -19 132 174 -15 52 51 58 49 56 47 41 27 -14 12 -28 -31 -24 -24 -25 -23 -18 -19 -11 19 27 25 23 9 -12 -18 -20 36 -36 -11 13 -29 -24 13 -30 44 -5 -6 -4 -7
71 -15 14 -27 100 116 -26 23 -23 -24 -24 -21 -22 -19 -23 -23 -20 -23 -25 -18 -21 22 -24 -18 -22 -25 53 172 -25 46 39 -18 -21 -19 -17 -18 21 41 47 43 36 -6 -19 -20 -24 -25 -22 -21 -35 -34 -43 -32 17 4 -19 -23 -23 22 -23 22 -23 -26 -29 -26 14 -5 -4 -3 -5
66 -18 12 -14 182 61 -16 -20 22 27 -26 -27 -23 -20 -26 -28 -24 -28 -26 -19 -19 25 -25 -20 -36 -26 35 190 12 40 -42 -68 -54 -47 -40 -34 -27 -26 -20 -17 -10 26 41 34 37 53 46 25 16 7 -10 -32 -30 -13 8 -11 -29 55 -15 28 -10 -28 -13 -20 -26 4 -2 -2 -3
61 -11 -13 -11 121 19 -16 19 32 35 -33 -38 -32 -23 -31 -32 -25 -27 -26 -19 21 34 -29 -27 -29 33 61 131 -33 36 29 72 71 78 77 52 22 -31 -44 -22 -18 -29 -37 -46 -55 -46 -22 -5 41 42 44 20 -7 -13 -16 -23 -32 -37 -13 -11 40 -18 -10 -9 -17 5 2 1 -1
55 -9 13 -16 92 83 -16 22 -27 -36 -36 -34 -32 -27 -34 -39 -31 -30 -33 -23 -21 35 36 -24 -28 -64 -36 135 -9 44 33 30 -20 -29 -34 -19 21 62 43 -39 -48 -30 -21 14 24 -7 -21 -39 -39 -41 -37 -7 62 43 -41 -14 -23 14 -45 -15 20 -8 48 16 -9 -2 1 -1 1
50 10 14 -22 -31 85 32 -32 -34 -41 -26 -23 -22 -22 -27 -40 -38 -33 -35 -25 -19 36 49 31 -31 87 223 177 149 78 74 65 72 62 25 -41 -59 -51 -14 53 63 43 38 37 25 37 47 47 32 7 -20 -57 -44 83 56 59 39 -12 18 -26 -9 -35 -6 9 38 -3 1 2 3
43 11 16 12 -62 -41 -48 -39 -32 -32 -23 -18 -14 -15 -17 -25 -34 -35 -32 -26 -23 36 57 38 -24 63 82 -47 60 63 55 32 27 -29 8 80 84 63 49 20 -45 -31 -25 -25 -23 -29 -32 -22 8 39 60 43 12 -35 56 41 29 49 30 -23 21 15 13 -26 23 -3 2 3 5
34 11 16 14 -10 -49 -56 -47 -33 22 -20 -15 -14 -11 -10 -16 -20 -40 -37 -29 34 31 44 54 48 34 174 -48 -42 36 22 30 44 56 47 21 -11 -8 20 44 56 38 34 35 27 26 21 6 -18 -38 -35 -11 10 -21 -12 -12 -11 -28 28 -21 -26 -9 -20 15 21 1 -1 -2 5
24 10 15 12 7 -12 -22 -39 -30 -17 -15 -17 -14 -10 -8 -9 -17 -40 -43 -33 34 -30 26 44 53 40 96 161 -72 -81 -83 -60 -54 -45 -26 -23 61 64 20 -17 -19 -12 -22 -20 -14 -20 -9 -8 30 35 12 -4 65 -19 40 17 30 -11 -10 -8 -9 10 -12 -29 18 3 -3 -6 5
16 8 13 10 -5 -12 -16 -15 -12 -14 -18 -20 -13 -8 -7 -8 -19 -40 -45 -37 33 42 -36 -30 35 38 39 161 -31 -51 -44 45 43 35 -34 -40 -32 -28 -23 -20 -26 59 50 13 28 -8 -10 -21 -33 -8 9 -29 -16 -24 -28 -11 -10 -13 -11 -19 -30 -15 43 -47 -24 2 -4 -8 5
12 6 10 7 -6 -11 -15 -17 -13 -12 -14 -15 -13 -9 -7 -9 -20 -40 -44 -41 -35 44 -36 -25 27 33 60 20 111 63 112 109 47 44 23 -29 -37 -38 -35 -30 -35 -36 -24 -13 -17 27 -8 21 -8 -14 20 11 38 -24 -10 -11 37 -10 -7 16 -22 -37 62 -25 -19 -3 -7 -13 -2
10 4 5 5 -7 -13 -15 -13 -12 -11 -7 -8 -11 -9 -7 -11 -21 -39 -40 -42 -32 -38 -33 -26 24 32 -21 -44 52 235 145 38 46 32 -16 -21 -28 -36 -32 -29 -24 -53 -36 53 -27 -10 -13 -15 14 -14 -2 -23 6 -14 -24 -45 -11 8 -18 -7 -8 -34 60 -9 -17 -6 -10 -17 -5
8 -3 -2 3 -7 -14 -15 -12 -13 -14 -10 -10 -10 -9 -7 -11 -20 -37 -33 -35 -36 -34 -33 -23 21 20 -32 -34 189 98 42 -26 30 16 -15 -19 -32 -35 -23 -17 -28 -30 50 -10 24 -18 18 -30 -18 -23 18 7 24 14 60 -23 -22 15 7 -7 -12 -32 64 7 6 -10 -13 -20 -9
6 -3 -3 0 -5 -12 -13 -9 -6 -9 -13 -13 -9 -8 -7 -11 -19 -28 -29 -33 -30 -35 -30 -21 19 -20 -28 34 139 27 -20 -15 13 -13 -9 19 -30 -35 -26 -13 -35 -43 41 -24 14 -22 -7 -7 -5 -23 -25 -28 15 -56 -22 42 -37 -8 16 -7 -9 -39 34 5 8 -11 -14 -20 -10
5 -3 -3 -3 -4 -9 -10 -8 -4 -8 -20 -23 -8 -7 -7 -12 -19 -32 -32 -29 -34 -36 -24 19 17 25 -29 43 93 19 -12 -12 -12 -5 -7 19 25 -31 -16 -14 -38 42 101 -20 18 -11 -10 -13 -5 -21 -12 -17 50 16 -18 44 -5 -23 29 -10 -7 -40 30 18 -12 -10 -14 -20 -10
4 2 -2 -2 -4 -6 -8 -6 -3 -7 -23 -30 -8 -7 -7 -14 -14 -24 -33 -34 -34 -28 -19 -21 -18 33 -32 45 87 -30 -7 -12 13 9 -10 -12 -22 -32 -34 -29 -50 -41 -40 -39 -38 -27 -16 -18 -28 -13 -26 -29 -33 -9 21 -54 58 -26 19 -6 22 -38 -12 36 -12 -7 -13 -18 -10
4 2 -1 1 -5 -7 -6 2 10 -9 -31 -31 -6 -8 -10 -9 -15 -22 -26 -32 -34 31 27 -19 -15 26 -36 -36 168 44 39 13 15 11 15 12 14 21 -16 -41 -27 137 47 52 43 41 20 23 7 13 20 -21 29 -35 67 -31 -8 18 18 -11 21 -14 -6 31 -10 -6 -9 -12 -8
4 -2 2 3 -5 -7 -6 3 12 -17 -35 -21 3 -7 -8 -11 -16 -15 -19 -13 -22 24 40 -18 -22 27 40 -23 55 145 37 -9 -10 -12 20 -18 -15 -16 -31 -36 59 53 -55 -55 -54 -34 -27 -15 -14 -19 -11 -11 -8 -12 41 8 -23 -13 17 -6 -6 12 -28 33 10 -4 -6 -7 -4
4 -3 3 2 -3 -5 -8 -7 -7 -22 -23 -7 -6 -6 -8 -12 -15 19 31 -14 -30 -12 20 -26 -25 -13 -19 -18 -27 40 -6 -20 -16 -18 -21 -19 -14 10 12 -9 10 -36 47 50 68 45 22 10 -11 -23 -13 -17 -14 -21 -8 41 -7 -21 -9 -7 -5 30 -20 -4 18 -3 -3 -2 -3
5 -4 4 4 -4 -5 -8 -18 -29 -30 -11 -2 -10 -7 -9 -10 -4 24 37 -15 -41 -28 11 26 -42 -36 -28 -38 -38 59 70 -54 -17 -17 -12 22 23 16 14 19 27 26 -18 -34 -33 -29 -28 -23 -19 -30 -28 -19 -11 -28 -7 17 13 -33 -16 -10 -6 33 -15 -6 5 -3 -3 -3 -3
9 -5 6 5 -6 -7 -5 -20 -36 -33 8 5 -9 -8 -8 -8 10 34 46 -15 -26 -18 31 40 -23 -29 -36 -22 -26 -32 184 58 -9 -13 7 7 14 22 24 -16 -49 -34 -13 -24 -33 -14 21 36 38 22 -9 -23 21 -12 -13 27 47 -11 -26 -14 -14 34 -6 -20 5 -3 -6 -6 -4
13 -4 9 8 -9 -9 -8 -21 -40 -38 -11 7 -10 -9 7 16 23 39 38 -20 -23 -29 33 23 -12 -15 -23 -22 -45 -74 -31 140 11 -10 9 -10 45 48 22 17 33 99 55 36 43 45 -13 -22 -12 11 9 -17 -20 -16 -9 -21 30 48 -14 -21 -32 -7 10 -19 -13 -5 -7 -8 -5
15 -5 11 9 -8 -12 -13 -24 -44 -35 -12 -24 -13 -7 13 22 29 33 21 -25 -31 -34 -28 -16 9 9 13 -14 35 -62 -61 89 -14 18 -9 31 34 -16 -28 -27 -8 -35 -44 -45 -23 -5 -6 -6 -12 -12 -9 17 -13 -27 -16 14 -8 25 36 -9 -25 -23 -6 -6 -19 -4 -7 -9 -5
16 -5 13 9 -9 -14 -16 -20 -31 -22 -16 -22 -23 -11 11 17 21 18 -18 -27 -32 -29 -22 -12 -7 14 9 -24 45 -26 -30 65 -24 14 11 25 -21 -22 14 37 35 28 45 57 46 16 6 -11 -27 -26 -26 -15 -8 -19 -16 -25 -9 -16 12 29 -7 -15 -7 -11 -30 -6 -10 -12 -5
17 -5 14 10 -7 -11 -14 -17 -31 53 36 -13 -21 -19 -15 16 16 -19 -29 -34 -30 -23 -16 16 8 29 17 -27 61 15 -17 -14 -11 21 19 -17 -26 9 -10 -11 -27 -32 -35 -31 -26 10 16 16 -11 -10 -21 -15 -8 -14 9 -12 -12 -15 -22 -11 20 -12 -14 -10 -23 -8 -11 -14 -6
14 5 13 9 -7 -8 -10 -26 -31 27 -9 -12 -18 -23 -20 -29 -22 -26 -33 -32 -26 -18 20 16 20 24 15 -26 23 52 -19 -21 50 16 5 -25 34 20 14 17 30 39 43 43 28 -7 -23 -12 -9 -9 -7 -14 -16 -26 -16 -13 6 15 -7 -13 -7 -7 -25 11 -16 -10 -12 -16 -8
12 6 13 8 -8 -10 -18 -39 -31 68 -8 12 -22 -29 -23 -30 -33 -32 -29 -25 -18 -16 21 45 -28 76 -23 -27 49 -6 -9 -17 46 -24 -9 25 19 -10 -11 -10 -14 -21 -28 -29 -20 20 47 23 12 -7 11 17 -6 -7 7 6 -10 9 18 -14 -7 -6 -17 7 -2 -10 -12 -17 -12
12 6 11 7 -6 -11 -18 -37 44 36 -10 -17 38 -29 -25 -23 -26 -26 -23 -19 -16 -13 34 13 57 48 -5 -23 48 -45 43 -41 67 -32 63 -7 -9 -12 -11 -6 8 9 13 9 -16 -30 -39 -19 -6 27 12 12 23 11 -7 25 -5 5 -8 -12 -9 -10 -18 6 -7 -11 -12 -15 -13
12 6 9 5 -6 -11 -17 -20 -15 5 2 -2 10 -4 -10 13 16 -18 -19 -20 -20 -16 14 13 23 20 12 5 11 -3 12 -3 14 -6 14 -7 -7 -8 -8 8 9 -10 -12 -12 -11 9 8 4 -5 -11 -11 -10 -10 -9 -10 -14 -13 -12 -11 -9 -8 -9 -9 -13 -14 -9 -8 -8 -12
13 5 7 -8 -11 -15 -19 -17 -12 -7 -6 -5 -2 -7 11 16 19 21 21 -21 -22 16 23 23 21 18 12 5 2 2 7 9 9 8 8 -6 -7 -8 -8 -8 -9 -11 -11 -10 -11 -12 -13 -4 11 21 13 -4 -9 -8 -9 -9 -10 -11 -11 -12 -15 -16 -15 -14 -15 -9 -7 -8 -9
12 4 6 -6 -22 -15 -19 24 -16 -14 -11 -11 -7 -13 -15 18 20 22 20 -26 -42 23 29 29 24 17 8 2 -4 -2 8 12 11 11 9 -8 -8 -8 -12 -11 -9 -9 -9 -9 -11 -17 -20 -7 16 34 24 6 -11 -8 -11 -7 -11 -13 -13 -15 -22 -20 -17 -15 -18 -9 -7 -10 -9
12 10 -6 -14 -17 -14 -14 -14 -14 -12 -11 -11 -12 -13 -14 21 24 24 18 15 16 26 30 29 24 17 10 2 -3 2 8 11 11 9 6 -5 -6 -7 -7 -8 -8 -9 -9 -10 -11 -15 -15 -9 12 17 13 -7 -10 -9 -7 -6 -6 -6 -6 -7 -8 -8 -10 -14 -15 -11 -8 -8 -9
