---
BL Max. Up/Down Motion [cm/s] Valid 1200 PST ~Z75~(2000Z)~Z~ MON 22 May 2017 ~Z75~[20hrFcst@1252z]~Z~
Model= RASP Region= PANOCHE Grid= w2 Reskm= 1.3 Indexs= 1 69 1 63 Proj= lambert 1333 1333 40.0000 40.0000 -73.0000 36.8890 -121.0672
Day= 2017 5 22 MON ValidLST= 1200 PST ValidZ= 2000 Fcst= 20.0 Init= 12 Param= wblmaxmin Unit= cm/s Mult= 1 Min= -139 Max= 293
-13 -14 -11 -8 -8 8 9 10 -11 -16 -20 -21 -23 -24 -22 -18 -17 -17 -19 -19 -13 23 47 69 87 88 70 25 11 -16 21 23 21 -17 -23 -23 -17 -16 -16 -18 -19 -19 -19 -19 -17 -19 -19 -16 -10 -10 -9 -9 -8 -3 13 16 12 -3 -10 -11 -11 -7 5 16 23 23 20 16 -7
-12 -48 -15 8 9 10 11 10 -10 -13 -21 -20 -24 -26 -22 -11 -14 -17 -21 -24 -19 28 63 88 103 113 88 41 20 24 28 23 21 -20 -31 -28 -23 -20 -21 -9 -16 -15 -13 -15 14 13 -19 -13 -16 -19 -17 -13 -10 8 25 38 25 5 -9 -4 -3 -7 9 18 27 28 26 24 -7
-12 -51 -19 -7 9 13 15 13 -11 -16 -21 -20 -21 -22 -19 -11 -12 -13 -13 -14 17 34 60 75 83 88 64 30 -20 -23 -23 21 20 14 -22 -20 -15 -16 -15 -10 -14 -14 -13 -17 17 16 -13 -11 -11 -13 -11 -8 -6 6 16 24 15 2 -7 -4 -4 -6 -6 9 13 15 17 18 -7
-16 -40 -20 9 12 14 16 12 -11 -14 -18 -17 -18 -18 -17 -11 -10 11 14 16 24 34 41 44 43 41 31 20 -19 -21 -21 17 14 10 -7 -11 -11 -11 -10 -10 -12 -13 -14 15 18 18 15 12 9 6 -6 3 3 3 -2 -3 -3 -5 -5 -5 -5 -8 -9 -7 -9 -8 -6 8 -6
-20 -27 -18 12 15 16 16 -11 -10 -13 -18 -17 -14 -15 -13 -8 -8 10 14 15 22 18 102 93 -22 13 17 33 28 26 26 29 35 38 22 -10 -10 -9 9 -8 -9 -8 11 18 23 23 19 15 16 19 -5 -17 -13 -6 -5 12 -8 -31 -6 -9 -5 -35 -33 22 -8 -16 -10 -8 -7
-20 -19 -14 14 16 16 14 -13 -13 -18 -19 -17 -13 -11 -10 8 13 19 24 27 23 94 71 23 56 48 41 47 64 62 51 19 -21 -46 -41 -12 8 10 13 -6 -4 -4 6 11 16 18 16 -16 9 -10 25 4 -16 -14 -19 16 27 -31 -6 22 28 12 -20 -27 -6 -16 -9 -6 -10
-18 -17 -13 15 15 14 -18 -17 -15 -21 -22 -20 17 23 17 14 16 26 41 69 146 221 29 25 -12 -32 -24 -36 -31 -26 -24 34 86 112 95 26 5 25 19 12 15 19 21 19 19 19 19 15 -21 -13 5 12 12 -8 -13 -31 46 -7 -16 -16 -6 42 16 -10 -21 -13 -9 -8 -10
-15 20 13 16 16 13 -18 -21 -20 -18 -19 -20 -20 20 27 25 10 12 13 37 93 261 -12 -26 -35 -29 23 -27 -33 -39 -54 -72 -67 -31 80 150 150 82 37 37 23 17 12 11 14 17 19 17 -14 -12 8 -8 -5 8 33 -34 -26 46 17 -15 -13 9 14 35 -24 -14 -10 -9 -10
-11 19 14 17 17 12 -14 -20 -20 -20 -16 -16 -21 -16 13 21 11 17 10 17 37 159 -42 -28 -33 -34 -34 -32 -31 -35 -34 -37 -56 -76 -72 -36 48 97 80 41 21 13 7 12 13 19 22 20 13 -13 19 -8 -21 -28 -19 -12 -21 -18 41 -53 -27 -11 -33 62 12 -12 -6 -5 -9
-7 14 17 19 18 13 -12 -17 -18 -20 -18 -15 -18 -14 -9 25 28 49 25 69 44 182 159 12 10 -20 -31 -35 -36 -27 -17 19 -23 -36 -47 -61 -59 -24 42 67 54 46 34 25 15 20 27 21 -15 -9 15 23 12 -12 -10 -20 -17 -17 48 13 -23 -33 -38 19 48 -7 -3 -2 -6
7 6 19 20 18 14 -12 -15 -17 -20 -18 -19 -18 -15 -17 -11 29 27 23 25 -28 23 232 56 -19 18 -22 -26 -28 -27 -21 -25 -27 -13 28 -20 -36 -51 -34 -20 -13 -18 17 16 12 22 27 17 -27 -13 -26 -23 -20 13 17 31 -11 -34 22 84 61 -30 -35 -9 9 3 5 5 -5
-10 7 19 21 21 16 -13 -14 -16 -19 -20 -22 -22 -25 -24 -35 -49 -56 -44 -36 -34 -29 229 -25 34 -24 -22 -17 -19 -25 -26 -29 -8 36 53 43 24 26 -27 -14 -12 -14 -15 -15 20 29 30 20 15 23 31 -12 -17 -12 -49 -15 32 -29 -37 -9 91 22 28 -16 -3 5 -3 -7 -5
-16 -11 19 21 23 21 17 -13 -15 -18 -17 -17 -15 -16 -22 16 42 43 -85 -56 87 30 293 65 -39 -21 -14 -14 -21 -23 -23 25 69 -15 50 42 20 -14 -20 -19 -16 -16 -16 -14 -12 -13 -17 -30 -19 -23 -12 -13 -20 18 -15 -14 82 43 -19 -18 -2 9 -8 10 -26 3 -5 -14 -7
-19 -15 20 -25 -27 23 22 16 -13 -15 -12 -12 25 -19 23 37 84 146 247 182 -57 -50 256 117 -22 -3 -19 -18 -20 -15 18 60 -17 25 41 37 26 16 -15 -17 -19 -16 16 18 20 20 18 -14 -14 -13 -14 -15 -36 -20 -13 -21 -32 26 21 -38 29 18 3 32 -12 -2 -8 -17 -7
-18 -15 -20 -28 -28 -28 -26 20 12 -12 12 -18 -23 85 11 -33 -58 -36 148 40 -83 26 204 93 -17 7 -33 -7 -14 22 58 -18 -33 -20 31 33 32 24 -15 -18 -24 -31 -30 -26 -20 -18 -14 -14 -16 -13 -16 14 -27 -15 -35 -12 10 -23 47 -28 -16 34 -6 4 -9 -3 -7 -15 -7
-17 -16 19 -25 -32 -35 -30 -24 22 16 -9 11 -19 -25 56 -65 -53 136 84 -58 -94 -44 97 33 -50 -24 -32 -25 13 76 -18 -43 -16 16 32 28 37 45 33 18 15 15 18 21 20 13 -13 -13 -14 -15 -24 -13 -11 11 -17 -25 -8 -18 38 10 -8 32 52 7 -13 -3 -7 -10 -7
-13 -14 18 -21 -28 -30 -35 -31 25 13 26 -20 -31 140 22 15 115 293 -43 -84 -139 -76 21 25 -22 28 -41 68 57 49 -50 -22 21 -14 25 15 24 47 40 19 -13 -12 -13 -10 -10 -12 -13 -13 -13 -15 -30 -21 -12 21 -8 -12 41 -11 -18 21 -11 -16 8 24 -9 -4 -7 -11 -7
-10 -9 18 -22 -31 -34 -38 -36 27 36 -21 59 150 52 -58 20 78 148 60 -65 37 136 -56 -26 22 12 10 16 83 -24 -47 25 20 -16 20 -17 -20 -25 39 39 18 -12 -11 -13 -9 -11 -13 -12 -13 -13 -14 -10 -17 -22 -9 -28 -17 6 3 13 4 6 6 5 6 -6 -8 -10 -7
9 -8 17 19 -31 -36 -43 -37 -23 34 154 187 82 26 -58 -18 35 82 54 -32 33 66 138 157 177 136 -78 110 90 -65 -24 59 -16 -21 31 22 -20 -26 37 55 28 -13 -12 -14 -14 -11 -12 -12 -12 -12 20 22 25 -16 12 14 -5 -15 -23 12 -11 -19 -20 -14 6 -8 -9 -13 -9
9 -7 16 18 -25 -35 -38 -34 -39 88 182 27 48 23 -35 -18 33 48 34 -13 12 26 63 110 203 127 186 127 -47 -27 41 57 -19 -19 21 -36 -42 31 38 47 37 20 18 15 20 15 15 15 -13 -17 -19 -21 -9 -16 -27 -16 30 49 -17 -23 18 16 -5 -21 12 -9 -10 -15 -9
10 -8 15 17 -22 -30 -35 -35 54 245 69 -52 -37 13 -31 14 34 35 29 12 24 38 37 -34 58 148 160 167 112 -52 36 22 -25 -14 -9 35 98 110 36 32 21 12 6 6 -5 -7 -12 -13 16 26 -15 19 -8 20 10 -18 -43 13 34 -21 -21 -6 29 -15 14 -9 -10 -14 -8
10 -10 14 17 -24 -35 -29 -28 37 193 63 -41 -40 -12 -31 19 -21 -16 16 9 -19 25 -54 -39 41 68 53 30 31 167 90 46 -18 12 -15 20 21 -31 34 29 35 28 24 16 11 -5 -8 -18 -30 -21 -9 -21 -16 -26 17 61 -4 -18 6 -13 -6 -6 -6 -10 -9 -8 -9 -12 -7
11 -12 15 16 -30 -32 -27 -24 -26 136 46 33 -26 -23 -26 13 -18 15 -7 -32 -35 -45 -44 45 45 115 -34 -44 12 200 132 33 -13 -31 -23 -14 30 46 24 -17 -15 -10 -7 9 8 -6 -8 11 -12 12 15 10 -18 -11 -43 7 48 -3 -4 -19 -26 7 10 -13 -15 -8 -8 -11 -6
12 -12 16 17 -33 -34 26 -25 95 87 27 30 26 -28 -23 -14 -12 -9 -28 -22 -24 -29 -24 61 27 91 48 -61 -36 111 178 70 69 58 64 41 47 41 23 -20 22 16 10 8 4 -7 -8 -9 -10 -10 14 26 -9 32 -11 -20 -13 16 28 16 -13 -19 -9 -19 -10 -7 -7 -9 -5
14 -9 18 19 -31 -39 -32 110 170 22 51 36 20 -29 -25 -17 -13 -18 -30 -12 -17 -19 43 44 -34 94 154 -69 -64 -25 85 56 33 -47 -37 43 38 27 21 17 15 13 15 39 30 15 -8 -9 -10 -14 -22 11 -9 26 12 13 -15 -25 -11 20 -9 -11 -12 -10 -17 -6 -6 -9 -5
15 -11 19 20 -26 -35 -31 149 35 42 45 48 13 -28 -33 -18 -16 -26 -23 -13 -11 18 37 18 -40 96 184 -60 -69 -49 -23 32 -22 -26 -32 39 -28 -23 16 12 8 -11 -19 -17 -11 13 11 13 12 12 -10 -18 -12 15 8 33 20 -4 7 -7 -8 -13 -8 -9 -9 -5 -6 -9 -5
15 -17 19 20 -30 -31 66 101 -23 42 27 21 20 -24 -31 -21 -19 -28 -21 21 -18 -21 19 -17 -34 74 99 -24 -48 -61 -38 -26 -24 -26 -20 -24 -21 -16 -15 -15 -14 -10 -14 -14 -16 -9 -9 -9 -10 -18 -19 21 -8 -21 -28 -11 -4 -5 -13 -6 20 -9 -20 -7 -7 -5 -6 -9 -4
29 -13 20 20 -34 -26 105 51 -36 27 -19 -15 -12 -21 -32 -23 -22 -27 -26 25 28 27 -10 -23 -39 121 149 37 9 -24 -37 -31 -30 -21 -21 22 21 18 17 -14 -11 -11 -13 -11 -11 -10 -12 -12 -10 -10 -31 -22 -5 18 19 -30 -11 27 -6 -13 15 14 -31 -15 11 -5 -5 -10 -3
40 -12 19 19 -31 -23 117 31 -26 23 20 -24 -24 -21 -26 -25 -26 -27 -29 19 17 22 -15 -14 22 183 195 -15 61 32 32 -36 -30 -29 -25 -21 26 29 22 10 -6 -8 -18 -15 -24 -18 -15 -11 -10 -12 -17 -16 -34 -27 42 16 -33 -6 11 -17 -7 21 -8 -16 -5 -5 -5 -9 -3
47 -11 18 -15 -26 48 162 -18 27 39 26 -26 -25 -25 -25 -26 -29 -28 -30 -20 -16 -17 -16 -16 14 108 118 -41 -17 29 21 -17 -25 -26 -20 -20 -20 20 13 -9 -8 -12 13 12 -9 -11 -8 -10 -11 -11 -8 -11 11 -21 -36 77 6 -14 -7 -23 -12 16 19 -11 19 -8 -5 -7 -3
50 -11 15 -17 -16 140 44 -20 33 39 -21 -27 -24 -26 -24 -30 -32 -30 -30 -20 -18 19 -17 -14 11 75 104 -28 -12 48 36 15 -16 -16 -10 9 20 16 14 8 -11 -26 -20 -11 31 39 11 -10 -10 -10 -11 -21 -16 -6 -11 -34 25 -5 -6 -8 -17 -18 12 -16 33 -11 -5 -4 -4
52 -10 14 -17 60 97 -42 17 22 24 -20 -25 -20 -23 -21 -32 -34 -32 -29 -23 -24 24 -19 -10 13 55 173 -21 -18 48 43 27 30 33 28 22 -16 13 12 -18 -19 -15 -16 -23 -28 -13 -14 -18 -14 17 13 12 -14 -10 15 -25 -35 13 -5 11 -14 -9 15 -20 38 -10 -5 -3 -4
51 10 14 -22 76 38 -23 19 -20 -23 -24 -20 -16 -19 -16 -31 -32 -37 -35 -28 -27 25 24 12 -27 -16 139 67 -29 50 42 -25 -23 -21 -19 -18 18 25 28 32 30 15 -11 -11 -12 -18 -18 -11 -31 -27 -33 -12 6 -15 10 -8 9 6 -4 24 -9 -14 -18 -19 26 -7 -4 -4 -5
47 9 12 -14 165 60 16 23 23 28 -26 23 14 -15 -11 -23 -25 -33 -37 -27 -27 29 22 -22 -41 41 152 69 -34 45 34 -25 -20 -14 -11 -16 -16 18 11 -22 -28 -21 -10 -13 -12 18 13 27 22 -8 -14 -32 -22 -14 5 -18 -22 23 -17 13 5 -11 14 -10 -9 -5 -4 -4 -5
44 -12 -13 9 164 -18 12 19 33 37 22 -22 -15 -9 -8 -15 -15 -19 -25 -24 -22 36 27 -24 47 146 86 -42 -24 38 26 23 22 20 6 -8 20 17 21 27 23 -13 -24 -37 -36 -23 -10 -9 13 21 32 11 11 -3 -9 -27 -19 -11 3 3 -8 -31 -22 -6 15 -2 -3 -3 -5
41 8 -12 9 168 17 14 26 29 28 18 -17 -14 -5 -9 -11 -10 -16 -18 -23 -24 36 38 -21 77 59 -70 -38 -26 36 51 37 33 39 29 18 20 -13 -34 -41 -39 -29 13 35 24 -9 -20 -30 -13 -28 -23 4 55 22 -27 20 -6 19 -18 25 28 -7 -8 -21 -13 -2 -2 -3 -5
38 8 12 9 98 76 18 32 28 22 17 11 -8 -9 -9 12 -8 -16 -15 -18 -16 34 46 34 55 163 74 157 73 55 37 26 32 23 -14 -19 -27 -17 26 29 18 15 -10 -9 -8 27 24 25 10 3 -20 -44 -29 35 18 7 15 -8 5 -26 16 34 29 -5 -8 -2 -2 -2 -4
33 -10 12 -15 -54 -55 26 -25 -28 23 -14 6 5 -8 -11 -11 -13 -9 -11 -15 16 30 48 37 -33 144 57 69 63 53 54 35 35 25 9 13 25 15 -18 -15 8 -7 16 24 -10 -11 -8 -5 20 27 10 -14 6 52 83 86 51 66 10 -7 -28 -13 30 27 -5 -3 -2 -3 -3
27 -9 13 13 -47 -58 -45 30 31 24 -14 -8 -4 -6 -14 -9 -14 15 9 -14 20 22 34 46 -39 92 95 -50 37 39 24 -18 -17 29 34 22 11 16 35 35 24 10 -6 -11 -9 -10 -11 -15 -13 2 21 18 -13 -28 -28 -4 -29 -3 19 9 -14 -7 -40 21 28 -4 -3 -3 -3
20 9 13 12 -17 -36 -39 -31 26 17 -8 -8 -6 -10 -10 -12 -9 35 -5 -15 18 21 23 37 52 -40 168 -62 -44 -53 -48 -33 -26 -20 -21 30 62 57 -14 -17 24 14 16 24 18 11 9 -5 9 3 -12 33 26 19 28 30 19 -14 -6 -7 -10 25 -10 -18 12 -4 -3 -1 6
14 7 11 10 -7 -20 -21 -21 13 -10 -9 -9 -9 -8 -10 -15 -19 41 7 -10 16 28 23 26 -31 -38 129 128 -46 -39 34 33 31 29 -21 -33 -31 -30 41 -18 -16 30 13 -15 -11 -10 -6 -4 -4 6 -10 -28 -14 -25 -23 -11 34 -10 -14 -22 -15 -8 -8 -28 -24 5 -4 -5 6
10 6 8 8 -6 -9 -10 -6 -6 -6 -9 -10 -9 -10 -11 -14 -20 34 11 -6 14 29 28 -23 -29 30 34 122 -34 21 66 41 48 45 24 -19 -30 -32 -30 -19 -20 -20 32 -13 -12 -13 -8 7 -3 16 40 5 23 -3 8 -9 25 -12 15 -5 -5 8 -7 -7 -12 -4 -4 -5 -5
8 4 5 6 -5 -8 -7 -5 -7 -9 -6 -8 -9 -9 -13 -14 -21 -23 -12 6 12 19 -18 -19 -25 26 -22 -23 193 114 31 17 40 28 -15 -16 -23 -28 -30 26 15 -38 -32 10 -13 -10 -18 -18 -19 -32 -5 -16 6 -33 -28 -19 8 -17 -11 -6 -8 -6 24 -17 -13 -4 -6 -8 -6
7 -4 -1 4 -4 -8 -9 -7 -9 -12 -9 -7 -9 -9 -12 -14 -18 -27 -15 10 10 15 -17 -15 -24 -38 -28 156 117 35 -12 -10 30 16 -15 -17 -25 -31 -24 -22 -29 -30 40 -27 18 -9 33 -5 10 -18 25 1 58 26 -6 -10 -10 13 9 -5 -13 -10 51 -8 -7 -8 -8 -10 -7
6 -3 -2 2 -4 -8 -10 -7 -4 -5 -8 -8 -8 -8 -11 -11 -12 -15 -16 15 -8 12 11 -18 -28 -44 -32 122 42 -27 -13 -9 14 -13 -12 19 23 -27 -21 -17 -30 -38 66 -24 11 -18 -7 -9 -15 -15 -8 -30 -26 -8 20 -7 -7 -8 -5 8 -16 -27 27 8 -7 -9 -10 -14 -10
4 -2 -2 -1 -4 -7 -9 -7 -4 -6 -13 -15 -8 -7 -9 -10 -13 -14 -18 11 9 -6 -11 -21 -31 -42 38 104 14 -7 -12 -12 -11 -11 -10 18 22 -23 -17 -19 -27 53 -24 -21 -15 -6 -10 -6 -13 -12 16 42 19 -14 40 14 -6 14 -6 -6 -12 -24 23 16 -8 -12 -13 -19 -11
3 2 -2 -1 -3 -7 -7 -5 -5 -6 -13 -19 -4 -8 -8 -10 -11 -12 -13 -12 18 8 9 -24 -34 -38 -39 117 -41 11 -19 -9 -12 -12 -10 12 17 -23 -25 -21 -26 25 13 13 -14 -15 -21 -20 -28 -21 -30 -13 11 -16 -27 21 -14 -11 7 -6 -7 -31 8 -9 -8 -10 -14 -20 -11
3 2 -1 1 -4 -8 -7 -2 7 -7 -19 -20 -4 -8 -10 -10 -12 -10 -14 16 10 17 19 -22 -36 -39 -44 152 148 5 28 -8 -11 -13 14 12 -10 14 -16 -33 -21 96 -15 9 8 37 18 36 21 20 16 -17 19 31 -9 -18 23 -9 6 -6 19 -13 20 -13 -14 -7 -12 -15 -10
3 -2 2 3 -3 -6 -6 -2 11 -9 -21 -14 -8 -9 -10 -11 -11 -9 23 -11 -13 15 25 16 -16 -39 -45 38 112 61 21 -8 -10 -14 21 15 -8 -12 -28 -37 -11 56 -12 37 -14 -18 -24 -24 -19 -23 -13 -21 -18 -5 52 -14 -8 -10 -5 -13 10 -13 6 30 -17 -6 -8 -9 -7
3 -2 2 -2 -2 -4 -8 -7 -6 -16 -16 -9 -9 -9 -9 -10 -9 22 17 -13 -22 -16 13 -15 -12 -12 -55 -30 -17 57 -12 -11 -14 -13 15 18 -14 -17 -22 19 93 -13 15 -34 -11 -10 -10 -9 -7 -22 -10 -10 -11 -25 20 30 11 -17 -7 -7 13 -7 -21 23 12 -6 -7 -6 -6
4 -4 3 -4 -3 -4 -7 -16 -24 -24 -9 -6 -11 -11 -14 -7 -6 12 17 -17 -36 -20 13 23 -20 -30 -52 -69 -43 43 10 -7 -8 -7 -10 20 21 17 15 16 -21 -36 -16 18 27 13 13 13 9 -11 -6 -3 10 -4 4 -10 6 -17 -7 -10 -11 39 -19 -6 9 -6 -6 -5 -5
7 -4 5 5 -5 -6 -5 -14 -27 -24 -6 -4 -9 -10 -9 -8 18 24 27 -14 -21 -18 35 35 -32 -28 -27 -47 -36 92 62 -15 4 3 -10 -10 15 22 29 16 -18 24 41 -13 -25 -33 -28 -24 -13 -11 -15 -22 -4 -18 21 37 -7 -11 -13 -9 -15 33 -8 -11 11 -5 -6 -6 -5
10 -3 9 8 -8 -8 -8 -17 -30 -26 -10 -7 -9 -10 -7 9 21 21 24 -23 -27 38 33 -30 -25 -19 -23 -19 -47 16 74 15 11 -9 -6 -12 -6 30 19 -20 -20 40 -19 -21 -14 34 26 27 30 29 15 -5 6 -19 -17 7 40 9 -18 -14 -27 -9 -9 -18 -7 -6 -6 -8 -5
12 -4 11 9 -7 -11 -11 -20 -31 -19 -17 -14 -8 -10 11 13 17 17 13 -23 -26 -28 29 -17 -15 17 13 -14 -24 -20 23 -16 -5 -5 -6 11 25 -5 -11 10 36 13 -11 15 14 -13 -22 -23 -25 -13 -5 2 -11 -18 5 -10 14 37 -10 -9 -20 -19 -8 -9 -14 -5 -6 -9 -4
13 5 13 10 -7 -13 -13 -22 -22 13 -12 -10 -7 -7 8 23 11 11 -17 -26 -26 -25 26 15 11 19 7 -19 73 -27 32 -9 5 -4 10 15 -8 -11 7 14 -9 -13 -9 13 13 24 17 8 -17 -15 -19 -8 -3 -18 -10 -12 -10 -6 28 -11 -9 -10 -9 -16 -26 -5 -8 -9 -3
14 5 14 10 -5 -9 -23 -26 60 -16 -14 -9 -11 -6 -12 22 13 -16 -31 -25 -21 -22 -18 49 51 15 -8 15 27 -23 26 -27 4 7 7 -11 -9 9 14 9 -9 -10 -8 -8 -14 -12 -15 -5 -5 -5 -10 5 4 -6 11 -11 -12 -19 -17 -9 -9 -10 -10 -16 -19 -6 -9 -10 -3
13 5 14 8 -5 -9 -26 -16 29 -21 -17 -23 -6 10 -12 -13 -16 -21 -24 -21 -19 -17 -19 76 12 -12 8 12 -18 -11 32 4 33 3 -5 5 20 19 8 10 16 21 18 21 25 29 23 17 8 -6 -6 -11 -13 -17 -5 -5 11 12 7 -9 9 -11 -22 13 -22 -8 -10 -10 -3
12 6 12 7 -11 -22 -26 53 27 -20 -21 12 -21 -12 -11 -18 16 -17 -17 -19 -18 14 -14 76 -17 38 -7 6 -28 24 -4 -10 10 -16 25 18 8 -4 -6 -7 -9 -10 -16 -17 -22 -22 -10 -6 6 11 13 7 -4 -7 -4 -3 -5 6 11 -13 -7 -9 -16 14 -7 -10 -9 -11 -6
11 6 10 6 -18 -21 -21 48 44 -21 -29 -16 28 -27 -26 -17 12 -14 -16 -16 14 -17 56 76 -11 -4 -15 5 -6 16 -18 22 14 55 6 19 -5 8 -6 -9 -10 -10 -8 8 11 17 18 -9 -7 -5 8 24 28 18 10 24 -6 -5 -9 -14 -10 -11 -18 7 -6 -12 -10 -11 -8
11 6 8 5 -15 -20 -16 -12 -6 -7 -5 -3 5 -5 9 14 16 -19 -21 -22 -20 -16 19 21 9 6 5 6 4 7 6 13 10 16 5 6 -6 -6 -8 -10 -10 -10 -10 -9 -7 5 5 4 3 -4 -7 -10 -11 -10 -11 -14 -12 -12 -10 -8 -7 -8 -7 -12 -11 -7 -6 -4 -7
11 -7 6 -13 -20 -14 -12 11 -7 -9 -11 -9 -5 -5 11 15 17 18 -18 -19 15 18 24 20 13 7 5 4 3 3 11 18 15 12 8 6 -6 -7 -9 -11 -10 -10 -9 -8 -8 -7 -10 3 8 16 9 -2 -7 -7 -8 -9 -10 -10 -10 -11 -14 -15 -14 -11 -8 -6 -4 -4 -4
11 -7 5 -19 -22 -16 -11 15 -12 -13 -16 -25 -10 -11 -13 15 17 19 18 16 17 25 30 20 12 4 3 -4 -7 -2 11 22 19 14 10 8 -5 -9 -12 -18 -11 -8 -7 7 -8 -11 -15 -3 11 24 14 4 -8 -7 -7 -9 -12 -12 -13 -15 -19 -20 -19 -13 -8 -4 -4 6 -4
10 9 -12 -11 -10 -7 6 7 -6 -8 -11 -11 -8 -9 -11 18 21 20 16 16 22 30 31 26 11 3 3 2 2 3 12 15 15 11 7 4 -5 -7 -8 -9 -9 -9 -9 -9 -9 -11 -11 -7 9 12 10 -4 -9 -9 -6 -6 -6 -7 -7 -7 -9 -10 -10 -10 -8 -6 -4 -4 -4
