---
OvercastDevelopment Potential [ft] Valid 1200 PST ~Z75~(2000Z)~Z~ MON 22 May 2017 ~Z75~[20hrFcst@1252z]~Z~
Model= RASP Region= PANOCHE Grid= w2 Reskm= 1.3 Indexs= 1 69 1 63 Proj= lambert 1333 1333 40.0000 40.0000 -73.0000 36.8890 -121.0672
Day= 2017 5 22 MON ValidLST= 1200 PST ValidZ= 2000 Fcst= 20.0 Init= 12 Param= zblcldif Unit= ft Mult= 1 Min= -15534 Max= -5645
-12816 -9379 -9781 -10136 -10437 -10703 -10940 -11015 -10942 -10776 -10540 -10263 -9895 -9675 -9394 -9172 -9159 -9167 -9255 -9306 -6347 -6415 -6410 -6329 -6193 -6120 -6047 -9138 -9112 -9069 -8956 -8838 -8681 -8527 -8409 -8314 -8297 -8356 -8607 -8804 -9312 -9457 -9650 -10077 -10460 -10949 -11088 -10964 -10507 -10193 -10149 -10187 -10296 -10367 -10280 -10432 -10485 -10903 -11011 -11233 -11161 -11208 -10963 -10412 -10386 -10313 -10351 -11052 -11213
-13021 -9734 -10036 -10301 -10598 -10862 -11096 -11164 -11122 -10976 -10704 -10262 -9944 -9674 -9318 -9097 -9109 -9137 -9242 -9312 -6364 -6460 -6478 -6407 -6264 -6205 -6104 -9168 -9138 -9079 -8952 -8813 -8611 -8406 -8251 -8198 -8208 -8376 -8526 -8777 -9163 -9450 -9664 -10017 -10417 -10929 -10908 -10928 -10613 -10357 -10350 -10503 -10266 -10391 -10438 -10434 -10553 -11054 -11226 -11278 -11287 -11234 -10965 -10445 -10412 -10365 -10488 -10643 -11005
-13065 -9598 -10125 -10544 -10836 -11077 -11261 -11291 -11270 -11087 -10800 -10444 -9915 -9590 -9207 -9060 -9053 -9094 -9199 -9283 -6349 -6464 -6518 -6487 -6363 -6316 -6231 -6269 -9205 -9113 -9013 -8773 -8527 -8270 -8096 -8049 -8113 -8227 -8512 -8737 -9116 -9439 -9698 -9998 -10394 -10823 -10915 -10882 -10773 -10502 -10489 -10231 -10256 -10513 -10496 -10385 -10496 -11021 -11197 -11141 -11326 -11275 -11102 -10434 -10430 -10396 -10480 -10972 -11164
-9824 -10082 -10659 -10733 -11160 -11341 -11427 -8419 -8284 -8033 -10734 -10334 -9683 -9283 -9068 -8991 -8986 -9020 -9100 -9204 -6294 -6419 -6512 -6559 -6536 -6565 -6518 -6434 -9269 -9155 -9001 -8723 -8501 -8219 -8038 -7970 -8002 -8194 -8484 -8707 -9057 -9388 -9715 -9971 -10253 -10386 -10461 -10682 -10813 -10562 -10525 -10181 -10225 -10331 -10883 -11054 -10822 -11167 -11125 -11258 -11321 -11343 -11339 -11133 -11026 -11002 -11083 -11141 -11111
-10084 -10625 -10985 -11170 -11399 -11586 -8521 -8537 -8292 -7963 -10650 -9900 -9453 -9161 -8987 -8940 -8943 -9003 -9082 -9171 -6237 -6392 -6535 -6606 -6642 -6689 -6596 -6426 -9177 -9035 -8820 -8601 -8432 -8207 -8015 -7932 -7908 -8098 -8266 -8694 -9028 -9360 -9623 -9877 -10034 -10351 -10463 -10854 -10890 -10183 -10209 -10680 -10794 -10744 -10935 -11209 -11057 -11249 -11277 -11459 -11567 -11828 -11630 -11057 -11306 -11127 -11113 -11143 -11278
-10258 -10525 -10946 -11256 -11507 -11747 -8585 -8543 -8213 -7870 -10507 -10014 -9349 -9006 -8913 -8832 -8758 -8775 -8884 -9029 -6318 -6405 -6543 -6707 -6717 -6905 -6867 -6705 -6446 -9194 -8901 -8596 -8424 -8177 -7981 -7970 -7981 -8104 -8271 -8706 -8987 -9317 -9552 -9874 -10148 -10392 -10644 -10989 -10667 -10837 -10457 -10198 -10829 -10753 -10993 -11244 -11402 -11430 -11216 -11176 -11351 -11665 -11833 -11645 -11461 -11410 -11422 -11429 -11695
-10314 -10685 -10986 -11299 -11585 -8961 -8663 -8465 -8146 -7849 -10527 -10087 -9299 -8883 -8752 -8645 -8584 -8670 -8865 -5988 -6127 -6050 -6505 -6755 -7009 -7087 -6939 -6744 -6543 -9360 -9177 -9010 -8763 -8440 -8083 -7850 -7870 -7984 -8240 -8658 -8871 -9213 -9411 -9746 -9925 -10265 -10409 -10680 -11094 -10808 -10465 -10569 -10519 -10910 -10964 -11096 -10603 -11511 -11379 -11143 -11139 -11308 -11449 -11842 -11658 -11552 -11909 -11931 -12004
-10511 -10723 -11038 -11351 -11597 -8991 -8687 -8489 -7777 -7490 -7542 -10055 -9337 -8944 -8681 -8427 -8474 -8620 -8877 -6072 -6399 -6279 -6528 -6820 -7099 -7089 -6863 -6624 -9460 -9306 -9228 -9199 -9124 -8918 -8628 -8382 -8079 -8074 -8227 -8692 -8896 -9346 -9495 -9793 -9942 -10241 -10313 -10515 -10877 -10827 -10362 -10096 -10407 -10939 -10281 -11026 -11149 -11321 -10954 -11015 -11335 -10942 -11180 -11594 -12027 -11957 -12190 -12336 -12409
-10652 -10814 -11127 -11402 -11609 -8645 -8604 -8421 -8034 -7682 -10142 -9929 -9371 -9065 -8751 -8437 -8467 -8520 -8830 -6093 -6429 -6254 -6438 -6692 -6976 -6999 -6765 -9508 -9338 -9265 -9267 -9230 -9177 -9150 -9127 -8967 -8698 -8485 -8389 -8486 -8818 -9229 -9419 -9661 -9803 -10164 -10228 -10164 -10250 -10844 -10416 -10222 -10932 -11029 -11059 -11032 -11003 -11142 -10719 -11837 -11636 -11186 -11462 -11465 -11935 -12002 -12246 -12384 -12358
-10787 -10987 -11227 -11433 -11588 -8550 -8562 -8393 -8106 -7668 -9701 -9446 -9211 -9053 -8776 -8436 -8348 -8272 -8636 -6059 -6394 -6478 -6405 -6552 -6735 -6719 -9499 -9312 -9246 -9339 -9424 -9292 -9192 -9314 -9224 -9055 -9065 -8818 -8632 -8640 -8855 -9119 -9343 -9317 -9601 -10323 -10239 -9919 -9967 -10498 -10090 -10144 -10351 -11156 -11233 -11217 -11027 -10987 -10892 -8677 -8917 -11865 -11723 -11365 -11059 -11928 -12195 -12219 -12397
-11114 -11236 -11374 -11499 -8526 -8565 -8552 -8320 -7994 -7530 -9533 -9315 -9124 -8933 -8574 -8296 -8070 -8081 -8434 -6015 -6407 -6932 -6896 -6700 -6600 -9346 -9251 -9133 -9257 -9410 -9565 -9396 -9450 -9809 -9635 -9018 -8883 -8810 -8655 -8851 -9023 -9302 -9397 -9592 -9913 -10322 -10273 -10319 -10859 -10610 -10822 -10822 -10916 -10887 -10504 -10883 -10509 -10953 -10243 -10914 -10870 -9286 -10157 -11550 -11242 -11878 -11919 -12177 -12513
-11670 -11636 -11661 -11679 -8594 -8592 -8450 -8193 -7826 -7471 -10095 -9541 -9186 -8762 -8263 -7990 -8058 -8492 -8681 -5966 -6266 -6990 -7111 -7079 -6664 -9109 -8920 -9042 -9291 -9524 -9648 -9540 -9713 -7213 -10116 -9326 -8836 -8534 -8492 -8816 -9049 -9294 -9376 -9621 -9825 -9947 -9704 -9777 -10372 -10382 -10205 -10238 -10927 -10326 -11052 -11175 -10996 -11170 -10997 -10525 -10366 -11498 -11741 -11818 -11503 -11614 -12117 -12394 -12521
-12266 -12224 -12121 -8935 -8762 -8651 -8407 -8169 -7833 -7517 -10187 -9815 -9158 -8600 -8063 -7751 -8117 -8611 -5880 -5979 -6222 -6813 -6785 -7098 -6743 -8960 -8754 -8927 -9191 -9485 -9753 -9745 -7068 -7667 -10355 -9561 -8930 -8737 -8626 -8752 -9051 -9248 -9333 -9661 -9769 -10036 -9919 -10592 -10416 -10557 -10204 -10369 -10983 -10932 -10928 -11034 -10174 -10606 -11196 -11183 -10889 -11213 -11769 -11985 -11997 -11976 -12218 -12385 -12530
-9797 -9725 -9560 -9303 -9086 -8825 -8505 -8197 -7825 -7391 -9982 -9654 -8968 -8370 -7848 -7780 -8429 -5826 -5838 -5745 -6180 -6557 -6439 -6370 -9134 -8785 -8812 -9044 -9226 -9375 -9641 -7054 -7524 -7682 -10265 -9500 -9041 -8733 -8698 -8708 -9084 -9205 -9186 -9371 -9438 -9559 -9731 -9955 -10209 -10337 -10287 -10602 -11010 -10938 -10366 -10989 -10572 -10440 -10540 -11353 -11406 -11152 -11566 -11464 -12159 -12051 -12186 -12374 -12569
-10469 -10330 -10091 -9744 -9438 -9088 -8708 -8222 -7660 -7241 -9828 -9481 -9042 -8236 -7594 -7832 -8476 -5976 -6050 -5645 -5783 -5992 -5923 -8712 -8613 -8599 -8849 -9055 -9319 -9313 -9596 -10097 -10325 -10365 -10175 -9923 -9446 -9062 -8814 -8942 -8996 -9101 -9446 -9529 -9387 -9689 -9829 -9730 -10176 -10213 -10605 -10379 -11043 -10962 -11094 -11137 -10505 -10628 -10780 -11409 -11461 -11730 -11928 -11679 -12170 -12150 -11995 -12376 -12540
-11487 -11132 -10705 -10194 -9819 -9410 -8950 -8284 -7592 -7093 -9813 -9396 -8784 -8124 -7541 -7917 -5823 -6075 -5918 -8386 -8480 -8552 -8543 -8396 -8478 -8547 -8725 -8747 -8897 -9341 -9620 -9732 -9994 -10322 -10238 -9997 -9798 -9362 -8893 -8838 -8994 -9094 -9191 -9251 -9101 -9341 -9482 -9674 -10107 -10191 -10805 -10317 -11038 -11117 -11177 -11222 -11223 -11079 -10321 -11520 -11538 -11032 -11227 -11858 -12290 -12210 -12020 -12201 -12493
-12264 -11952 -11378 -10640 -10139 -9569 -9041 -8413 -7633 -7085 -9637 -9166 -8534 -8021 -7902 -8413 -5992 -6245 -5739 -7909 -8037 -8277 -8295 -8185 -8273 -8425 -8596 -8443 -8662 -9189 -9422 -9368 -9789 -10217 -10065 -9933 -10028 -9836 -9491 -9134 -9200 -9301 -9495 -9528 -9422 -9552 -9818 -10116 -10199 -10293 -10887 -10871 -10946 -10468 -10909 -11274 -10660 -11043 -11247 -11438 -11711 -11693 -11488 -11782 -9301 -12266 -12387 -12465 -12464
-10341 -9919 -11956 -11128 -10443 -9748 -9125 -8433 -7553 -9771 -9463 -9047 -8554 -8172 -7794 -8554 -6110 -6031 -8174 -7457 -7508 -8052 -8065 -8062 -8057 -8110 -8327 -8152 -8578 -8972 -9166 -9220 -9791 -10030 -9852 -9885 -9828 -9784 -9955 -9669 -9238 -9519 -9673 -9990 -10118 -10179 -10290 -10316 -10341 -10389 -10770 -10641 -11004 -11052 -11242 -11393 -11087 -11111 -11329 -11454 -11671 -11809 -11711 -11801 -9325 -12348 -12411 -12453 -12420
-10759 -10456 -9919 -8989 -10759 -9908 -9143 -8453 -7665 -6946 -6598 -6434 -8901 -8017 -7827 -8584 -6046 -5767 -7985 -7398 -7865 -8436 -8613 -8345 -8207 -8072 -7826 -7999 -8606 -8788 -8794 -9095 -9678 -9886 -9864 -9761 -9510 -9524 -10101 -10248 -9763 -10168 -10209 -10291 -10376 -10350 -10530 -10599 -10543 -10344 -10278 -10336 -10418 -11172 -11239 -11361 -11601 -11596 -11341 -11323 -12078 -9254 -12182 -12179 -9416 -12488 -12439 -12432 -12235
-11269 -10810 -10398 -9452 -8506 -10054 -9126 -8368 -7816 -7230 -7211 -6795 -8863 -7883 -7911 -8695 -6099 -8689 -7863 -7560 -8273 -8855 -6164 -6031 -5707 -8034 -7891 -7968 -8506 -8524 -8459 -9057 -9570 -9998 -9977 -9362 -8866 -9115 -10101 -10329 -10069 -10256 -10228 -10343 -10231 -10360 -10558 -10708 -10428 -10841 -10261 -10549 -10324 -11267 -11433 -11428 -11404 -11079 -11783 -11741 -11962 -9304 -9676 -9492 -9539 -12528 -12456 -12411 -12428
-9553 -11265 -10791 -9766 -8720 -10160 -9265 -8593 -8187 -7753 -7259 -9444 -8651 -7985 -8072 -8880 -6210 -8698 -7890 -7931 -8660 -9099 -6214 -6402 -6383 -5724 -8380 -8245 -8602 -8320 -8135 -8885 -9427 -9506 -9350 -8969 -9124 -9636 -10218 -10193 -10141 -10363 -10264 -10372 -10383 -10530 -10930 -10966 -10955 -10437 -10542 -10203 -10579 -11006 -11503 -11727 -11575 -11493 -11423 -12085 -12147 -12279 -9138 -9562 -9472 -12538 -12454 -12315 -12417
-9744 -9610 -11191 -10082 -8869 -7629 -9278 -8700 -8394 -7929 -7103 -9173 -8657 -8200 -8246 -5945 -6195 -8642 -7948 -8154 -8656 -8969 -6028 -6314 -6299 -5924 -8632 -8536 -8832 -8574 -8272 -8480 -8810 -8693 -8931 -9499 -10122 -10387 -10242 -10038 -9960 -10070 -10225 -10429 -10461 -10677 -11003 -11060 -11161 -11030 -10442 -10459 -10675 -11111 -11247 -11463 -11783 -11720 -11601 -12126 -9243 -9284 -9182 -12494 -12185 -12514 -12309 -12397 -12412
-10091 -9950 -9644 -10406 -8845 -7435 -6736 -8717 -8375 -7654 -6780 -8987 -8553 -8509 -8508 -9069 -9025 -8429 -8122 -8488 -8779 -6062 -6350 -6141 -5990 -5972 -8750 -8700 -8836 -8455 -8051 -8400 -8443 -8407 -8813 -9714 -10309 -10306 -10133 -10153 -10334 -10442 -10624 -10537 -10523 -10703 -11031 -11090 -11167 -11123 -10921 -10515 -11172 -11332 -11323 -11273 -11109 -11870 -8985 -9213 -9345 -9305 -9149 -12379 -12463 -12530 -12448 -12392 -12398
-10426 -10385 -9929 -10742 -8761 -7486 -6741 -6267 -8350 -7450 -6677 -8970 -8727 -8613 -8730 -9063 -8833 -8370 -8596 -9115 -6457 -6651 -6628 -6057 -5934 -6200 -9063 -9306 -9150 -8546 -8082 -8270 -8388 -8822 -9577 -10240 -10441 -10410 -10228 -10252 -10295 -10482 -10489 -10289 -10240 -10837 -11103 -11174 -11158 -11038 -10814 -10366 -11277 -11334 -11566 -11520 -11134 -11500 -11819 -9078 -9472 -9453 -12271 -9560 -12503 -12544 -12443 -12371 -12376
-9193 -10672 -10388 -9178 -9009 -7869 -7266 -6695 -8391 -7672 -6810 -8956 -8818 -8683 -8927 -9058 -8809 -8698 -9216 -6854 -7109 -7022 -6613 -6051 -6115 -6505 -6335 -9366 -9284 -8982 -8487 -8421 -8801 -9586 -10334 -10485 -10325 -10302 -10295 -10324 -10345 -10042 -10326 -10114 -10346 -10611 -11243 -11362 -11310 -11097 -10935 -10146 -11059 -11281 -11436 -11683 -11730 -11620 -11581 -11966 -9183 -9496 -9581 -9688 -12637 -12574 -12442 -12351 -12353
-9330 -9158 -9058 -9194 -7090 -8279 -7653 -6765 -8355 -7696 -9742 -8902 -8941 -9050 -9367 -9081 -8925 -9160 -6915 -7436 -7559 -7307 -6701 -6233 -6360 -6519 -6060 -9223 -9471 -9491 -9072 -8727 -8963 -9667 -10235 -10268 -10147 -10156 -10103 -10029 -9804 -9982 -10305 -10681 -10832 -11168 -11345 -11452 -11286 -11094 -10842 -11080 -11097 -10794 -10947 -11321 -11517 -11632 -11631 -11903 -9248 -9450 -9423 -9604 -9690 -12596 -12438 -12341 -12340
-9419 -9219 -9115 -8756 -6827 -6330 -7505 -6627 -8277 -7371 -9447 -8977 -8527 -9413 -9422 -9231 -9200 -6671 -7465 -7807 -7834 -7474 -6891 -6499 -6751 -6678 -5956 -9088 -9573 -9812 -9522 -9132 -9070 -9592 -10097 -10271 -10293 -10289 -10243 -10102 -9761 -9989 -10562 -10816 -11050 -11323 -11544 -11527 -11389 -11166 -11175 -11171 -11453 -11529 -11363 -10987 -11441 -11642 -11610 -11861 -9132 -9425 -12299 -9474 -9698 -12593 -12427 -12342 -12319
-9497 -9257 -8899 -8083 -6681 -8147 -7288 -6465 -8347 -7497 -9599 -9256 -9142 -9585 -7118 -9571 -6478 -7181 -7754 -7815 -7544 -7338 -7156 -6862 -7255 -7129 -6289 -6240 -9540 -6822 -9773 -9412 -9199 -9506 -9996 -10245 -10453 -10591 -10405 -10368 -10222 -10280 -10722 -10900 -10993 -11241 -11537 -11428 -11081 -10887 -11196 -11266 -11458 -11588 -11539 -11517 -11471 -11501 -11714 -11767 -12020 -9107 -9736 -9416 -9600 -12562 -12270 -12317 -12324
-9632 -9297 -10204 -7188 -8457 -7799 -7009 -8860 -8604 -7960 -10033 -9376 -9726 -10260 -7183 -6961 -7005 -7572 -7847 -7575 -7268 -7220 -7526 -7441 -7546 -7246 -6661 -6857 -6950 -6801 -9771 -9544 -9435 -9668 -10226 -10583 -10716 -10635 -10312 -9816 -9964 -10013 -10866 -11017 -11153 -11258 -11337 -11269 -11080 -10910 -11292 -11263 -11301 -11391 -11356 -11559 -11572 -11499 -11730 -11670 -11855 -9231 -9615 -9604 -9609 -12545 -12405 -12329 -12333
-9855 -9145 -9442 -8532 -8239 -7722 -6892 -9001 -8853 -8168 -10322 -9821 -10252 -7886 -7811 -7564 -7696 -7947 -7879 -7478 -7348 -7555 -7923 -7795 -7538 -7173 -6712 -7118 -7436 -6992 -9709 -9590 -9551 -9763 -10195 -10553 -10664 -10736 -10327 -9918 -10075 -10244 -10523 -10839 -10824 -11052 -11081 -11078 -11039 -10864 -10968 -11371 -11350 -11284 -11234 -10873 -11554 -11672 -11770 -11863 -11686 -11917 -12042 -9427 -9592 -12520 -12399 -12339 -12343
-8763 -8892 -8204 -8188 -7886 -7314 -6952 -9268 -8912 -8143 -7568 -10227 -10849 -8490 -8520 -8245 -8117 -8253 -7972 -7529 -7601 -8044 -8206 -7998 -7536 -7222 -6789 -7102 -7801 -7599 -6978 -9759 -9730 -9724 -10009 -10293 -10454 -10545 -10660 -10385 -10057 -10626 -10850 -10568 -10475 -10354 -10446 -10864 -10793 -10781 -10954 -11458 -11413 -11361 -11164 -10806 -10851 -11679 -11859 -12003 -11868 -11833 -12097 -12150 -9475 -12471 -12391 -12351 -12362
-8976 -8854 -7841 -8106 -7729 -7006 -6989 -9134 -9080 -8396 -8463 -7846 -8479 -9114 -9423 -8827 -8631 -8626 -8146 -8040 -8205 -8388 -6010 -5791 -7857 -7545 -7175 -7324 -8263 -8341 -7432 -7080 -10119 -9998 -10189 -10452 -10732 -10811 -10648 -10464 -10131 -10297 -10574 -10818 -10811 -10382 -10715 -10902 -10795 -10355 -10829 -11408 -11462 -11343 -11314 -11230 -11162 -11485 -11751 -12046 -12068 -11963 -11541 -11916 -9248 -12414 -12389 -12370 -12383
-9152 -8813 -7861 -8102 -7510 -6838 -9224 -9158 -9448 -9075 -8364 -8716 -9095 -9768 -10122 -9204 -9348 -9144 -8675 -8602 -8704 -6246 -6354 -6161 -8100 -7630 -7362 -7545 -8540 -8402 -7743 -7347 -10350 -10348 -10460 -10733 -10829 -10689 -10434 -9994 -9556 -9874 -10585 -10906 -10888 -11026 -11014 -10774 -10906 -10752 -11166 -11255 -11323 -11333 -11408 -11349 -11310 -11542 -11578 -11899 -12142 -12238 -12165 -11916 -11626 -12344 -12398 -12382 -12402
-8083 -9056 -7927 -8002 -7000 -9104 -9192 -9448 -9635 -9852 -9493 -9282 -9498 -10323 -10574 -9908 -10109 -10023 -9166 -9237 -6766 -6671 -6672 -6455 -5978 -7835 -7317 -7639 -8437 -8343 -7622 -10272 -10269 -10285 -10359 -10769 -10796 -10653 -10394 -10193 -9999 -10446 -10831 -10975 -11004 -10612 -10509 -10375 -10352 -10538 -11055 -11491 -11546 -11551 -11466 -11232 -11323 -11200 -11589 -11775 -11832 -12271 -12265 -12261 -12266 -12367 -12412 -12418 -12433
-8487 -8566 -8099 -8017 -6794 -9154 -9443 -9640 -9921 -9724 -10650 -10029 -10088 -10507 -10570 -10450 -10820 -10853 -10185 -9629 -7222 -7204 -7199 -7154 -6502 -7773 -7220 -7825 -8560 -8219 -7562 -7312 -10490 -10392 -10241 -10618 -10563 -10262 -9908 -9448 -9729 -10373 -10944 -10958 -10837 -10556 -10293 -10252 -10182 -10261 -10554 -11423 -11727 -11673 -11436 -11809 -11641 -11595 -11585 -11923 -9043 -9447 -12259 -12203 -12293 -11985 -12024 -12460 -12489
-8768 -8005 -8263 -6866 -6916 -9008 -9672 -9626 -9990 -10278 -11224 -11202 -11006 -10745 -10679 -10806 -10919 -10964 -10692 -7501 -7491 -7671 -7954 -7758 -6777 -7778 -7121 -7642 -8399 -8256 -7793 -7804 -7851 -10505 -10156 -10275 -10352 -10232 -9961 -9803 -10003 -10434 -10542 -10560 -10430 -10368 -10371 -10754 -10225 -10252 -10353 -10778 -11430 -10924 -11752 -8700 -11781 -11467 -11742 -11741 -9179 -9562 -9647 -9533 -12292 -12426 -12469 -12504 -12312
-7884 -7838 -8326 -7181 -7922 -9425 -7675 -10052 -9869 -10745 -8944 -11504 -11235 -11041 -10884 -10931 -10869 -10931 -8135 -7810 -7753 -8253 -8110 -7945 -7342 -6037 -7573 -7897 -8285 -8358 -8246 -8166 -7909 -10535 -10123 -10151 -10159 -9712 -9435 -9378 -9875 -10447 -10602 -10413 -10429 -10392 -10378 -10398 -10378 -10375 -10508 -10934 -11268 -11512 -11523 -11738 -11551 -11693 -11436 -11675 -11734 -12122 -9364 -9604 -9487 -12428 -12352 -12547 -12644
-8010 -8221 -7677 -8422 -7318 -8400 -7981 -8493 -8752 -9439 -9195 -9062 -11527 -11198 -11274 -11085 -10890 -10878 -10674 -7930 -7982 -8275 -6279 -6280 -5973 -6830 -8180 -8618 -8530 -8447 -8046 -7775 -10569 -10181 -9716 -9646 -9589 -9227 -9334 -9721 -9883 -10393 -10494 -10403 -10345 -10316 -10275 -10310 -10394 -10440 -10521 -10898 -11033 -10746 -10773 -10684 -10546 -10718 -11118 -11852 -11496 -11707 -11533 -12243 -9474 -12483 -12482 -12538 -9585
-7998 -8299 -8151 -8315 -7876 -8207 -9255 -8989 -8493 -9036 -10206 -9795 -9388 -11710 -9275 -8907 -11104 -10641 -10218 -10119 -8002 -8050 -6307 -6523 -6547 -7571 -8728 -8815 -8313 -7942 -10597 -10574 -10554 -10290 -9927 -9859 -9849 -9588 -9541 -9896 -10018 -10473 -10564 -10486 -10375 -10253 -10156 -10172 -10277 -10397 -10492 -10861 -10872 -10868 -10898 -10615 -10869 -10811 -10880 -11473 -11964 -12169 -11822 -11830 -12218 -12295 -12382 -12298 -12587
-7896 -8269 -8278 -8855 -9009 -8564 -9168 -8981 -9618 -9368 -8992 -10363 -9632 -9609 -9656 -9262 -8737 -10392 -10105 -10137 -8057 -8293 -6242 -6449 -6174 -7570 -6557 -8420 -7939 -7686 -10697 -10840 -10992 -10896 -10711 -10588 -10372 -10041 -9904 -10289 -10496 -10551 -10619 -10489 -10411 -10330 -10273 -10354 -10445 -10428 -10497 -10315 -10371 -10697 -10820 -10696 -10849 -11031 -11026 -11330 -11888 -9076 -12283 -11454 -11416 -12267 -12313 -12308 -12352
-8810 -8150 -8106 -8940 -8809 -8142 -8876 -8700 -8910 -9605 -9182 -10775 -10313 -10023 -9976 -9595 -8626 -7770 -10079 -10139 -8218 -8833 -6516 -6237 -7609 -7286 -6725 -8161 -7919 -8002 -11002 -8180 -8462 -8287 -11085 -11057 -11119 -10798 -10432 -10912 -11021 -10937 -10912 -10830 -10365 -10385 -10414 -10497 -10562 -10611 -10646 -10695 -10640 -10652 -10775 -10901 -11098 -11133 -11651 -11755 -12137 -9309 -12147 -12521 -12110 -12305 -12353 -12331 -12450
-9657 -8713 -8865 -8759 -8503 -8933 -8503 -8591 -9210 -8830 -9932 -9196 -10640 -10248 -10182 -9757 -8938 -7987 -10154 -7808 -8396 -8257 -8222 -7871 -7314 -7020 -6503 -8183 -10250 -10378 -7996 -8563 -8716 -8419 -11147 -11146 -11187 -11377 -11161 -11218 -11442 -11330 -10863 -10582 -10295 -10392 -10482 -10483 -10635 -10789 -10749 -10875 -10867 -10786 -10861 -10864 -10991 -11225 -11530 -11709 -12213 -9450 -9207 -9593 -9555 -12512 -12425 -12409 -12427
-9177 -9432 -9494 -9477 -9391 -8928 -8550 -8524 -9126 -8800 -9900 -9418 -10821 -10582 -10207 -9701 -9180 -8598 -7912 -7931 -8394 -8108 -8034 -7551 -7185 -6765 -8773 -7932 -6802 -10032 -7938 -8571 -8737 -11373 -11258 -11397 -11511 -11828 -11921 -11754 -11590 -13915 -12234 -10369 -10478 -10465 -10704 -10577 -10663 -10807 -10913 -11083 -11286 -11437 -11378 -11184 -11095 -11654 -11585 -11646 -11888 -9281 -9644 -9569 -9685 -9574 -12579 -12395 -12588
-10317 -9112 -9147 -9167 -8882 -8747 -8741 -9801 -9685 -9282 -9838 -9480 -10876 -10709 -10458 -10091 -9698 -9096 -8500 -8004 -8249 -8235 -8116 -7776 -7412 -6787 -8753 -7782 -7013 -10182 -10524 -11169 -11381 -11163 -11177 -11568 -11597 -12251 -14764 -14419 -14654 -13942 -10709 -10434 -10372 -10716 -10578 -10743 -10857 -11120 -10997 -11076 -11220 -11207 -11650 -11506 -11573 -11709 -11772 -11831 -11843 -12130 -9341 -9669 -9834 -9731 -9661 -12741 -9684
-10233 -10390 -9005 -8954 -10051 -10040 -9878 -9498 -9402 -9130 -10288 -9495 -10991 -10856 -8688 -8463 -10056 -9793 -9073 -8231 -8532 -8015 -8448 -8386 -7684 -7121 -8803 -7686 -10168 -10277 -10316 -10755 -10929 -10868 -11055 -11415 -11315 -11770 -14931 -14779 -14555 -13384 -10723 -10753 -10536 -10837 -10823 -10888 -11055 -11363 -11270 -11407 -11185 -11292 -11748 -11518 -11690 -11751 -11792 -11783 -11848 -11909 -9219 -9517 -9656 -9873 -9702 -10028 -9936
-10206 -10283 -10331 -10240 -9894 -9915 -9813 -9216 -9079 -10466 -10131 -9425 -9096 -8938 -9050 -8695 -8426 -9781 -9199 -8603 -8638 -8549 -9183 -8789 -7952 -7415 -6614 -7795 -10079 -10156 -10225 -10483 -10480 -10489 -10921 -11327 -11255 -11284 -15492 -15155 -14837 -11153 -10880 -10924 -10819 -10774 -10791 -10873 -11088 -11410 -11421 -11741 -11332 -11452 -11240 -11443 -11555 -11692 -11718 -11845 -12069 -12041 -9294 -9527 -9843 -10106 -10138 -10484 -10575
-10165 -10225 -10283 -10218 -9781 -9783 -9702 -9413 -10520 -10393 -10249 -9521 -9444 -9139 -9147 -8973 -10547 -10166 -9618 -9058 -8860 -9366 -9730 -9225 -7964 -7435 -7076 -8411 -10090 -10047 -10113 -10362 -10429 -10523 -10863 -11486 -11465 -11124 -11260 -15534 -12384 -11470 -11039 -11072 -11140 -11113 -11163 -11250 -11367 -11281 -11473 -11605 -11557 -11452 -11232 -11075 -11481 -11481 -11828 -11930 -12289 -12475 -9617 -9277 -9748 -9939 -10404 -10824 -10825
-10179 -10284 -10322 -10266 -10238 -10199 -9669 -9524 -9511 -11005 -10800 -9892 -9645 -9674 -9177 -8925 -10457 -10221 -9848 -9624 -9313 -9627 -10128 -8952 -8003 -7722 -7755 -6744 -10263 -9962 -10000 -10407 -10459 -10757 -10737 -10793 -10755 -10724 -11038 -11541 -11886 -11456 -11301 -11299 -11199 -11198 -11203 -11199 -11311 -11568 -11568 -11680 -11751 -11561 -11831 -11319 -11469 -11518 -11709 -12049 -9413 -9554 -9720 -10105 -9882 -10056 -10762 -11048 -11173
-10198 -10332 -10386 -10401 -10413 -10355 -10275 -9766 -9693 -10048 -10902 -10028 -9829 -9712 -9419 -8838 -10570 -10321 -10129 -9839 -10137 -10076 -10392 -9497 -9386 -8699 -7582 -6930 -7704 -9796 -10032 -10277 -10411 -10719 -10688 -10709 -10851 -11105 -11427 -11558 -11521 -11396 -11380 -11227 -11248 -11234 -11224 -11174 -11215 -11259 -11329 -11488 -11376 -11648 -11702 -11828 -11705 -11594 -11734 -12171 -9567 -9536 -9524 -10112 -10493 -10147 -10710 -11099 -11223
-10225 -10348 -10440 -9090 -9168 -9197 -9308 -9311 -9189 -10224 -9563 -10209 -9971 -9653 -9507 -10845 -10660 -10712 -10561 -10244 -10142 -11955 -10206 -10133 -9458 -11481 -9843 -8622 -10611 -9824 -9899 -10037 -10222 -10568 -10866 -10991 -11124 -11573 -8867 -8650 -8634 -11409 -11362 -11371 -11361 -11395 -11329 -11322 -11381 -11679 -11675 -11695 -11614 -11674 -11749 -11659 -11654 -11865 -11874 -12105 -9558 -9792 -9598 -9814 -10245 -10195 -10509 -10971 -11155
-10228 -10406 -9139 -9203 -9931 -9002 -8956 -8819 -8675 -9306 -8754 -9487 -8800 -9821 -9479 -10683 -9554 -10087 -10820 -11254 -10607 -11601 -11812 -11272 -10729 -10407 -8782 -10931 -10314 -9737 -9854 -10046 -10138 -10583 -11077 -11480 -11708 -8950 -9165 -8707 -8894 -11874 -11463 -11358 -11420 -11454 -11426 -11478 -11639 -11941 -11957 -11870 -11932 -11981 -11972 -12140 -11885 -12360 -12146 -12133 -12342 -9718 -9890 -9826 -10180 -10349 -10560 -11245 -11338
-10218 -9073 -9214 -9531 -8817 -9094 -9143 -9096 -9051 -8833 -9647 -9059 -8600 -9817 -9175 -8901 -10834 -10376 -9698 -10177 -10837 -10119 -10903 -11191 -10683 -9066 -11269 -10601 -10364 -9918 -9640 -10120 -10204 -10691 -11032 -11555 -11746 -9032 -9259 -8980 -11611 -8529 -11580 -11798 -11625 -11609 -11629 -11599 -11643 -11732 -11737 -11900 -11898 -12041 -9188 -9128 -9229 -9805 -9613 -12543 -12332 -9292 -10049 -9876 -10100 -10269 -11022 -11297 -11495
-10253 -9126 -9326 -8811 -8964 -8490 -9305 -8189 -9042 -10563 -9714 -9696 -9579 -9148 -9030 -11008 -10868 -10460 -10126 -10334 -10597 -9980 -7988 -10461 -9657 -8265 -10764 -10282 -10126 -9860 -9740 -9854 -10202 -10456 -10863 -11150 -8883 -9313 -9256 -9036 -8980 -9246 -9035 -11725 -11487 -11519 -11721 -11625 -11592 -11709 -11736 -12004 -11726 -11864 -11895 -12069 -9688 -9800 -10167 -10030 -9864 -12369 -10098 -10265 -10067 -10858 -11116 -11332 -11547
-10334 -9260 -9469 -8797 -8243 -8663 -7964 -8143 -10113 -9991 -9083 -8736 -10330 -8842 -8862 -9156 -10244 -10861 -9923 -9390 -9969 -9401 -9597 -9356 -8487 -10999 -10611 -10295 -10268 -10080 -9945 -9840 -9950 -10270 -10609 -11209 -8556 -8977 -8995 -9135 -9289 -9175 -11680 -11561 -11714 -11933 -11876 -11679 -11665 -11636 -11749 -11851 -11950 -12083 -12005 -12002 -9273 -9441 -10268 -10379 -10596 -10349 -10186 -10328 -10514 -11013 -11179 -11355 -11541
-9077 -9428 -8536 -8940 -8501 -8727 -8797 -9723 -10974 -9826 -10473 -9065 -9850 -10243 -10659 -10653 -10455 -9855 -10982 -8454 -9789 -9378 -9077 -8510 -8088 -10834 -10389 -10477 -10478 -10128 -10251 -9937 -10081 -10337 -10614 -11298 -11433 -11580 -8854 -9249 -9251 -9122 -9045 -8653 -8862 -8841 -11950 -11949 -12176 -12135 -12094 -12112 -12169 -12546 -9465 -12383 -12308 -9303 -9685 -10094 -10886 -10885 -10724 -10843 -11107 -11192 -11265 -11385 -11518
-9263 -9601 -8838 -9030 -8671 -9160 -9324 -9066 -9872 -9143 -10426 -11265 -9288 -9808 -10255 -9525 -10948 -10471 -10436 -9977 -9653 -9462 -9058 -8545 -10531 -10418 -10398 -10245 -10255 -10168 -10298 -10147 -10428 -10565 -10768 -11290 -11313 -8665 -9191 -9245 -9247 -9325 -9355 -9269 -9385 -9194 -9220 -9155 -9160 -9165 -9289 -9266 -9271 -9728 -9889 -9958 -10070 -9976 -9968 -10220 -10580 -10806 -11094 -11716 -11525 -11640 -11458 -11497 -11511
-9438 -8809 -9066 -9083 -8669 -9436 -8617 -8638 -9699 -12012 -9929 -11246 -11176 -9582 -9810 -11290 -8920 -8673 -10245 -9959 -9732 -9570 -9240 -8516 -10370 -10504 -10288 -10175 -10167 -10296 -10421 -10435 -10589 -10728 -10825 -11295 -8444 -8744 -9316 -9321 -9384 -9469 -9449 -9446 -9422 -9181 -9157 -9151 -9217 -9319 -9377 -9382 -9435 -9876 -10005 -10137 -10257 -10286 -10297 -10379 -10501 -10869 -11546 -9387 -9494 -11876 -11851 -11580 -11587
-9782 -9110 -8092 -9046 -9104 -10491 -8998 -8172 -9413 -11732 -12269 -9510 -10715 -9463 -11789 -10412 -10456 -8129 -7673 -7466 -7301 -9323 -8969 -8113 -10441 -10351 -10259 -10199 -10375 -10427 -10376 -10513 -10722 -10772 -10971 -8420 -8629 -8714 -9251 -9359 -9435 -9607 -9785 -9690 -9575 -9436 -9277 -9263 -9310 -9400 -9522 -9683 -9762 -10093 -10063 -10142 -10103 -10202 -10138 -10529 -10592 -10804 -11530 -9459 -9540 -9337 -9349 -9374 -9396
-8841 -8091 -8252 -8713 -10246 -8394 -9447 -8213 -8945 -11651 -11628 -12180 -8847 -10486 -11474 -8288 -8431 -8042 -7879 -7827 -7772 -7448 -6984 -7642 -10386 -10182 -10197 -10277 -10439 -10485 -10675 -7638 -8064 -8383 -8186 -8652 -8689 -8707 -9176 -9434 -9494 -9598 -9776 -9868 -9815 -9752 -9661 -9449 -9427 -9418 -9462 -9565 -9570 -9729 -10095 -9812 -10127 -10192 -10183 -10834 -10991 -11263 -11749 -11627 -11805 -9670 -9560 -9750 -9568
-9052 -8212 -8191 -8456 -9997 -10087 -8926 -10429 -9469 -9020 -11969 -9187 -8968 -9783 -10345 -10196 -7928 -7867 -7720 -7574 -7197 -9310 -9044 -8189 -7784 -10553 -10443 -10390 -10399 -10493 -10657 -7751 -8138 -8286 -8241 -8461 -8700 -8688 -8906 -9334 -9418 -9527 -9742 -9773 -9732 -9604 -9416 -9361 -9429 -9431 -9386 -9460 -9536 -9593 -9776 -10004 -10125 -10436 -10654 -10946 -11003 -11717 -11916 -11849 -9436 -9604 -9876 -9865 -9648
-9053 -8069 -7848 -8892 -8988 -9620 -8422 -10286 -9571 -9299 -9208 -9363 -9434 -9747 -10071 -10177 -8001 -8103 -7928 -7646 -7165 -9291 -9012 -8399 -7931 -10653 -10528 -10478 -10508 -10615 -7753 -7938 -8207 -8309 -8267 -8396 -8698 -8698 -9057 -9310 -9460 -9605 -9882 -9975 -9893 -9669 -9398 -9290 -9337 -9350 -9298 -9366 -9469 -9670 -9868 -10082 -10311 -10713 -10964 -11271 -11398 -11894 -12023 -9551 -9640 -9895 -9975 -9930 -9735
-7817 -7856 -8423 -9952 -10095 -8997 -10666 -10101 -9853 -9507 -9461 -9628 -9674 -9901 -10058 -7900 -8253 -8321 -8176 -7956 -7153 -6884 -8942 -8413 -7952 -7624 -10566 -10554 -10621 -7699 -7905 -8068 -8242 -8360 -8276 -8320 -8678 -8658 -8639 -9480 -9529 -9682 -10081 -10168 -10063 -9844 -9507 -12385 -9309 -9314 -9264 -9402 -9537 -9725 -10093 -10203 -10586 -10849 -11135 -11226 -11569 -11851 -9623 -9860 -9911 -9950 -10018 -9801 -9775
-8834 -8543 -9522 -8699 -9425 -8332 -10444 -10108 -9945 -9710 -9739 -9930 -10094 -10392 -7979 -8445 -8508 -8504 -8311 -7935 -7293 -6686 -8887 -8379 -7910 -7614 -10598 -10636 -7686 -7815 -7989 -8139 -8284 -8336 -8222 -8224 -8626 -8604 -8587 -9466 -9580 -9777 -10207 -10281 -10171 -9979 -9714 -9451 -9327 -9301 -12345 -9502 -9740 -9836 -10082 -10418 -10690 -10936 -11210 -11467 -11716 -9517 -9647 -9725 -9907 -9939 -9994 -9927 -9769
