---
OvercastDevelopment Potential [ft] Valid 1300 PST ~Z75~(2100Z)~Z~ MON 22 May 2017 ~Z75~[21hrFcst@1255z]~Z~
Model= RASP Region= PANOCHE Grid= w2 Reskm= 1.3 Indexs= 1 69 1 63 Proj= lambert 1333 1333 40.0000 40.0000 -73.0000 36.8890 -121.0672
Day= 2017 5 22 MON ValidLST= 1300 PST ValidZ= 2100 Fcst= 21.0 Init= 12 Param= zblcldif Unit= ft Mult= 1 Min= -15399 Max= -5164
-9709 -10290 -10943 -11475 -8283 -8682 -8978 -9140 -9128 -9013 -8891 -8736 -8477 -8406 -8319 -8308 -8368 -8440 -8546 -8669 -8787 -5865 -5933 -5921 -5793 -5735 -5730 -5862 -5831 -8712 -8462 -8283 -8111 -7927 -7757 -7613 -7517 -7472 -7492 -7676 -7985 -8148 -8388 -8573 -8742 -9004 -9084 -8962 -12208 -11985 -11852 -11800 -11862 -11872 -11843 -11916 -11890 -11938 -12076 -12367 -12277 -12491 -12292 -12229 -8586 -12155 -12134 -12513 -12637
-10149 -10795 -11335 -11766 -8609 -8985 -9254 -9377 -9379 -9247 -9091 -8796 -8558 -8445 -8324 -8286 -8353 -8451 -8589 -8729 -5818 -5943 -6020 -6022 -5864 -5854 -5822 -5968 -5927 -8795 -8517 -8321 -8081 -7859 -7668 -7549 -7472 -7466 -7558 -7798 -8080 -8327 -8588 -8734 -8859 -9067 -8962 -8992 -12254 -12101 -11988 -11951 -11851 -11924 -11999 -12000 -11996 -12159 -12355 -12378 -12407 -12496 -12344 -12258 -12257 -12220 -12252 -12245 -12589
-10394 -10771 -11479 -8452 -8946 -9286 -9533 -9638 -9650 -9443 -9252 -9038 -8642 -8495 -8382 -8334 -8354 -8450 -8604 -8757 -5880 -6027 -6117 -6124 -6027 -6006 -5947 -6012 -5889 -8764 -8588 -8309 -8016 -7761 -7565 -7472 -7469 -7447 -7672 -7928 -8214 -8491 -8761 -8903 -8998 -9081 -9059 -8985 -8809 -12177 -12053 -11879 -11857 -11962 -12019 -11966 -11994 -12080 -12321 -12205 -12465 -8873 -8753 -12226 -12291 -12282 -12290 -12611 -12669
-10943 -11199 -11979 -8629 -9223 -9547 -9803 -9939 -9871 -9653 -9391 -9101 -8665 -8491 -8404 -8355 -8359 -8426 -8566 -8724 -5875 -6032 -6132 -6241 -6255 -6306 -6264 -6164 -5946 -8780 -8571 -8258 -7990 -7678 -7504 -7444 -7425 -7533 -7780 -8045 -8338 -8623 -8905 -9031 -9071 -9033 -8980 -8930 -8858 -12189 -12067 -11858 -11844 -11872 -12093 -12166 -12075 -12320 -12216 -12393 -12424 -8880 -8967 -12455 -12405 -12450 -8993 -12665 -12607
-11361 -11924 -8772 -9111 -9533 -9873 -10073 -10148 -10015 -9727 -9482 -8902 -8619 -8480 -8442 -8403 -8356 -8394 -8499 -5637 -5881 -6132 -6191 -6278 -6407 -6484 -6419 -6260 -5961 -8749 -8441 -8140 -7906 -7603 -7455 -7431 -7413 -7594 -7741 -8084 -8422 -8722 -8983 -9103 -9125 -9108 -9158 -9139 -9000 -11961 -11953 -11971 -11998 -11999 -12139 -12308 -12219 -12534 -8829 -9124 -8979 -9249 -9165 -12414 -8967 -12523 -9009 -12648 -12686
-12004 -8551 -9021 -9438 -9855 -10173 -10300 -10294 -10099 -9797 -9504 -9110 -8693 -8517 -8416 -8309 -8319 -8415 -8528 -5683 -6014 -6215 -6249 -6351 -6385 -6485 -6402 -6237 -9023 -8778 -8482 -8132 -7910 -7659 -7502 -7483 -7486 -7603 -7768 -8137 -8411 -8658 -8938 -9091 -9197 -9227 -9239 -9272 -8898 -8843 -12102 -11846 -12026 -11921 -12310 -12401 -8801 -9077 -12618 -12437 -8871 -9076 -9309 -9335 -9158 -9102 -9125 -9117 -9550
-12416 -9071 -9384 -9730 -10050 -10437 -10450 -10356 -7149 -9937 -9620 -9319 -8849 -8652 -8500 -8328 -8277 -8317 -8560 -5844 -6272 -6556 -6527 -6353 -6313 -6410 -6322 -6148 -8950 -8699 -8500 -8354 -8119 -7787 -7584 -7443 -7408 -7488 -7761 -8075 -8355 -8612 -8903 -9035 -9075 -9060 -9110 -9109 -9312 -8952 -12084 -12044 -11923 -11999 -12270 -12436 -12093 -8987 -9135 -12551 -8987 -9044 -8862 -9542 -9407 -9232 -9561 -9734 -9689
-9567 -9607 -9826 -10041 -10193 -10603 -10527 -7375 -9987 -9734 -9753 -9384 -8942 -8731 -8585 -8461 -8438 -8441 -8540 -5871 -6270 -6755 -6716 -6423 -6371 -6342 -6209 -9047 -8848 -8621 -8438 -8323 -8222 -8070 -7870 -7753 -7629 -7550 -7712 -8026 -8319 -8586 -8832 -8944 -9002 -9037 -9143 -9068 -9092 -8956 -12002 -11786 -11916 -12066 -11769 -12325 -12540 -8930 -8782 -12280 -9097 -12345 -12672 -9261 -9570 -9549 -9888 -9905 -9988
-10469 -10272 -10352 -10443 -10492 -10540 -7500 -7379 -10149 -9947 -9545 -9398 -9049 -8826 -8618 -8490 -8497 -8507 -5560 -5974 -6316 -6713 -6692 -6430 -6431 -6284 -6066 -8831 -8668 -8604 -8548 -8403 -8242 -8178 -8140 -8039 -7888 -7731 -7725 -7867 -8223 -8546 -8794 -8875 -8923 -8933 -8882 -8819 -8768 -8888 -12085 -11757 -12047 -12178 -12207 -12171 -12366 -9020 -8892 -9441 -9254 -9005 -9093 -9261 -9407 -9587 -9922 -9928 -9879
-11558 -11255 -11071 -10968 -10889 -10696 -7565 -7467 -7241 -6938 -9241 -9070 -8977 -8878 -8624 -8437 -8353 -8336 -8515 -5984 -6372 -6630 -6787 -6582 -6432 -6275 -8907 -8624 -8484 -8638 -8743 -8547 -8352 -8383 -8266 -8127 -8178 -7998 -7819 -7859 -8107 -8428 -8644 -8727 -8914 -9093 -8980 -8617 -8467 -8676 -11779 -11709 -11750 -12122 -12288 -12457 -12495 -8988 -9011 -9542 -9558 -9422 -9402 -9286 -9175 -9512 -9914 -9843 -9885
-12610 -12056 -11689 -8390 -8158 -7925 -7725 -7559 -7263 -6909 -9138 -9007 -8926 -8763 -8424 -8182 -8044 -8067 -8325 -5709 -6128 -6474 -6656 -6557 -6347 -6021 -8727 -8477 -8550 -8757 -8844 -8643 -8674 -8942 -8628 -8116 -7955 -7922 -7856 -7947 -8199 -8406 -8536 -8737 -8919 -8975 -8866 -8731 -8852 -12205 -12099 -11998 -12021 -12017 -11975 -8733 -12220 -12586 -12111 -9010 -8731 -9781 -10902 -9243 -9174 -9479 -9640 -9832 -10023
-10783 -9861 -9258 -8886 -8540 -8247 -7906 -7589 -7258 -6974 -6654 -9293 -9028 -8635 -8139 -7869 -7823 -8131 -8343 -5568 -5894 -6646 -6776 -6740 -6532 -5889 -8454 -8368 -8694 -8888 -9031 -8856 -9039 -9506 -9320 -8424 -7870 -7533 -7467 -7757 -8150 -8281 -8388 -8545 -8718 -8734 -8555 -8405 -8578 -8420 -11636 -11522 -11941 -11641 -12331 -8810 -8767 -12502 -12586 -12315 -8434 -9214 -9428 -9333 -9215 -9271 -9871 -9870 -10004
-11840 -10822 -9992 -9389 -8958 -8534 -8182 -7785 -7438 -7171 -6913 -6589 -9026 -8581 -8073 -7874 -8195 -8438 -5358 -5439 -5628 -6610 -6745 -6772 -6564 -5874 -8492 -8428 -8753 -8966 -9237 -9211 -6466 -7075 -9697 -8844 -8002 -7633 -7425 -7522 -7926 -8114 -8235 -8350 -8463 -8487 -8367 -8610 -8569 -12114 -11691 -11779 -11986 -12029 -12169 -12408 -11930 -12207 -8741 -12621 -8869 -9004 -9569 -9420 -9457 -9530 -9835 -9822 -10012
-10200 -11729 -10767 -9945 -9386 -8867 -8482 -8040 -7592 -7224 -6814 -6481 -8959 -8323 -7820 -7775 -8276 -5676 -5519 -5264 -5522 -6348 -6401 -6135 -5834 -8551 -8549 -8768 -8937 -9026 -9237 -6374 -6824 -6992 -9562 -8833 -8167 -7802 -7589 -7490 -7717 -7867 -7869 -8000 -8081 -8099 -8164 -8183 -8165 -11759 -11551 -11660 -11990 -12051 -11947 -12521 -12181 -12227 -8596 -9101 -9203 -8900 -9359 -9410 -9624 -9625 -9804 -9815 -10141
-10800 -9967 -11467 -10486 -9756 -9157 -8656 -8205 -7691 -7213 -6786 -6341 -8903 -8241 -7559 -7618 -8170 -5668 -5721 -5541 -5164 -5643 -5783 -5532 -8439 -8465 -8590 -5874 -6085 -9089 -9008 -6444 -6785 -9809 -9617 -9299 -8781 -8159 -7727 -7641 -7638 -7698 -7852 -8017 -8015 -11737 -11743 -11695 -11804 -11696 -11913 -11628 -12051 -12027 -12408 -12552 -12245 -12221 -12284 -9077 -9161 -9359 -9508 -9464 -9728 -9800 -9743 -9826 -10144
-11096 -10684 -9605 -11001 -10092 -9348 -8767 -8200 -7697 -7247 -6746 -9306 -8645 -8086 -7546 -7529 -5478 -5717 -5687 -5240 -7928 -5244 -8381 -8272 -8427 -8523 -8563 -8623 -8859 -8871 -9002 -9329 -6623 -6890 -9739 -9421 -9049 -8583 -7915 -7662 -7606 -7659 -7733 -7842 -7848 -11618 -11667 -11646 -11622 -11638 -11958 -11765 -12138 -12215 -12469 -12594 -9063 -12629 -12081 -9295 -9251 -8922 -9147 -9376 -9689 -9889 -9769 -9774 -10129
-9803 -11099 -10300 -9037 -10520 -9601 -8867 -8212 -7643 -7231 -6738 -9111 -8382 -7834 -7754 -8025 -5695 -5945 -5549 -8014 -7731 -8040 -8134 -8201 -8307 -8443 -8389 -8249 -8382 -8707 -9015 -9245 -6497 -6873 -9682 -9483 -9523 -9228 -8603 -7994 -7799 -7835 -7952 -8113 -8227 -8333 -8273 -11799 -11732 -11735 -11991 -12003 -12087 -11974 -12181 -9053 -8719 -12606 -12677 -9187 -9216 -9358 -9356 -9283 -9726 -9939 -9908 -10019 -10148
-10041 -9768 -10901 -9573 -8489 -9897 -8988 -8247 -7556 -6922 -9383 -8977 -8309 -7831 -7741 -8151 -5855 -5932 -8213 -7754 -7593 -8023 -8213 -8136 -8201 -8195 -8343 -8135 -8073 -8582 -8976 -9230 -6605 -6809 -9595 -9478 -9361 -9186 -9044 -8542 -8021 -8067 -8274 -8613 -8779 -8817 -8775 -8590 -12043 -11987 -12041 -11928 -12093 -12265 -12492 -9076 -9008 -9173 -9093 -9106 -9221 -9385 -9451 -9384 -9927 -9938 -9931 -10071 -10185
-10230 -9981 -9388 -10039 -8967 -7724 -9121 -8229 -7495 -7066 -6647 -6243 -5795 -7885 -7615 -8002 -5532 -5455 -8050 -7684 -7824 -5332 -5963 -5799 -5633 -5744 -5887 -5393 -8206 -8612 -8828 -9039 -6574 -6781 -9598 -9396 -9172 -9325 -9634 -9369 -8639 -8630 -8644 -8742 -8837 -8861 -8835 -8675 -12121 -12035 -11657 -11733 -11832 -12346 -9008 -9108 -9360 -9510 -9265 -9081 -9445 -9646 -9701 -9880 -10021 -9968 -9970 -10170 -9892
-10562 -10249 -9933 -10518 -9239 -8034 -6864 -8573 -7881 -7439 -7036 -6483 -8665 -7683 -7530 -8008 -5395 -8310 -7936 -7766 -8118 -5953 -6569 -6561 -6189 -6049 -5871 -5532 -8359 -8635 -8609 -8931 -6535 -6908 -9760 -9368 -9122 -9279 -9791 -9687 -9109 -8872 -8815 -8945 -8927 -8954 -8963 -8819 -12111 -12063 -11868 -11976 -11894 -12327 -9136 -9181 -9182 -9252 -9620 -9608 -9611 -9867 -10276 -10112 -9994 -9984 -10043 -10328 -10326
-9476 -9148 -10180 -8850 -9319 -8133 -6977 -6354 -6062 -5635 -7411 -6349 -8377 -7626 -7470 -8063 -8456 -8261 -7903 -7961 -8404 -6126 -6424 -6572 -6528 -6228 -5701 -8609 -5544 -8785 -8597 -8965 -9470 -9604 -9531 -9188 -9091 -9424 -9762 -9539 -9197 -9039 -8959 -9018 -8968 -8973 -9080 -8966 -8693 -12040 -12056 -11633 -12117 -12393 -9097 -9365 -9282 -9320 -9443 -10020 -9984 -10039 -9965 -10191 -9977 -10019 -10152 -10192 -10337
-9673 -9312 -9139 -9361 -9450 -7991 -6980 -6386 -5966 -5701 -7404 -6279 -8431 -7606 -7488 -8123 -8461 -8231 -7912 -7988 -8332 -5847 -6032 -6225 -6372 -6099 -8403 -8312 -8590 -8688 -8590 -8717 -9023 -8960 -9032 -9477 -9805 -9880 -9617 -9255 -8932 -8875 -8946 -9024 -8929 -8920 -9032 -8986 -8940 -12386 -12004 -12035 -12191 -12645 -12688 -9323 -9358 -9511 -9492 -10022 -10085 -10142 -10158 -10243 -9937 -10077 -9958 -10377 -10337
-9712 -9381 -9246 -9635 -7625 -7986 -7094 -6636 -6168 -7797 -7045 -6155 -8353 -7782 -7610 -8173 -8351 -8094 -7953 -8214 -5351 -5840 -6075 -6043 -6099 -5978 -8317 -8334 -8372 -8281 -8368 -8573 -8569 -8657 -9126 -9879 -10220 -9887 -9445 -9250 -9125 -9010 -9045 -9042 -8980 -8964 -8962 -8904 -8943 -8855 -12288 -12116 -12398 -8905 -9160 -9118 -9085 -9446 -9773 -10294 -10184 -10119 -10119 -10281 -10318 -10223 -10454 -10388 -10325
-9652 -9374 -9258 -9837 -7755 -7963 -7301 -6815 -6084 -7656 -6878 -6017 -8372 -7831 -7784 -8244 -8236 -8086 -8346 -5785 -5928 -6183 -6257 -6047 -6113 -6058 -8523 -8794 -8520 -8115 -8038 -8325 -8449 -8879 -9599 -7012 -9999 -9738 -9410 -9264 -9117 -9017 -8953 -8868 -8810 -8930 -8988 -9031 -8971 -12536 -12251 -12031 -9046 -9080 -9244 -9303 -9224 -9202 -9460 -9858 -10346 -10213 -10176 -10424 -10526 -10396 -10483 -10385 -10289
-9642 -9333 -9234 -9994 -7576 -6141 -5624 -7106 -5945 -7667 -6865 -8977 -8294 -7860 -7959 -8261 -8247 -8348 -5892 -6300 -6390 -6493 -6329 -6111 -6184 -6269 -5703 -8814 -8635 -8352 -8167 -8267 -8601 -9368 -7010 -9983 -9740 -9548 -9364 -9184 -8992 -8684 -8764 -8625 -8644 -8847 -9070 -9094 -9021 -12547 -12444 -11909 -12485 -9105 -12688 -9179 -9499 -9524 -9310 -9602 -10381 -10257 -10200 -10366 -10754 -10582 -10503 -10373 -10260
-9600 -9327 -9188 -9570 -7100 -6282 -5886 -7026 -8020 -7488 -6509 -8762 -8287 -8059 -8237 -8290 -8359 -5651 -6382 -6697 -6814 -6797 -6495 -6185 -6182 -6132 -8601 -8644 -8866 -8761 -8522 -8375 -8666 -9324 -9770 -9623 -9255 -9011 -8860 -8754 -8593 -8627 -8723 -8993 -9041 -9188 -9285 -9256 -9075 -12572 -12235 -12584 -9042 -12430 -12406 -12736 -9235 -9475 -9437 -9381 -10094 -10340 -10146 -10194 -10585 -10620 -10503 -10371 -10259
-9641 -9299 -9108 -8889 -6739 -6188 -5701 -6667 -7796 -7063 -9125 -8537 -8142 -8272 -8293 -8370 -8529 -6036 -6702 -6949 -7026 -6965 -6643 -6330 -6360 -6185 -8555 -8508 -8972 -9041 -8772 -8504 -8591 -9091 -9452 -9463 -9218 -8986 -8810 -8626 -8377 -8344 -8693 -8787 -8927 -9170 -9238 -9159 -8981 -12483 -12517 -12566 -12629 -12796 -9207 -9075 -9328 -9437 -9806 -9681 -9983 -10261 -10020 -10206 -10521 -10467 -10482 -10364 -10242
-9797 -9303 -10524 -7978 -6447 -6077 -5551 -6423 -7767 -7093 -9175 -8687 -8481 -8465 -8627 -8581 -8729 -6339 -6858 -6933 -6827 -6800 -6760 -6544 -6692 -6667 -5886 -8636 -8992 -9231 -8996 -8603 -8524 -8861 -9298 -9423 -9322 -9203 -8888 -8682 -8484 -8451 -8746 -8812 -8878 -9121 -9293 -9174 -12460 -12160 -12562 -12639 -12627 -12777 -9283 -9346 -9570 -9357 -9497 -9803 -9633 -9448 -10064 -10164 -10433 -10218 -9992 -10354 -10260
-9953 -9318 -9225 -7023 -6406 -6178 -5416 -6280 -8059 -7424 -6491 -8898 -8914 -8857 -8775 -5884 -6047 -6581 -6894 -6768 -6486 -6582 -6961 -6948 -7002 -6904 -6107 -9006 -9230 -9118 -8964 -8594 -8544 -8839 -9269 -9411 -9276 -8997 -8604 -8304 -8248 -8217 -8750 -8790 -8798 -8988 -9117 -9027 -12395 -12196 -12599 -12744 -9231 -9239 -12924 -9136 -9553 -9775 -9565 -9962 -9790 -9779 -9938 -10121 -10282 -10090 -10409 -10352 -10268
-10095 -9362 -10284 -6372 -6205 -5744 -6707 -6075 -8261 -7590 -6662 -9196 -9144 -9113 -6148 -6445 -6576 -6805 -6886 -6649 -6469 -6777 -7229 -7206 -7004 -6752 -6238 -9090 -9439 -9035 -8661 -8457 -8493 -8771 -9126 -9287 -9191 -8972 -8649 -8392 -8398 -8488 -8709 -8699 -12171 -12256 -12343 -12338 -12362 -12260 -12464 -12824 -9278 -9381 -9260 -12550 -9239 -9918 -9930 -10046 -9860 -9910 -9917 -9872 -10222 -10003 -10187 -10353 -10288
-8868 -8915 -9574 -6088 -6110 -7407 -6487 -8747 -8274 -7618 -6872 -6487 -9433 -9521 -6663 -6955 -6907 -6955 -6899 -6651 -6683 -7123 -7502 -7345 -6994 -6770 -6446 -6174 -6755 -9513 -8958 -8548 -8530 -8590 -8918 -9101 -9114 -9043 -8961 -8746 -8402 -8719 -8700 -8459 -11958 -11781 -12048 -12078 -12178 -12337 -12637 -9329 -9592 -9659 -9302 -12618 -12631 -9798 -10015 -10142 -9925 -9849 -10057 -9824 -10170 -9960 -10062 -10356 -10310
-9044 -9077 -7572 -6117 -5724 -7151 -6612 -8532 -8355 -7786 -7554 -7123 -6956 -7259 -7337 -7377 -7228 -7212 -7013 -6832 -7004 -7507 -7846 -7670 -7305 -7102 -6877 -6573 -7367 -7337 -9405 -9058 -8916 -8765 -8935 -9126 -9153 -9098 -8933 -8651 -12094 -12095 -12126 -12105 -12068 -11995 -12035 -12215 -12303 -12207 -8957 -9310 -9502 -9748 -9619 -9582 -9447 -9806 -9940 -10214 -10015 -9896 -9899 -9772 -10022 -9924 -10004 -10375 -10370
-9300 -8191 -7545 -6229 -5700 -6825 -6617 -8812 -8725 -8263 -7760 -7814 -7701 -8179 -8110 -7695 -7709 -7684 -7442 -7186 -7424 -7853 -5597 -5508 -7559 -7169 -7082 -6901 -7627 -7460 -9709 -9298 -9093 -8932 -9038 -9284 -9285 -9053 -8775 -8409 -11674 -11757 -12177 -12167 -12131 -12289 -12395 -12156 -12478 -12528 -9138 -9432 -9515 -9723 -9951 -9755 -9833 -10092 -9977 -10236 -10121 -10060 -9972 -9808 -9792 -9920 -9988 -10272 -10435
-8271 -8065 -7389 -6198 -5770 -6852 -6740 -6602 -9067 -8799 -8459 -8497 -8521 -8986 -8966 -8409 -8395 -8352 -7822 -7634 -7897 -5720 -5910 -5750 -7857 -7404 -7140 -7002 -7551 -7384 -9639 -9169 -9096 -8983 -9045 -9288 -9244 -8967 -8659 -8226 -11661 -8308 -8657 -8622 -12251 -12194 -12173 -12169 -12208 -12395 -9304 -9642 -9878 -10040 -9806 -9357 -9823 -9462 -9981 -9696 -10185 -10175 -10122 -10044 -9893 -9956 -9992 -10183 -10522
-8538 -8607 -6885 -6446 -5782 -6838 -6890 -6819 -6832 -8882 -9824 -9571 -9631 -9981 -9724 -9335 -6612 -6425 -8301 -7939 -5699 -6077 -6331 -6372 -5970 -5240 -6976 -6977 -7715 -7266 -9484 -9461 -9546 -9326 -9144 -9187 -9147 -8874 -8569 -11526 -11609 -12066 -12228 -12336 -12332 -12236 -12065 -12141 -12144 -12214 -8914 -9648 -9858 -9728 -9386 -9720 -9859 -9761 -9536 -9451 -9593 -10164 -10149 -10184 -10002 -9881 -9849 -10146 -10583
-8802 -7834 -7764 -7180 -6238 -7114 -7089 -7087 -7085 -9444 -8455 -8981 -8685 -8499 -8290 -7727 -7420 -7113 -6520 -5954 -6096 -6458 -7116 -7144 -6500 -5466 -6928 -7014 -7713 -7528 -7049 -7072 -10032 -9656 -9253 -9235 -9036 -8514 -8186 -11658 -11634 -12016 -12056 -12020 -11818 -12011 -12180 -12625 -12295 -12342 -12561 -9420 -9958 -9394 -9541 -9511 -9824 -9184 -9703 -9471 -9801 -10008 -10102 -10186 -10086 -10004 -9999 -10149 -9997
-8040 -8504 -8482 -6221 -5359 -6179 -7852 -7726 -7439 -8144 -9799 -9951 -9707 -9409 -9283 -8869 -8226 -7849 -7141 -6768 -6759 -7320 -5727 -5737 -7361 -6591 -7589 -7429 -7939 -7946 -7586 -7224 -9918 -9444 -8985 -8937 -8909 -8412 -11688 -11338 -11739 -11973 -8554 -11934 -8572 -8595 -8676 -8681 -12253 -12321 -12635 -9117 -9566 -9848 -9328 -9599 -9366 -9232 -9182 -9738 -10013 -9937 -9811 -9928 -10128 -9993 -9913 -10192 -10645
-8092 -8534 -7440 -8539 -7447 -6931 -6512 -6673 -8902 -8179 -8355 -8466 -10399 -10084 -10121 -9826 -9295 -8544 -7807 -7395 -7297 -7669 -5829 -5904 -5714 -7171 -6002 -8110 -8262 -7925 -7402 -10023 -9804 -9299 -8818 -8585 -8541 -8007 -11402 -8115 -11950 -8544 -12208 -12162 -12153 -12222 -12293 -12319 -8676 -8692 -8781 -9222 -9247 -9256 -8679 -8680 -12307 -12383 -9182 -9684 -9479 -10107 -9417 -9760 -9973 -9976 -9958 -10227 -10635
-9168 -8368 -8509 -8969 -7864 -8020 -8449 -7265 -8288 -9613 -9148 -8989 -8542 -10496 -8793 -8446 -8467 -9086 -8058 -7637 -7522 -7498 -5586 -5919 -6071 -5785 -6896 -8361 -7952 -7276 -9841 -9654 -9647 -9390 -9090 -8919 -8736 -8413 -8141 -8264 -8252 -8513 -8664 -8606 -8580 -12212 -12190 -12231 -12313 -12461 -12554 -9140 -9166 -9024 -12504 -12293 -12381 -12637 -9030 -12765 -9838 -10160 -10082 -9948 -9938 -9918 -9881 -9905 -10560
-8787 -9148 -8163 -8839 -8343 -8531 -8645 -7422 -7808 -8034 -9518 -9307 -9063 -9106 -9093 -9076 -8852 -9558 -8212 -7683 -7491 -7527 -5565 -5825 -5781 -7455 -7156 -6038 -7736 -7111 -9979 -9985 -9979 -9803 -9570 -9332 -8978 -8620 -8461 -8720 -8806 -8791 -8774 -12287 -12250 -12283 -12260 -12370 -8771 -8762 -8756 -8807 -8702 -12653 -8927 -12364 -8753 -9061 -9054 -12686 -9767 -10059 -10239 -9926 -9892 -9916 -9826 -10097 -10382
-9661 -8767 -8896 -9561 -9209 -9774 -8745 -8587 -8778 -9724 -9474 -9745 -9617 -9580 -9464 -9298 -8717 -9644 -8357 -7741 -7598 -5874 -5961 -5747 -7353 -7188 -7134 -6411 -7947 -7623 -7651 -7435 -10380 -10083 -9651 -9462 -9387 -9117 -8891 -9197 -9378 -9133 -8742 -12279 -12126 -12154 -12237 -12318 -12500 -8986 -8998 -9180 -9167 -12616 -12633 -12684 -9168 -9094 -9320 -9575 -9638 -9958 -10382 -10439 -10113 -9976 -10029 -10257 -10340
-10501 -9441 -9488 -9037 -10168 -9758 -9442 -10640 -10346 -10146 -10145 -10186 -9922 -9630 -9683 -9446 -8869 -9745 -8610 -7861 -7694 -7751 -7810 -7429 -7136 -7071 -6798 -6259 -8367 -7754 -7649 -7908 -7745 -10270 -9742 -9525 -9489 -9434 -9438 -9512 -9713 -9819 -9370 -12258 -12209 -12148 -12307 -12228 -12354 -9013 -9064 -9250 -9304 -9084 -9101 -9079 -9206 -9243 -9435 -9633 -9576 -9792 -10476 -10627 -10620 -10558 -10372 -10336 -10308
-10004 -10116 -10057 -10000 -9948 -9680 -10796 -10190 -10076 -10323 -10348 -10395 -9980 -9681 -9634 -9248 -8892 -9783 -8681 -8033 -7678 -7582 -7476 -7130 -7029 -6990 -6507 -8446 -7986 -7602 -7638 -7941 -10621 -10106 -9848 -9876 -9827 -9835 -10123 -9949 -9801 -13382 -11334 -12255 -12281 -12221 -12436 -12430 -8805 -9161 -9317 -9265 -9388 -9403 -9512 -9469 -9110 -9513 -9824 -9863 -9695 -9783 -10486 -10416 -11015 -10783 -10557 -10315 -10417
-9771 -9838 -9776 -9803 -9802 -9649 -10869 -10606 -10184 -10241 -10266 -10263 -10058 -9683 -9621 -9245 -8936 -9911 -8867 -8147 -7697 -7514 -7435 -7079 -6962 -6880 -6502 -8442 -7556 -7214 -7258 -7486 -10384 -9976 -9922 -10084 -9943 -10209 -14832 -14664 -14641 -14523 -9167 -12175 -12178 -12447 -12355 -12572 -9044 -9369 -9468 -9448 -9437 -9352 -9538 -9426 -9456 -9507 -9974 -10020 -9911 -9878 -10461 -10402 -11153 -10951 -10759 -10669 -10674
-11319 -9722 -9672 -9707 -9702 -9572 -10779 -10708 -10531 -10746 -10806 -10375 -9959 -9660 -9557 -9188 -8869 -8429 -9121 -8336 -7899 -7424 -7342 -7208 -7226 -7171 -6718 -8524 -7472 -7055 -9994 -10137 -10039 -9825 -9948 -10102 -9777 -9920 -14809 -14895 -14185 -13066 -8896 -12343 -12217 -12521 -12404 -12502 -9022 -9361 -9383 -9856 -9559 -9632 -9576 -9363 -9692 -9655 -10113 -10131 -10144 -10102 -10378 -10389 -10909 -11099 -10781 -11212 -11073
-9690 -9683 -9721 -9748 -9710 -9650 -10863 -10823 -10806 -10886 -10721 -10556 -9858 -9564 -9522 -9156 -9013 -10213 -9179 -8420 -7967 -7573 -7405 -7509 -7594 -7552 -7152 -8664 -7304 -6861 -9819 -9866 -9728 -9683 -9934 -10082 -9795 -9463 -15399 -15113 -14440 -9267 -8897 -9009 -8958 -12545 -12616 -12661 -9107 -9459 -9358 -9929 -9727 -9810 -9357 -9377 -9523 -9724 -9903 -10140 -10348 -10473 -10378 -10455 -11068 -11246 -11292 -11574 -11622
-9693 -9707 -9763 -9787 -9766 -9752 -9704 -10939 -10946 -10924 -11213 -10488 -9823 -9565 -9541 -9212 -9093 -8584 -9691 -8565 -7946 -7905 -7902 -8013 -7885 -7600 -7374 -6411 -7381 -9789 -9649 -9794 -9771 -9907 -9967 -10267 -9957 -9323 -12971 -15026 -14434 -9457 -9409 -9306 -9158 -12694 -9042 -9131 -9531 -9516 -9731 -9529 -9896 -9861 -9824 -9469 -9542 -9750 -9926 -9997 -10352 -10948 -10672 -10300 -11087 -10961 -11503 -11821 -11803
-11329 -9764 -9804 -9825 -9859 -9887 -9865 -11039 -11041 -9944 -9739 -10366 -9925 -9739 -9600 -9597 -9109 -8725 -10011 -9286 -8179 -8366 -8519 -8303 -7935 -7659 -7822 -7240 -7986 -9509 -9563 -9752 -9932 -9977 -9776 -9530 -9102 -12142 -12293 -12670 -9548 -9817 -9598 -9423 -9316 -9239 -9174 -9201 -9264 -9775 -9864 -9833 -10102 -10312 -10437 -10202 -10031 -9949 -9965 -9861 -10202 -10992 -10421 -10586 -11058 -10979 -11767 -12100 -12243
-11298 -9781 -9845 -9896 -9927 -9951 -9956 -9955 -10084 -10013 -9755 -10601 -10643 -10451 -10326 -9761 -9300 -9008 -10433 -9964 -9916 -9947 -9416 -8156 -9410 -7390 -7561 -6844 -7952 -9524 -9355 -9609 -9850 -9880 -9619 -9201 -12483 -12497 -12604 -9192 -9587 -9957 -10208 -9731 -9502 -9383 -9361 -9293 -9456 -9710 -9888 -9917 -9929 -10171 -10096 -10545 -10211 -10018 -10040 -9916 -10071 -10518 -10648 -10669 -11257 -10963 -11615 -12067 -12287
-11307 -9783 -9893 -9954 -10015 -10079 -10142 -10185 -10199 -10124 -9968 -10929 -10956 -10912 -10491 -10013 -9497 -9206 -9179 -9168 -9037 -10280 -10148 -8675 -9465 -11808 -9056 -8284 -10349 -9259 -9171 -9369 -9587 -9614 -9477 -9049 -12570 -9045 -9381 -9645 -9917 -10243 -9715 -9589 -9581 -9523 -9522 -9487 -9794 -10054 -10091 -10026 -9989 -10026 -10293 -10078 -10407 -10268 -10235 -10085 -10168 -10737 -10850 -10589 -10744 -10959 -11349 -11816 -12088
-11308 -9831 -9956 -10018 -10635 -9552 -9473 -9416 -9425 -10346 -10287 -10217 -9697 -9609 -9258 -10149 -9112 -9191 -9862 -9906 -9331 -9567 -9678 -10111 -9841 -8452 -7768 -10368 -9839 -9209 -9161 -9313 -9395 -9396 -9294 -9175 -9128 -9416 -9751 -9789 -9847 -9944 -9739 -9637 -9548 -9653 -9748 -9906 -10093 -10211 -10110 -9973 -9926 -9883 -10094 -10467 -10515 -10710 -10595 -10717 -10621 -10923 -11137 -10828 -10825 -11187 -11355 -12184 -12381
-11319 -9884 -9993 -10391 -9356 -9662 -9679 -9739 -9771 -9564 -9335 -8895 -10132 -9955 -9295 -9046 -10230 -9393 -8797 -8974 -9837 -10379 -9679 -9193 -9626 -8089 -10268 -10094 -9813 -9642 -9434 -8927 -9341 -9172 -9178 -9461 -9661 -9920 -10218 -10177 -10045 -10127 -10102 -9984 -9710 -9542 -9599 -9741 -10007 -10213 -10151 -10169 -10019 -9923 -10105 -10293 -10486 -10949 -11123 -11038 -10873 -10235 -11397 -11096 -10833 -11128 -11863 -12257 -12553
-11336 -9906 -10057 -9362 -9516 -9997 -9891 -8788 -8891 -8767 -9359 -9821 -9815 -9645 -9577 -9333 -8948 -9700 -9516 -8997 -9007 -9759 -8574 -10085 -8952 -10643 -9981 -9789 -9686 -9594 -9568 -8943 -8743 -8874 -9084 -9388 -9881 -10406 -10415 -10233 -10054 -10606 -10385 -10156 -9719 -9801 -10058 -9975 -9965 -10122 -10203 -10375 -10097 -10233 -10193 -10070 -10318 -10391 -11367 -11434 -11522 -10781 -11458 -11779 -11132 -11833 -12083 -12321 -12581
-9737 -9973 -10290 -9376 -10007 -9165 -8319 -8751 -9302 -9637 -10498 -8940 -9240 -10229 -9312 -9330 -8506 -9112 -9433 -9757 -9971 -8700 -7817 -9366 -8226 -10381 -9834 -9500 -9572 -9520 -9561 -8975 -8625 -8651 -9005 -9619 -10219 -10476 -10349 -10259 -10492 -10765 -10411 -10233 -10194 -10260 -10203 -10082 -10097 -10106 -10203 -10360 -10433 -10935 -10700 -10261 -10238 -10141 -11198 -11558 -11961 -11824 -11552 -11837 -11426 -12116 -12226 -12369 -12567
-9830 -10073 -10527 -9539 -9059 -9286 -9470 -8731 -10098 -8421 -9649 -9895 -8860 -9186 -8540 -8661 -8726 -9315 -8580 -8694 -8745 -7632 -9599 -8854 -7804 -10352 -9601 -9365 -9591 -9425 -9330 -8975 -8664 -8745 -9294 -9927 -10401 -10281 -10359 -10550 -10632 -10596 -10566 -10540 -10519 -10435 -10417 -10436 -10714 -10745 -10831 -10766 -10668 -11304 -11186 -11024 -10730 -10740 -10798 -10940 -12121 -11998 -11863 -12155 -12278 -12351 -12335 -12391 -12532
-9918 -10197 -9326 -9657 -9278 -9853 -9825 -9146 -9960 -9663 -8675 -8943 -10160 -9649 -9020 -9377 -8461 -9889 -8452 -9077 -7756 -9430 -9050 -8470 -7885 -10196 -9459 -9276 -9667 -9453 -9054 -8919 -8803 -9093 -9812 -9943 -10189 -10303 -10526 -10681 -10761 -10753 -10768 -10694 -10781 -10495 -10543 -10555 -10558 -10621 -11134 -11070 -10735 -11420 -11368 -11358 -11465 -11526 -11443 -11502 -11751 -11993 -12082 -9812 -12734 -12719 -12496 -12485 -12515
-10059 -10528 -9512 -9790 -9317 -8684 -9733 -9018 -8777 -8670 -8081 -8969 -9508 -8816 -9234 -9032 -8489 -10213 -8800 -10133 -9408 -8995 -8547 -8467 -8065 -10108 -9259 -9157 -9478 -9255 -8968 -8913 -9273 -9484 -9894 -9786 -10007 -10580 -10683 -10720 -10765 -10850 -10951 -11031 -10953 -10700 -10691 -10615 -10662 -10687 -10798 -11039 -11240 -11591 -11611 -11637 -11626 -11633 -11609 -11829 -11892 -12196 -12646 -9819 -10166 -9916 -12898 -12613 -12598
-10252 -9417 -9716 -8636 -9819 -8556 -9259 -9940 -7996 -8310 -10735 -8255 -9190 -10166 -9942 -9385 -10039 -10452 -9698 -9163 -8870 -8610 -8518 -8137 -7846 -7230 -9324 -9322 -9617 -9104 -9077 -9077 -9453 -9608 -9706 -9914 -10216 -10669 -10720 -10806 -11007 -11133 -11164 -11148 -11061 -10827 -10717 -10652 -10669 -10745 -10784 -10834 -11303 -11659 -11647 -11695 -11617 -11653 -11362 -12091 -12074 -12345 -12767 -9994 -10175 -10037 -10001 -9972 -9915
-9204 -9680 -8734 -8757 -8668 -9745 -9248 -9532 -7368 -8122 -10260 -10604 -7660 -8760 -8928 -8443 -8770 -8877 -8845 -8828 -8651 -8526 -8513 -8308 -7830 -9801 -9275 -9379 -9625 -9129 -9411 -9225 -9621 -9747 -10075 -10152 -10380 -10708 -10759 -10758 -10888 -11070 -11205 -11285 -11270 -11213 -11038 -10524 -10503 -10700 -10753 -10702 -10600 -11137 -11573 -11193 -11503 -11556 -11583 -12443 -12585 -12720 -9959 -9725 -9900 -10373 -10289 -10436 -10172
-9584 -8745 -8999 -8846 -9499 -10255 -10536 -8262 -9185 -8251 -10742 -10655 -10427 -10943 -8140 -8196 -8606 -8773 -8832 -8795 -8626 -8468 -8319 -7843 -7429 -10006 -9742 -9579 -9518 -9398 -9440 -9430 -9559 -9813 -10170 -10190 -10318 -10575 -10686 -10749 -10895 -11066 -11169 -11189 -11157 -11057 -10693 -10621 -10734 -10762 -10670 -10764 -11014 -11182 -11381 -11557 -11669 -12153 -12240 -12541 -12561 -9980 -10098 -9968 -10091 -10240 -10585 -10614 -10357
-8650 -9111 -8160 -8588 -9184 -9805 -8739 -10061 -8788 -8198 -10755 -10597 -10456 -10547 -10810 -8022 -8591 -8880 -8944 -8878 -8742 -8544 -8160 -7770 -7371 -10077 -9842 -9625 -9516 -9479 -9539 -9593 -9683 -9886 -10210 -10246 -10325 -10570 -10747 -10774 -10954 -11134 -11192 -11213 -11166 -11043 -10919 -10741 -10654 -10639 -10563 -10748 -11033 -11324 -11555 -11701 -12097 -12357 -9495 -9829 -9846 -10195 -10187 -10035 -10053 -10316 -10629 -10675 -10496
-8916 -8065 -8164 -9550 -8898 -9903 -7943 -9455 -8672 -8086 -10712 -10552 -10397 -10425 -10587 -8003 -8630 -8922 -9047 -9140 -8763 -8570 -8199 -7827 -7402 -7053 -9855 -9656 -9563 -9563 -9674 -9754 -9820 -10010 -10285 -10341 -10425 -10594 -10702 -10813 -11017 -11169 -11245 -11287 -11245 -11117 -10967 -10835 -10613 -10577 -10394 -10861 -11209 -11416 -11863 -12005 -9268 -9355 -9691 -9789 -9987 -10195 -10295 -10134 -10115 -10264 -10641 -10599 -10580
-9014 -7932 -8616 -9920 -8452 -8300 -9823 -9150 -8473 -11069 -10723 -10614 -10485 -10509 -10735 -8269 -8725 -9046 -9162 -6640 -6335 -8568 -8380 -7961 -7451 -7065 -9851 -9702 -9627 -9660 -9816 -9908 -9965 -10094 -10295 -10329 -10410 -10577 -10696 -10827 -11068 -11215 -11304 -11363 -11351 -11257 -11106 -10944 -10654 -10590 -10465 -11203 -11446 -11524 -11885 -12263 -9349 -9376 -9670 -9931 -10093 -10394 -10337 -10021 -10081 -10223 -10626 -10694 -10580
