---
Cu Potential [ft] Valid 1200 PST ~Z75~(2000Z)~Z~ MON 22 May 2017 ~Z75~[20hrFcst@1252z]~Z~
Model= RASP Region= PANOCHE Grid= w2 Reskm= 1.3 Indexs= 1 69 1 63 Proj= lambert 1333 1333 40.0000 40.0000 -73.0000 36.8890 -121.0672
Day= 2017 5 22 MON ValidLST= 1200 PST ValidZ= 2000 Fcst= 20.0 Init= 12 Param= zsfclcldif Unit= ft Mult= 1 Min= -8351 Max= -1304
-4718 -4787 -4835 -4843 -4782 -4683 -4543 -4397 -4219 -4090 -3964 -3815 -3578 -3422 -3214 -2975 -2887 -2789 -2739 -2635 -2496 -2352 -2268 -2216 -2232 -2288 -2463 -2607 -2655 -2727 -2748 -2795 -2865 -2942 -3084 -3273 -3495 -3648 -3801 -3798 -4066 -4089 -4191 -4429 -4581 -4719 -4800 -4878 -4848 -4799 -4875 -4820 -4851 -4852 -4788 -4845 -4848 -5072 -5112 -5251 -5174 -5216 -5146 -4960 -5032 -5003 -4983 -5297 -5300
-4853 -4977 -4905 -4804 -4694 -4557 -4385 -4222 -4073 -3975 -3843 -3631 -3501 -3365 -3139 -2942 -2879 -2807 -2754 -2647 -2513 -2343 -2260 -2233 -2294 -2374 -2480 -2568 -2621 -2706 -2775 -2884 -2980 -3111 -3250 -3414 -3598 -3781 -3789 -3795 -3899 -3998 -4086 -4275 -4474 -4728 -4743 -4850 -4889 -4870 -4915 -4931 -4779 -4797 -4810 -4794 -4864 -5097 -5171 -5191 -5157 -5138 -5065 -4931 -5004 -5026 -5085 -5129 -5246
-4824 -4815 -4872 -4817 -4658 -4472 -4232 -4024 -3900 -3811 -3691 -3565 -3382 -3265 -3044 -2934 -2880 -2809 -2741 -2628 -2491 -2336 -2265 -2254 -2317 -2375 -2456 -2557 -2642 -2731 -2823 -2945 -3063 -3213 -3342 -3447 -3546 -3680 -3783 -3732 -3788 -3894 -3974 -4128 -4370 -4670 -4798 -4828 -4947 -4924 -4951 -4809 -4790 -4867 -4823 -4743 -4770 -5030 -5089 -5047 -5107 -5099 -5083 -4867 -4939 -4997 -5077 -5336 -5388
-5050 -5052 -5124 -4803 -4681 -4421 -4097 -3859 -3691 -3575 -3441 -3337 -3158 -3043 -2941 -2914 -2883 -2796 -2676 -2558 -2435 -2323 -2263 -2254 -2329 -2384 -2469 -2563 -2653 -2729 -2863 -3005 -3126 -3284 -3394 -3429 -3467 -3617 -3664 -3619 -3645 -3750 -3834 -3983 -4213 -4417 -4557 -4698 -4900 -4907 -4949 -4783 -4779 -4779 -4975 -5027 -4917 -5074 -5015 -5022 -5017 -5079 -5162 -5144 -5177 -5253 -5404 -5461 -5387
-5202 -5330 -5225 -4937 -4687 -4427 -4073 -3794 -3570 -3416 -3233 -3045 -2998 -2951 -2880 -2893 -2878 -2802 -2655 -2502 -2358 -2285 -2255 -2308 -2423 -2496 -2554 -2630 -2712 -2796 -2913 -3014 -3109 -3283 -3356 -3372 -3394 -3532 -3542 -3557 -3557 -3663 -3728 -3890 -4033 -4318 -4401 -4561 -4803 -4696 -4801 -5012 -5003 -4900 -4895 -4955 -5049 -5231 -5080 -5034 -4894 -5188 -5274 -5032 -5282 -5289 -5388 -5462 -5495
-5332 -5206 -5115 -4883 -4628 -4398 -3984 -3710 -3460 -3286 -3064 -2990 -2892 -2864 -2849 -2843 -2778 -2667 -2530 -2394 -2309 -2159 -2261 -2362 -2337 -2364 -2410 -2470 -2546 -2657 -2783 -2976 -3169 -3379 -3478 -3544 -3495 -3504 -3554 -3573 -3587 -3690 -3734 -3924 -4140 -4408 -4651 -4856 -4717 -4893 -4846 -4819 -5127 -5115 -5127 -4994 -4930 -5177 -5155 -5048 -4909 -4957 -5237 -5336 -5320 -5355 -5443 -5507 -5652
-5349 -5260 -5076 -4835 -4592 -4491 -3997 -3712 -3414 -3260 -3087 -2926 -2765 -2747 -2792 -2775 -2678 -2578 -2467 -2246 -1932 -1814 -2210 -2269 -2413 -2545 -2567 -2559 -2664 -2788 -2810 -2802 -2895 -3094 -3199 -3314 -3383 -3520 -3513 -3584 -3516 -3618 -3644 -3862 -4019 -4334 -4525 -4746 -4906 -4975 -4976 -4977 -4893 -5123 -5223 -5268 -4657 -4975 -5152 -5176 -5132 -4976 -5024 -5255 -5359 -5320 -5538 -5619 -5633
-5409 -5171 -4990 -4755 -4478 -4420 -3970 -3723 -3312 -3122 -3183 -2913 -2721 -2686 -2692 -2621 -2615 -2568 -2491 -2266 -1877 -1691 -2189 -2294 -2460 -2544 -2590 -2644 -2777 -2907 -3005 -3078 -3087 -3031 -2963 -2997 -3041 -3372 -3379 -3503 -3510 -3678 -3724 -3958 -4088 -4354 -4484 -4685 -4865 -4893 -4923 -4920 -4943 -5100 -4812 -5266 -5174 -4904 -4740 -4931 -5137 -5115 -5084 -5066 -5437 -5448 -5603 -5708 -5748
-5307 -5052 -4873 -4627 -4343 -4114 -3897 -3678 -3483 -3232 -2937 -2859 -2713 -2668 -2648 -2559 -2556 -2509 -2497 -2305 -1987 -1790 -2190 -2258 -2412 -2497 -2551 -2729 -2867 -2959 -3021 -3102 -3184 -3229 -3237 -3147 -3034 -3235 -3273 -3479 -3572 -3681 -3722 -3906 -4005 -4292 -4462 -4585 -4694 -4858 -4838 -4832 -5098 -5089 -5051 -5142 -5258 -5163 -4575 -5128 -5108 -5115 -5411 -5129 -5351 -5458 -5616 -5706 -5664
-5079 -4909 -4701 -4442 -4170 -3939 -3801 -3603 -3437 -3243 -2903 -2849 -2725 -2656 -2647 -2502 -2462 -2411 -2409 -2253 -2021 -1707 -1985 -2221 -2307 -2402 -2580 -2774 -2865 -2899 -2923 -3030 -3122 -3260 -3288 -3280 -3344 -3370 -3317 -3372 -3498 -3542 -3668 -3662 -3847 -4358 -4466 -4452 -4589 -4853 -4764 -4747 -4753 -5003 -5032 -5146 -5276 -5256 -4791 -4919 -5167 -5259 -5325 -5271 -5081 -5433 -5594 -5626 -5686
-4926 -4751 -4527 -4265 -4009 -3838 -3708 -3503 -3334 -3151 -2899 -2861 -2748 -2706 -2623 -2546 -2484 -2440 -2400 -2324 -2135 -1882 -1867 -2181 -2298 -2480 -2682 -2766 -2846 -2905 -2993 -3122 -3132 -3107 -3176 -3210 -3320 -3459 -3582 -3617 -3602 -3687 -3766 -3896 -4066 -4383 -4535 -4688 -4860 -4911 -5094 -5125 -5133 -5040 -4748 -4748 -4828 -5310 -4996 -4689 -4595 -5357 -5720 -5326 -5288 -5432 -5456 -5608 -5755
-4882 -4648 -4398 -4128 -3872 -3740 -3563 -3407 -3245 -3084 -2972 -2804 -2692 -2665 -2600 -2630 -2618 -2603 -2431 -2309 -2165 -2004 -1824 -2181 -2361 -2536 -2652 -2761 -2868 -2970 -3056 -3111 -2960 -2888 -3108 -3205 -3306 -3402 -3500 -3699 -3693 -3833 -3873 -4023 -4136 -4263 -4227 -4397 -4665 -4732 -4757 -4799 -5128 -4907 -5288 -5047 -4817 -5191 -5215 -4842 -4368 -4967 -5139 -5316 -5345 -5303 -5575 -5741 -5762
-4785 -4612 -4347 -4020 -3738 -3619 -3424 -3310 -3155 -3012 -2850 -2735 -2590 -2551 -2607 -2566 -2399 -2260 -2246 -2202 -2142 -1932 -1532 -2154 -2428 -2518 -2613 -2780 -2929 -2992 -3036 -2928 -2849 -3079 -3269 -3433 -3472 -3584 -3654 -3673 -3839 -3968 -4054 -4308 -4417 -4633 -4584 -4961 -4835 -4921 -4796 -4864 -5122 -5082 -5163 -5155 -4599 -4704 -5082 -5068 -4687 -4876 -5224 -5311 -5476 -5467 -5661 -5766 -5767
-4709 -4561 -4297 -3931 -3654 -3478 -3301 -3164 -3041 -2861 -2753 -2638 -2460 -2447 -2562 -2579 -2422 -2084 -1804 -1909 -2267 -2061 -1772 -2191 -2499 -2601 -2699 -2825 -2956 -2946 -2809 -2800 -3033 -3243 -3387 -3439 -3601 -3842 -3876 -3802 -4024 -4073 -4140 -4280 -4371 -4492 -4595 -4720 -4813 -4828 -4774 -4997 -5253 -5183 -4844 -5105 -4996 -4793 -4750 -5270 -4959 -4750 -5228 -5119 -5472 -5494 -5659 -5779 -5794
-4643 -4508 -4265 -3897 -3593 -3377 -3169 -2990 -2856 -2783 -2616 -2605 -2486 -2407 -2513 -2634 -2484 -2124 -1872 -2004 -2397 -2338 -2127 -2322 -2561 -2640 -2788 -2782 -2918 -2790 -2692 -2955 -3114 -3198 -3347 -3543 -3662 -3822 -4048 -4129 -4100 -4189 -4489 -4541 -4434 -4709 -4776 -4646 -4877 -4739 -4874 -4775 -5150 -5103 -5217 -5034 -4805 -5025 -4854 -5277 -5234 -5043 -5195 -5223 -5448 -5528 -5569 -5789 -5788
-4796 -4614 -4319 -3886 -3582 -3361 -3095 -2815 -2690 -2622 -2622 -2499 -2481 -2518 -2418 -2493 -2392 -1963 -2011 -2251 -2662 -2672 -2412 -2496 -2593 -2626 -2818 -2800 -2736 -2689 -2903 -3113 -3065 -3155 -3342 -3471 -3575 -3704 -3942 -3979 -4079 -4146 -4220 -4267 -4144 -4306 -4384 -4514 -4760 -4817 -5108 -4787 -5079 -5080 -5178 -5204 -5119 -5284 -4830 -5110 -5208 -4904 -4922 -5221 -5458 -5519 -5559 -5685 -5774
-4786 -4718 -4420 -3895 -3532 -3238 -2959 -2715 -2532 -2527 -2430 -2461 -2486 -2413 -2523 -2564 -2152 -1821 -2251 -2400 -2878 -2888 -2696 -2594 -2471 -2441 -2774 -2703 -2708 -2748 -3107 -3068 -3016 -3154 -3322 -3408 -3482 -3704 -4008 -4059 -4160 -4225 -4366 -4405 -4278 -4290 -4425 -4623 -4683 -4753 -5094 -5132 -5119 -4797 -4957 -5154 -4804 -5211 -5319 -5057 -5141 -5200 -5201 -5205 -5437 -5516 -5712 -5795 -5767
-4707 -4639 -4457 -3949 -3509 -3151 -2846 -2568 -2339 -2274 -2426 -2296 -2310 -2535 -2603 -2588 -2103 -1901 -2317 -2477 -2685 -2741 -2773 -2610 -2439 -2348 -2662 -2718 -2783 -2919 -3160 -2987 -3066 -3244 -3337 -3489 -3578 -3731 -4027 -4116 -4136 -4257 -4316 -4411 -4462 -4351 -4457 -4518 -4612 -4801 -4900 -5013 -5147 -5175 -5146 -5258 -5089 -5146 -5354 -5154 -5045 -5112 -5222 -5264 -5398 -5546 -5708 -5775 -5745
-4562 -4598 -4443 -3958 -3510 -3076 -2699 -2454 -2211 -2169 -2105 -2066 -2265 -2565 -2628 -2544 -2129 -2042 -2290 -2475 -2668 -2513 -2245 -2151 -2246 -2444 -2671 -2590 -2868 -3124 -3157 -3008 -3117 -3205 -3405 -3644 -3774 -3674 -3713 -4143 -4174 -4349 -4396 -4437 -4489 -4400 -4544 -4663 -4776 -4886 -4745 -4751 -4729 -5132 -5099 -5103 -5211 -5361 -5421 -5272 -5242 -5262 -5272 -5385 -5417 -5598 -5712 -5759 -5636
-4474 -4456 -4423 -3999 -3442 -2978 -2520 -2308 -2180 -1976 -2064 -2333 -2404 -2495 -2565 -2452 -2117 -2127 -2295 -2434 -2571 -2308 -1997 -1694 -1587 -2073 -2481 -2629 -3082 -3130 -3016 -3057 -3191 -3377 -3763 -3950 -3874 -3388 -3354 -3706 -3830 -4154 -4119 -4188 -4106 -4240 -4361 -4554 -4635 -5105 -4846 -5008 -4812 -5182 -5266 -5255 -5182 -4993 -5486 -5510 -5293 -5223 -5415 -5513 -5441 -5616 -5711 -5743 -5747
-4314 -4396 -4372 -3955 -3323 -2826 -2341 -2098 -1900 -1627 -2110 -2384 -2527 -2435 -2521 -2357 -2122 -2182 -2272 -2471 -2410 -2026 -1840 -1645 -1474 -1625 -2102 -2367 -2759 -3112 -3009 -3172 -3428 -3585 -3728 -3555 -3314 -3013 -3232 -3512 -3780 -4098 -3972 -4131 -4258 -4405 -4615 -4686 -4771 -4658 -4876 -4914 -5059 -5089 -5114 -5325 -5404 -5252 -5192 -5547 -5514 -5361 -5229 -5606 -5536 -5631 -5703 -5707 -5725
-4109 -4304 -4348 -3944 -3189 -2625 -2166 -1966 -1759 -1629 -2214 -2379 -2475 -2416 -2451 -2294 -2235 -2314 -2310 -2485 -2331 -2031 -1873 -1626 -1578 -1837 -2222 -2321 -2389 -2741 -2968 -3088 -3336 -3360 -3281 -3073 -3123 -3208 -3300 -3385 -3518 -3660 -3787 -4003 -4192 -4407 -4597 -4783 -5064 -5006 -4771 -4923 -5071 -5357 -5230 -5080 -5334 -5321 -5183 -5397 -5397 -5364 -5338 -5573 -5493 -5630 -5616 -5692 -5688
-3996 -4199 -4335 -3902 -2961 -2284 -2039 -1956 -1788 -1870 -2360 -2377 -2424 -2433 -2450 -2316 -2384 -2371 -2376 -2359 -2121 -1881 -1630 -1514 -1743 -1878 -2298 -2379 -2337 -2397 -2978 -3237 -3465 -3422 -3158 -3040 -3125 -3276 -3383 -3527 -3867 -4001 -4118 -4053 -4218 -4350 -4504 -4633 -4871 -4902 -4865 -4719 -5153 -5330 -5506 -5267 -5073 -5301 -5281 -5426 -5485 -5341 -5305 -5527 -5629 -5625 -5667 -5675 -5668
-3911 -4161 -4232 -3855 -2631 -2055 -1870 -1927 -1830 -2071 -2376 -2411 -2547 -2502 -2462 -2341 -2443 -2363 -2368 -2111 -1820 -1662 -1526 -1648 -1841 -1784 -2266 -2487 -2397 -2279 -2461 -2845 -2914 -2855 -2720 -2772 -2953 -3269 -3390 -3469 -3650 -4008 -4091 -4050 -4192 -4393 -4539 -4641 -4745 -4877 -5113 -4778 -5072 -5034 -5278 -5353 -5243 -5288 -5237 -5180 -5363 -5417 -5317 -5545 -5633 -5607 -5653 -5663 -5664
-3850 -4059 -4203 -3832 -2492 -1895 -1734 -1610 -1967 -2217 -2286 -2388 -2651 -2523 -2486 -2362 -2461 -2368 -2206 -1925 -1761 -1644 -1628 -1709 -1821 -1711 -2190 -2443 -2430 -2447 -2374 -2585 -2772 -2834 -2895 -3085 -3241 -3440 -3633 -3774 -3927 -3886 -3979 -3986 -4162 -4282 -4517 -4722 -4859 -4944 -5210 -4980 -5245 -5104 -5182 -5225 -5390 -5486 -5384 -5190 -5216 -5350 -5408 -5427 -5608 -5582 -5645 -5666 -5674
-3720 -3957 -4187 -3648 -2282 -1903 -1665 -1724 -2184 -2321 -2520 -2367 -2755 -2619 -2664 -2368 -2432 -2326 -2130 -1832 -1732 -1693 -1664 -1648 -1768 -1703 -2111 -2403 -2457 -2601 -2570 -2643 -2781 -2874 -3031 -3258 -3459 -3664 -3818 -3942 -4031 -4148 -4320 -4362 -4389 -4473 -4544 -4736 -4796 -4914 -5056 -5222 -5231 -5084 -5260 -5199 -5172 -5358 -5332 -5233 -5260 -5404 -5365 -5301 -5484 -5555 -5638 -5667 -5678
-3641 -3921 -4152 -3247 -1953 -1923 -1608 -2023 -2351 -2418 -2682 -2561 -2490 -2700 -2583 -2417 -2447 -2350 -2081 -1808 -1781 -1714 -1647 -1602 -1688 -1614 -2108 -2376 -2499 -2741 -2738 -2775 -2879 -3021 -3239 -3507 -3791 -3961 -4037 -4092 -4073 -4241 -4582 -4761 -4846 -4844 -4850 -4957 -5029 -5135 -5261 -5063 -5126 -5274 -5444 -5307 -5289 -5348 -5393 -5326 -5163 -5304 -5357 -5364 -5398 -5533 -5633 -5672 -5673
-3606 -3885 -4044 -2692 -1845 -1852 -1666 -2245 -2429 -2487 -2675 -2693 -2614 -2592 -2941 -2474 -2473 -2396 -2066 -1880 -1853 -1775 -1608 -1605 -1666 -1545 -2074 -2375 -2390 -2651 -2776 -2873 -2953 -3015 -3162 -3432 -3856 -4256 -4275 -4501 -4339 -4431 -4704 -4767 -4840 -4903 -5051 -5028 -4930 -5204 -5453 -5372 -5283 -5208 -5263 -5438 -5387 -5189 -5359 -5422 -5176 -5019 -5412 -5383 -5306 -5515 -5559 -5657 -5674
-3588 -3874 -3938 -2014 -1825 -1769 -1780 -2337 -2495 -2624 -2731 -2718 -2778 -2930 -2853 -2511 -2535 -2459 -2097 -1936 -1955 -1834 -1640 -1689 -1675 -1544 -2069 -2306 -2300 -2563 -2795 -3013 -3107 -3179 -3352 -3657 -3994 -4360 -4477 -4424 -4477 -4356 -4715 -4804 -4970 -5013 -5008 -4970 -4891 -5076 -5357 -5454 -5551 -5500 -5298 -5411 -5490 -5299 -5261 -5451 -5360 -5113 -5254 -5373 -5278 -5506 -5620 -5661 -5678
-3590 -3782 -3563 -1625 -1898 -1824 -1978 -2442 -2493 -2694 -2862 -2911 -3123 -3452 -3121 -2623 -2728 -2557 -2169 -2002 -1953 -1857 -1716 -1784 -1738 -1678 -2113 -2451 -2504 -2708 -2890 -3092 -3238 -3379 -3567 -3858 -4153 -4565 -4547 -4479 -4488 -4421 -4344 -4624 -4599 -4798 -4800 -4858 -4954 -5048 -5121 -5348 -5389 -5526 -5600 -5298 -5379 -5313 -5205 -5528 -5556 -5307 -5124 -5331 -5176 -5509 -5621 -5662 -5681
-3593 -3589 -2705 -1582 -1816 -1939 -2390 -2583 -2622 -2668 -2963 -3046 -3501 -3833 -3466 -2847 -2818 -2667 -2286 -2034 -1975 -1955 -1810 -1830 -1808 -1698 -2069 -2377 -2412 -2629 -2828 -3023 -3244 -3412 -3528 -3649 -3867 -4168 -4622 -4640 -4455 -4641 -4818 -4528 -4568 -4659 -4734 -5056 -5124 -5125 -5149 -5369 -5387 -5409 -5538 -5556 -5292 -5254 -5234 -5372 -5552 -5484 -5429 -5466 -5247 -5537 -5625 -5664 -5685
-3570 -3459 -2337 -1595 -1818 -2206 -2690 -2641 -2843 -2754 -3315 -3199 -3769 -4090 -3983 -3185 -3083 -2855 -2380 -2323 -2290 -2047 -1837 -1802 -1816 -1704 -1874 -2361 -2450 -2713 -2841 -2959 -3140 -3294 -3429 -3566 -3900 -4289 -4347 -4587 -4538 -4573 -4658 -4843 -4909 -4791 -4984 -5017 -5082 -4896 -5030 -5218 -5393 -5422 -5372 -5548 -5564 -5284 -5251 -5255 -5453 -5348 -5268 -5548 -5354 -5546 -5626 -5660 -5682
-3562 -3268 -2230 -1586 -1904 -2458 -2667 -2678 -2981 -3058 -3090 -3405 -3953 -4406 -4435 -3533 -3537 -3075 -2654 -2620 -2524 -2185 -1888 -1765 -1804 -1820 -1902 -2358 -2569 -2760 -3087 -3227 -3457 -3666 -3733 -3805 -3964 -4258 -4305 -4248 -4260 -4310 -4511 -4745 -4810 -5041 -5096 -5080 -5340 -5176 -5353 -5266 -5320 -5447 -5360 -5455 -5377 -5302 -5300 -5175 -5414 -5370 -5372 -5454 -5135 -5526 -5619 -5646 -5669
-3441 -3173 -2103 -1495 -1717 -2517 -2583 -2777 -2943 -3443 -3601 -3618 -4102 -4728 -4800 -4048 -4015 -3689 -3018 -3080 -2843 -2255 -1885 -1847 -1793 -1876 -2059 -2517 -2657 -2922 -3297 -3393 -3537 -3737 -3816 -3979 -4163 -4501 -4561 -4566 -4578 -4547 -4656 -4791 -4927 -4551 -4642 -4816 -4754 -4846 -5066 -5290 -5276 -5308 -5323 -5388 -5404 -5176 -5362 -5164 -5149 -5373 -5325 -5389 -5330 -5527 -5606 -5639 -5658
-3358 -3291 -1980 -1423 -1848 -2644 -2677 -2882 -3112 -3411 -4218 -4055 -4362 -4779 -4841 -4404 -4515 -4412 -3875 -3407 -3115 -2498 -2048 -1960 -1759 -2131 -2573 -2664 -2782 -2981 -3208 -3184 -3371 -3633 -3750 -3944 -4160 -4479 -4499 -4358 -4417 -4403 -4773 -4874 -4922 -4785 -4705 -4782 -4873 -4878 -4818 -5022 -5050 -5168 -5085 -5290 -5256 -5260 -5220 -5168 -5102 -5410 -5397 -5387 -5356 -5367 -5418 -5629 -5634
-3179 -3278 -2739 -1595 -1684 -2568 -2730 -2868 -3172 -3647 -4455 -4628 -4721 -4830 -4853 -4590 -4594 -4545 -4207 -3625 -3255 -2810 -2345 -1926 -1736 -2287 -2782 -2746 -2700 -2830 -2926 -3096 -3373 -3648 -3804 -3896 -4196 -4622 -4640 -4764 -4597 -4495 -4404 -4465 -4575 -4632 -4718 -5021 -4913 -5118 -5148 -5015 -4900 -4689 -5013 -4967 -5122 -5071 -5339 -5182 -5064 -5224 -5353 -5481 -5482 -5521 -5588 -5607 -5474
-2979 -3213 -3580 -1304 -1611 -2116 -2743 -2774 -2896 -3545 -4353 -4703 -4722 -4888 -4780 -4537 -4568 -4530 -4178 -3756 -3430 -3193 -2360 -1887 -1723 -1971 -2610 -2557 -2534 -2678 -2973 -3335 -3679 -3964 -4083 -4165 -4334 -4237 -4104 -4144 -4280 -4407 -4413 -4578 -4693 -4543 -4596 -4639 -4748 -4914 -5125 -5410 -5180 -4922 -4936 -5039 -5089 -5223 -5285 -5499 -5371 -5223 -5248 -5292 -5448 -5478 -5548 -5581 -5547
-2790 -3014 -3350 -2712 -1845 -2053 -2408 -2861 -3076 -3678 -4085 -4491 -4735 -4782 -4750 -4486 -4493 -4435 -4169 -3814 -3536 -3141 -2401 -1961 -1645 -1732 -2562 -2681 -2701 -2853 -3044 -3255 -3508 -3790 -3845 -3853 -3909 -3962 -4140 -4351 -4149 -4369 -4544 -4517 -4626 -4697 -4725 -4729 -4732 -4778 -4899 -5235 -5173 -4784 -4751 -4808 -4890 -4926 -5141 -5398 -5428 -5342 -5446 -5318 -5451 -5491 -5545 -5546 -5499
-2671 -2909 -3177 -3554 -2546 -2493 -2419 -2636 -3480 -3998 -4108 -4377 -4727 -4826 -4783 -4564 -4429 -4149 -3923 -3745 -3596 -2932 -2546 -2124 -1728 -1536 -2379 -2990 -3117 -3376 -3470 -3497 -3539 -3605 -3565 -3675 -3865 -3936 -4126 -4143 -4051 -4312 -4423 -4603 -4681 -4759 -4826 -4894 -4921 -4876 -4860 -5123 -5247 -5073 -4919 -4861 -5187 -5213 -5222 -5338 -5362 -5298 -5610 -5546 -5467 -5410 -5488 -5448 -5423
-2566 -2808 -3049 -3387 -3317 -3106 -3082 -3226 -3625 -3911 -4175 -4350 -4549 -4726 -4750 -4528 -4341 -3898 -3933 -3883 -3648 -2916 -2470 -2144 -1787 -1679 -2099 -3016 -3194 -3417 -3509 -3614 -3711 -3789 -3777 -3775 -3820 -4000 -4282 -4340 -4389 -4302 -4432 -4528 -4581 -4645 -4723 -4950 -4952 -4895 -5053 -5015 -5027 -5034 -4953 -4864 -4961 -5235 -5266 -5432 -5341 -5116 -5387 -5414 -5358 -5426 -5447 -5391 -5299
-2545 -2780 -2982 -3284 -3476 -3410 -3561 -3565 -3750 -3767 -4020 -4304 -4570 -4656 -4718 -4520 -4160 -3748 -3819 -3747 -3608 -3130 -2395 -2093 -2003 -1960 -1951 -2858 -3240 -3438 -3416 -3455 -3699 -3937 -4176 -4346 -4457 -4478 -4428 -4642 -4671 -4723 -4800 -5080 -4775 -4756 -4730 -4773 -4804 -4838 -5044 -5226 -5247 -5371 -5303 -5213 -5082 -5257 -5407 -5461 -5257 -5157 -5210 -5466 -5447 -5409 -5442 -5387 -5336
-2589 -2760 -3010 -3327 -3653 -3726 -3681 -3859 -3765 -3955 -4116 -4277 -4474 -4593 -4650 -4480 -4181 -3641 -3684 -3783 -3683 -2970 -2495 -2246 -2215 -2102 -2150 -2344 -3157 -3008 -2990 -3273 -3579 -3907 -4194 -4438 -4660 -4884 -4774 -4764 -5024 -4988 -4906 -5149 -5087 -5174 -5131 -4900 -4953 -4919 -4812 -4988 -5001 -5255 -5220 -5312 -5189 -5375 -5433 -5434 -5280 -5121 -5184 -5436 -5349 -5418 -5433 -5393 -5307
-2694 -2885 -3180 -3429 -3669 -3799 -3740 -3863 -3783 -3926 -4141 -4362 -4451 -4600 -4528 -4377 -4130 -3818 -3695 -3787 -3798 -3173 -2772 -2364 -2213 -2090 -2216 -2163 -2511 -2781 -3105 -3476 -3851 -4105 -4308 -4509 -4899 -5447 -5338 -5229 -5286 -6772 -5733 -5068 -5096 -5158 -5308 -5157 -5171 -5239 -5043 -5073 -5042 -5378 -5386 -5372 -5159 -5412 -5508 -5574 -5531 -5281 -5253 -5535 -5438 -5456 -5458 -5366 -5368
-2775 -2968 -3262 -3459 -3566 -3751 -3878 -3841 -4053 -4168 -4153 -4389 -4470 -4569 -4525 -4381 -4203 -3997 -3923 -3842 -3904 -3527 -3046 -2668 -2430 -2255 -2146 -2330 -2811 -3053 -3314 -3608 -3937 -4198 -4279 -4600 -4967 -5682 -7638 -7550 -7724 -6988 -5167 -5178 -4989 -5108 -4804 -5018 -4986 -5206 -4985 -5102 -5002 -5021 -5247 -5360 -5280 -5260 -5341 -5480 -5636 -5463 -5240 -5463 -5445 -5441 -5438 -5390 -5352
-2800 -2994 -3273 -3442 -3524 -3707 -3878 -3870 -4110 -4290 -4381 -4398 -4486 -4512 -4510 -4365 -4211 -4277 -4132 -3940 -4169 -3608 -3514 -3209 -2569 -2383 -2106 -2463 -3120 -3368 -3535 -3769 -4056 -4206 -4205 -4530 -4889 -5564 -8209 -8351 -8168 -6887 -5134 -5272 -5104 -5265 -5072 -5095 -5116 -5157 -5074 -5315 -5295 -5158 -5187 -5314 -5349 -5332 -5356 -5374 -5630 -5559 -5304 -5401 -5462 -5386 -5338 -5374 -5279
-2799 -3020 -3247 -3393 -3483 -3673 -3844 -3840 -4065 -4215 -4341 -4421 -4507 -4471 -4478 -4315 -4340 -4280 -4165 -4081 -4175 -3999 -4083 -3364 -2594 -2347 -2065 -2548 -3360 -3547 -3760 -3929 -4046 -4063 -4200 -4540 -4927 -5330 -8347 -8247 -7762 -5098 -5242 -5315 -5262 -5086 -5160 -5130 -5246 -5245 -5024 -5033 -5066 -5326 -5133 -5264 -5370 -5320 -5292 -5378 -5548 -5508 -5243 -5359 -5293 -5333 -5303 -5344 -5275
-2758 -2972 -3178 -3320 -3402 -3579 -3724 -3944 -3993 -4162 -4325 -4385 -4504 -4334 -4356 -4434 -4349 -4405 -4335 -4165 -4205 -4412 -4335 -3556 -2606 -2315 -2117 -2453 -3439 -3637 -3841 -3923 -3992 -4106 -4309 -4764 -5135 -5410 -5503 -8084 -7568 -4952 -4858 -5071 -5156 -5059 -5161 -5261 -5430 -5407 -5362 -5137 -5036 -5319 -5395 -5309 -5460 -5444 -5373 -5384 -5459 -5508 -5136 -5253 -5318 -5234 -5266 -5304 -5164
-2665 -2837 -3035 -3183 -3362 -3513 -3597 -3850 -3995 -4130 -4338 -4351 -4391 -4453 -4309 -4424 -4406 -4460 -4365 -4217 -4443 -4636 -4450 -3381 -2584 -2448 -2299 -2177 -2989 -3589 -3668 -3932 -3970 -4234 -4416 -4619 -4830 -5113 -5204 -5227 -5025 -4631 -4607 -4727 -4831 -4853 -4970 -4968 -5086 -5221 -5247 -5310 -5143 -4992 -5277 -5376 -5331 -5470 -5345 -5322 -5279 -5348 -5054 -5110 -5332 -5183 -5264 -5239 -5154
-2510 -2659 -2831 -2981 -3191 -3444 -3604 -3601 -3714 -4058 -4220 -4238 -4262 -4340 -4422 -4399 -4526 -4481 -4444 -5057 -4829 -4934 -4714 -4000 -5100 -3402 -2362 -2471 -2791 -3443 -3767 -4006 -4041 -4273 -4395 -4587 -4690 -4783 -4912 -4885 -4550 -4471 -4646 -4715 -4995 -5105 -5252 -5311 -5343 -5368 -5334 -5532 -5359 -5211 -5026 -5444 -5503 -5548 -5479 -5385 -5174 -5241 -5174 -4994 -5284 -5136 -5173 -5166 -5095
-2417 -2557 -2678 -2800 -2909 -3045 -3146 -3365 -3554 -3832 -4076 -4083 -4212 -4318 -4477 -4391 -4609 -4604 -4501 -5220 -5281 -5391 -4894 -4894 -4598 -5497 -2841 -2798 -3102 -3420 -3876 -3975 -4100 -4266 -4452 -4599 -4592 -4632 -4640 -4348 -4304 -4452 -4613 -4991 -4952 -5037 -5034 -5186 -5226 -5418 -5328 -5356 -5358 -5349 -5000 -5191 -5353 -5584 -5558 -5445 -5191 -5126 -5354 -5102 -5150 -5101 -5054 -5053 -4991
-2351 -2452 -2523 -2594 -2704 -2430 -2736 -3164 -3409 -3758 -3952 -3965 -4069 -4198 -4397 -4464 -4874 -5001 -5062 -5075 -5200 -5148 -5303 -5104 -4890 -3644 -3211 -3141 -3266 -3350 -3781 -3969 -4078 -4243 -4415 -4502 -4447 -4348 -4312 -4166 -4649 -4825 -4683 -4662 -4719 -4818 -4865 -4927 -5022 -5206 -5272 -5278 -5175 -5177 -4978 -5133 -5157 -5491 -5507 -5537 -5422 -5159 -5360 -5304 -5178 -5098 -5020 -5085 -5018
-2343 -2376 -2466 -2558 -2601 -2338 -2803 -3250 -3528 -3733 -3874 -3897 -3998 -4176 -4207 -4318 -4475 -4820 -4838 -4708 -4416 -4598 -4802 -4681 -3057 -3022 -3432 -3331 -3340 -3183 -3535 -3980 -3963 -4158 -4200 -4266 -4140 -4019 -4056 -4354 -4450 -4319 -4425 -4830 -5002 -5094 -5070 -5082 -5106 -5199 -5287 -5431 -5363 -5412 -5191 -4938 -4999 -5356 -5420 -5496 -5496 -5313 -5300 -5368 -5224 -5085 -5122 -5081 -5043
-2325 -2371 -2408 -2458 -2440 -2401 -2848 -3172 -3499 -3551 -3911 -4076 -4109 -4170 -4227 -4416 -4453 -4847 -4605 -4050 -3357 -3037 -2938 -2817 -2842 -3007 -3434 -3425 -3391 -3352 -3459 -3778 -3914 -4034 -4117 -4065 -3994 -3772 -4034 -4474 -4538 -4421 -4729 -4813 -4803 -4727 -4895 -5004 -5074 -5058 -5085 -5322 -5343 -5570 -5538 -5215 -5099 -5186 -5363 -5457 -5469 -5250 -5226 -5399 -5268 -5177 -5119 -5075 -5041
-2317 -2375 -2433 -2635 -2668 -2782 -2850 -3061 -3680 -3420 -3655 -3459 -4027 -4416 -4331 -4622 -4884 -4859 -4649 -3817 -3153 -2895 -2647 -2675 -2818 -3067 -3525 -3522 -3303 -3589 -3518 -3843 -3860 -4003 -4019 -3901 -3673 -3924 -4179 -4229 -4237 -4360 -4382 -4416 -4607 -4883 -5118 -5328 -5592 -5312 -5252 -5262 -5405 -5484 -5436 -5439 -5257 -5075 -5243 -5315 -5340 -5303 -5144 -5254 -5326 -5170 -5107 -5061 -5021
-2319 -2403 -2578 -2802 -2858 -3067 -3348 -3386 -3124 -3278 -3822 -4266 -4261 -4270 -4485 -4491 -4919 -4745 -4504 -3335 -2937 -2896 -2613 -2717 -3002 -3275 -3563 -3574 -3219 -3566 -3491 -3692 -3812 -3916 -3720 -3707 -3769 -3970 -4020 -4071 -4237 -4396 -4407 -4381 -4601 -4682 -4890 -5095 -5310 -5305 -5286 -5229 -5242 -5376 -5330 -5373 -5314 -5335 -5180 -5139 -5220 -5241 -5079 -5192 -5284 -5134 -5091 -5044 -4980
-2307 -2414 -2687 -2960 -2979 -3444 -3789 -3023 -2997 -3596 -4172 -4430 -4553 -4394 -4759 -4267 -4610 -4338 -3076 -2866 -2774 -2818 -2608 -2740 -3012 -3349 -3541 -3315 -3338 -3497 -3389 -3714 -3784 -3699 -3547 -3795 -3796 -3846 -3925 -4030 -4169 -4237 -4351 -4531 -4704 -4800 -4928 -4982 -5079 -5143 -5205 -5177 -5114 -5128 -5127 -5267 -5308 -5390 -5319 -5164 -5138 -5205 -4991 -5013 -5273 -5206 -5088 -5032 -4953
-2295 -2530 -2783 -3116 -3321 -3718 -3029 -3005 -3398 -4304 -5046 -5004 -4697 -4618 -4854 -4217 -3942 -3488 -2881 -2760 -2590 -2691 -2547 -2688 -3379 -3563 -3347 -3362 -3522 -3345 -3204 -3485 -3447 -3570 -3564 -3723 -3642 -3613 -3887 -3948 -3986 -4077 -4214 -4372 -4546 -4618 -4720 -4820 -4934 -5081 -5176 -5199 -5165 -5294 -5239 -5295 -5315 -5334 -5404 -5266 -5177 -5251 -5142 -5006 -5324 -5194 -5147 -4991 -4942
-2355 -2577 -2865 -3264 -3777 -3224 -2797 -2603 -3467 -4378 -5109 -4132 -4968 -4923 -4664 -3836 -3482 -3222 -2819 -2697 -2556 -2477 -2510 -2649 -3413 -3171 -3421 -3404 -3571 -3166 -3290 -3466 -3480 -3543 -3391 -3536 -3594 -3604 -3905 -3958 -4079 -4306 -4568 -4686 -4804 -4913 -4999 -5020 -4913 -4881 -4931 -5031 -5091 -5285 -5341 -5394 -5457 -5379 -5435 -5326 -5291 -5252 -5227 -5126 -5225 -5132 -5065 -5037 -5047
-2421 -2627 -2979 -3397 -3547 -3199 -3125 -3001 -3757 -4743 -5147 -4602 -3961 -4764 -4797 -3892 -3414 -2833 -2563 -2486 -2415 -2390 -2262 -2775 -3358 -3430 -3508 -3315 -3304 -3112 -3311 -3193 -3405 -3282 -3285 -3459 -3591 -3565 -3817 -3939 -4059 -4191 -4365 -4482 -4566 -4653 -4758 -4861 -4940 -4959 -4985 -5016 -5092 -5133 -5242 -5180 -5317 -5322 -5315 -5319 -5308 -5296 -5308 -5182 -5210 -5156 -5040 -5083 -5061
-2491 -2720 -3134 -3623 -3487 -3230 -3315 -3417 -3655 -3995 -4245 -4230 -3896 -4164 -4035 -3407 -3083 -2728 -2480 -2383 -2302 -2351 -2506 -2678 -2957 -3133 -3227 -3246 -3261 -3206 -3205 -3171 -3285 -3247 -3260 -3371 -3566 -3601 -3730 -3950 -4061 -4194 -4400 -4541 -4672 -4776 -4877 -4962 -5026 -5075 -5117 -5139 -5176 -5221 -5294 -5327 -5310 -5331 -5316 -5283 -5182 -5271 -5238 -5159 -5123 -5090 -5067 -5053 -5043
-2523 -2823 -3264 -3727 -3230 -3269 -3250 -3483 -3642 -3953 -4163 -4197 -4040 -3948 -3688 -3224 -2960 -2684 -2420 -2277 -2180 -2298 -2517 -2644 -2857 -3021 -3105 -3172 -3183 -3142 -3077 -3064 -3158 -3218 -3238 -3333 -3570 -3624 -3814 -3944 -4052 -4190 -4432 -4647 -4812 -4922 -4978 -5041 -5106 -5157 -5192 -5238 -5312 -5386 -5396 -5385 -5364 -5363 -5297 -5250 -5173 -5239 -5208 -5175 -5126 -5125 -5040 -5021 -5014
-2693 -2986 -3402 -3270 -3103 -3239 -3329 -3539 -3861 -4037 -4192 -4223 -4060 -3862 -3518 -3203 -2928 -2621 -2353 -2249 -2054 -2260 -2428 -2592 -2836 -2996 -3059 -3109 -3103 -3067 -3007 -3003 -3092 -3203 -3232 -3323 -3585 -3631 -3643 -4018 -4052 -4178 -4492 -4720 -4895 -5041 -5080 -5096 -5140 -5197 -5230 -5328 -5402 -5433 -5487 -5399 -5400 -5327 -5267 -5154 -5138 -5139 -5206 -5243 -5190 -5126 -5028 -4929 -4990
-2964 -3304 -3448 -3092 -3107 -3116 -3438 -3723 -4003 -4110 -4177 -4169 -4070 -3898 -3541 -3270 -2843 -2516 -2220 -2063 -1992 -2099 -2343 -2532 -2832 -3000 -3056 -3087 -3083 -3065 -3024 -3035 -3140 -3233 -3267 -3349 -3606 -3639 -3624 -3995 -4037 -4174 -4517 -4736 -4902 -5061 -5144 -5152 -5151 -5219 -5235 -5380 -5470 -5422 -5403 -5391 -5335 -5290 -5236 -5180 -5122 -5163 -5161 -5173 -5196 -5132 -5016 -4973 -4970
