---
Cu Cloudbase (Sfc. LCL) [ft] Valid 1300 PST ~Z75~(2100Z)~Z~ MON 22 May 2017 ~Z75~[21hrFcst@1255z]~Z~
Model= RASP Region= PANOCHE Grid= w2 Reskm= 1.3 Indexs= 1 69 1 63 Proj= lambert 1333 1333 40.0000 40.0000 -73.0000 36.8890 -121.0672
Day= 2017 5 22 MON ValidLST= 1300 PST ValidZ= 2100 Fcst= 21.0 Init= 12 Param= zsfclcl Unit= ft Mult= 1 Min= 3464 Max= 12737
11734 11609 11500 11424 11347 11296 11243 11228 11258 11328 11404 11494 11594 11680 11747 11804 11871 11927 12003 12052 12068 12098 12196 12331 12503 12635 12714 12737 12721 12682 12628 12540 12451 12342 12320 12350 12448 12481 12455 12362 12268 12176 12110 11964 11782 11523 11406 11416 11517 11555 11542 11441 11389 11338 11309 11264 11209 11149 11090 11055 11002 10998 11075 11223 11303 11321 11293 11214 11074
11582 11450 11363 11309 11263 11229 11189 11184 11206 11259 11336 11456 11574 11670 11752 11813 11875 11933 11993 12044 12093 12127 12211 12330 12503 12616 12678 12668 12651 12616 12572 12519 12457 12380 12358 12349 12416 12448 12405 12373 12294 12205 12126 11993 11835 11631 11518 11436 11486 11493 11455 11364 11324 11258 11234 11204 11188 11092 11036 11010 10966 10968 11037 11178 11255 11301 11283 11240 11100
11400 11339 11264 11216 11189 11166 11139 11137 11138 11204 11281 11379 11539 11647 11734 11800 11872 11935 11993 12047 12103 12156 12233 12342 12477 12559 12594 12580 12583 12547 12478 12481 12444 12403 12391 12368 12404 12415 12418 12400 12325 12235 12142 12020 11884 11726 11616 11474 11461 11452 11409 11378 11326 11247 11208 11185 11133 11065 11000 10997 10951 10952 11007 11144 11182 11234 11240 11204 11097
11170 11176 11123 11171 11125 11108 11100 11066 11086 11134 11233 11332 11503 11618 11710 11789 11863 11932 11990 12055 12127 12211 12293 12370 12418 12441 12441 12450 12470 12407 12389 12425 12371 12372 12383 12384 12390 12427 12412 12428 12356 12263 12150 12044 11941 11842 11725 11513 11443 11455 11416 11406 11341 11259 11132 11081 11097 11030 11001 10949 10919 10930 10955 11036 11086 11114 11152 11153 11076
10945 10963 10970 11023 11036 11036 11061 11012 11019 11071 11116 11386 11545 11652 11735 11800 11857 11920 11987 12058 12151 12221 12364 12419 12388 12376 12355 12353 12388 12363 12407 12416 12344 12372 12374 12370 12372 12469 12544 12481 12381 12281 12186 12092 11987 11860 11685 11393 11411 11564 11524 11419 11323 11191 11033 10954 11085 11064 10944 10886 10808 10848 10864 10985 11042 11068 11086 11079 10986
10700 10798 10846 10927 10976 10991 11019 10969 10967 11010 11059 11208 11455 11611 11724 11810 11870 11916 11965 12030 12104 12237 12392 12405 12410 12368 12329 12277 12257 12257 12259 12274 12261 12326 12378 12486 12473 12501 12598 12485 12397 12308 12217 12105 11983 11864 11724 11473 11320 11271 11370 11404 11311 11305 11205 11037 10907 10935 10997 10952 10896 10865 10822 10868 10946 10960 10948 10932 10852
10464 10577 10694 10828 10933 10917 10958 11005 10966 10974 11031 11071 11338 11501 11615 11715 11799 11878 11932 11980 12020 12081 12328 12428 12422 12362 12296 12177 12191 12247 12200 12108 12133 12182 12298 12407 12443 12652 12600 12516 12426 12333 12241 12144 12056 11958 11841 11657 11313 11339 11347 11241 11181 11184 11243 11234 11107 10821 10923 10974 10919 10996 11020 10819 10840 10846 10744 10739 10648
10109 10283 10470 10662 10835 10859 10928 10967 11078 11066 11033 11043 11301 11453 11554 11632 11704 11769 11849 11898 11995 11970 12185 12426 12429 12377 12304 12187 12195 12187 12182 12167 12131 12101 12118 12221 12400 12691 12589 12494 12453 12356 12263 12159 12051 11937 11831 11707 11475 11344 11434 11392 11218 11106 11213 11184 11100 10862 10876 10958 10843 11052 11063 10921 10763 10731 10651 10597 10533
9681 9924 10191 10444 10685 10840 10921 10963 11033 11007 11080 11048 11284 11436 11547 11629 11703 11755 11812 11847 11931 11959 12117 12437 12462 12380 12224 12210 12193 12187 12191 12198 12190 12169 12121 12076 12159 12482 12450 12484 12396 12308 12202 12102 12009 11910 11803 11689 11521 11212 11334 11309 11141 11064 10989 11064 11094 10898 10841 10744 10805 10933 10947 10919 10867 10733 10654 10597 10503
9156 9500 9862 10177 10491 10732 10881 10959 11031 11055 11298 11325 11374 11454 11550 11631 11714 11763 11803 11838 11884 11953 11965 12284 12457 12274 12238 12211 12188 12191 12210 12220 12249 12326 12241 12097 12073 12218 12239 12297 12331 12260 12160 12030 11954 11884 11762 11638 11542 11377 11386 11284 11178 11011 10953 10968 11058 10991 10846 10673 10726 10776 10740 10887 11013 10754 10671 10631 10509
8703 9121 9549 9919 10288 10584 10800 10932 11032 11071 11349 11410 11442 11499 11576 11648 11707 11736 11770 11830 11915 12003 12043 12252 12294 12233 12186 12209 12179 12201 12227 12233 12255 12265 12163 12101 12058 12034 12138 12150 12179 12142 12104 12049 11963 11853 11739 11594 11314 11445 11394 11296 11199 11148 11090 10902 11064 11077 11231 10942 10974 10568 10175 10855 10978 10768 10716 10639 10517
8292 8764 9241 9664 10085 10423 10682 10876 11006 11090 11192 11409 11517 11567 11621 11686 11738 11787 11837 11895 11961 12009 12113 12299 12237 12233 12207 12199 12198 12237 12247 12231 12241 12193 12063 12005 12031 12115 12115 12158 12117 12096 12018 11958 11878 11775 11637 11533 11367 11389 11414 11307 11147 11198 11060 10943 10937 10937 10966 11174 11080 10782 10784 10802 10903 10802 10699 10629 10527
7953 8440 8947 9417 9889 10273 10563 10795 10972 11092 11187 11297 11526 11646 11688 11712 11756 11840 11921 11966 11929 11952 12178 12342 12206 12221 12199 12201 12239 12294 12290 12243 12191 12114 12023 11954 11947 11985 12064 12066 12139 12106 12022 11936 11858 11771 11635 11480 11425 11414 11434 11350 11172 11096 11051 10978 11108 11014 10906 11015 11000 10887 10752 10757 10734 10729 10691 10630 10531
7631 8127 8657 9172 9697 10123 10456 10713 10924 11090 11204 11287 11516 11666 11734 11738 11775 11829 11922 11897 11837 11957 12213 12243 12159 12185 12194 12222 12282 12338 12341 12225 12120 12029 11989 12021 12039 12164 12083 11997 12041 12019 12015 11922 11837 11748 11625 11557 11492 11402 11291 11262 11163 11168 11182 10955 11017 11097 10995 10909 10909 10901 10907 10819 10679 10707 10689 10632 10543
7340 7834 8380 8935 9513 9988 10367 10662 10881 11067 11217 11314 11406 11604 11712 11730 11757 11789 11799 11751 11853 12020 12096 12046 12100 12158 12202 12261 12329 12391 12315 12173 12150 12111 12091 12069 12023 12004 12124 12044 11928 11893 11904 11830 11722 11725 11646 11533 11495 11288 11132 11132 11011 11030 11039 10945 10962 11053 10971 10812 10874 10807 10770 10790 10620 10679 10705 10631 10557
7079 7564 8120 8710 9328 9856 10281 10633 10882 11059 11218 11350 11539 11627 11654 11728 11712 11729 11644 11789 11911 12021 11983 12021 12085 12138 12179 12256 12361 12387 12233 12214 12241 12201 12138 12052 12001 11997 12124 12049 11984 11926 11873 11796 11684 11652 11599 11552 11485 11376 11197 11141 10972 10958 10958 10903 10853 10961 11123 10792 10785 10850 10910 10831 10587 10649 10668 10638 10575
6842 7320 7878 8497 9142 9706 10185 10582 10896 11108 11254 11360 11619 11714 11566 11595 11661 11509 11506 11726 11898 11981 11980 12018 12110 12218 12263 12245 12336 12313 12231 12279 12274 12158 12070 12014 11984 11947 11989 12009 11941 11879 11812 11720 11595 11546 11479 11418 11361 11291 11165 11119 11028 11022 10941 10836 10876 10941 10925 10830 10766 10693 10809 10836 10594 10616 10578 10575 10582
6629 7097 7657 8296 8961 9548 10069 10540 10882 11118 11295 11442 11620 11592 11519 11523 11477 11383 11557 11662 11825 11976 12053 11946 12006 12161 12154 12291 12330 12272 12280 12322 12243 12124 12064 12023 11971 11932 11984 11934 11958 11873 11764 11593 11521 11358 11295 11224 11208 11289 11091 11215 11065 11004 10912 10808 10778 10797 10873 10834 10792 10712 10691 10749 10575 10582 10551 10559 10580
6440 6903 7459 8118 8800 9382 9907 10418 10916 11183 11344 11406 11401 11524 11497 11450 11389 11430 11546 11614 11716 11789 11715 11611 11680 11714 11762 12050 12256 12284 12337 12332 12237 12135 12069 12029 11988 11986 11994 11990 11979 11815 11754 11656 11532 11369 11350 11312 11303 11363 11152 11071 11019 10929 10899 10855 10693 10646 10775 10851 10621 10541 10498 10594 10539 10520 10531 10547 10566
6263 6716 7273 7948 8664 9257 9766 10221 10715 11159 11290 11285 11357 11481 11444 11352 11315 11406 11545 11550 11566 11506 11490 11382 11511 11495 11760 12038 12242 12315 12361 12284 12197 12085 12085 12122 12116 12094 11985 11852 11766 11751 11634 11510 11340 11309 11257 11252 11375 11382 11214 11088 11052 10894 10822 10838 10834 10773 10626 10636 10580 10506 10380 10464 10471 10487 10512 10541 10557
6088 6545 7105 7794 8551 9166 9676 10135 10525 10887 11108 11178 11246 11331 11354 11247 11259 11366 11471 11392 11230 11157 11281 11232 11359 11458 11866 12044 12184 12347 12374 12286 12235 12216 12252 12237 12111 12003 11872 11770 11698 11673 11488 11461 11408 11345 11235 11127 11092 11162 11082 11207 11125 11044 10853 10759 10754 10697 10699 10553 10472 10417 10416 10416 10477 10457 10498 10571 10553
5902 6389 6951 7651 8418 9050 9542 9998 10412 10780 11014 11034 11075 11169 11229 11131 11189 11285 11323 11175 11005 11027 11162 11158 11304 11444 11901 12025 12083 12344 12340 12292 12271 12217 12139 11994 11815 11693 11628 11562 11536 11496 11468 11451 11415 11376 11305 11213 11175 11051 11009 10954 10921 10944 10931 10836 10755 10611 10621 10493 10429 10375 10353 10362 10476 10423 10493 10519 10551
5784 6296 6865 7568 8326 8967 9458 9864 10163 10704 10927 10931 10947 10912 11080 11020 11086 11128 11093 10947 10939 10969 11069 11109 11184 11301 11874 11988 11987 12198 12354 12321 12240 12150 12024 11923 11801 11669 11583 11550 11593 11533 11456 11310 11281 11227 11192 11146 11161 11051 10941 10928 10845 10820 10829 10853 10950 10664 10472 10421 10392 10384 10346 10311 10317 10385 10457 10510 10549
5741 6270 6855 7551 8303 8941 9435 9806 10194 10782 10870 10816 10783 10799 10934 10904 10936 10937 10857 10796 10818 10930 11038 11049 11069 11227 11935 11932 11794 11867 12027 12039 11951 11875 11802 11706 11601 11510 11452 11427 11440 11533 11485 11408 11442 11268 11213 11147 11073 11031 11149 11026 10843 10823 10812 10778 10860 10789 10648 10382 10327 10344 10364 10181 10262 10368 10449 10508 10556
5758 6270 6857 7549 8323 8929 9423 9673 10379 10896 10838 10735 10695 10758 10779 10767 10767 10731 10661 10717 10786 10856 10933 10915 10968 11072 11856 11985 11815 11766 11746 11706 11709 11667 11591 11508 11454 11414 11358 11321 11315 11361 11254 11346 11338 11272 11115 11054 10980 10927 10951 11062 10883 10823 10913 10842 10706 10707 10756 10516 10354 10343 10320 10212 10201 10359 10445 10513 10567
5786 6289 6910 7625 8397 8988 9388 9770 10590 10789 10777 10689 10678 10604 10592 10603 10594 10557 10537 10673 10692 10763 10812 10817 10889 10948 11643 12002 11830 11745 11683 11652 11633 11588 11523 11468 11439 11431 11422 11433 11499 11423 11340 11171 11150 11128 11108 11076 11029 10989 11031 10918 10896 10938 10930 10886 10802 10651 10718 10663 10427 10336 10390 10289 10168 10358 10449 10516 10572
5826 6361 7014 7744 8486 9074 9372 9956 10657 10650 10664 10639 10821 10500 10491 10437 10456 10429 10463 10606 10583 10642 10666 10705 10777 10816 11447 11954 11830 11755 11675 11622 11624 11573 11512 11458 11424 11404 11384 11410 11491 11455 11408 11342 11269 11188 11051 11044 11036 11008 10975 10978 10957 10893 10821 10880 10794 10656 10677 10756 10673 10487 10465 10371 10210 10380 10459 10517 10571
5862 6448 7142 7890 8616 9157 9427 10144 10646 10541 10541 10577 10652 10414 10268 10283 10349 10326 10388 10493 10458 10512 10507 10680 10688 10745 11401 11897 11753 11726 11624 11565 11584 11579 11555 11523 11522 11569 11431 11482 11332 11348 11396 11300 11234 11181 11129 11058 10969 11061 10896 10872 10917 10878 10898 10753 10703 10659 10591 10675 10736 10703 10425 10456 10291 10416 10490 10517 10562
5911 6558 7306 8085 8794 9218 9569 10338 10563 10420 10377 10583 10454 10218 10173 10132 10200 10220 10294 10364 10406 10460 10402 10592 10603 10712 11355 11862 11721 11726 11636 11582 11510 11508 11485 11473 11476 11570 11553 11623 11534 11406 11351 11301 11225 11155 11081 10994 10883 10972 10834 10798 10776 10784 10883 10874 10693 10663 10578 10566 10621 10607 10525 10524 10355 10437 10473 10508 10548
5952 6647 7474 8328 9078 9373 10000 10402 10344 10244 10159 10329 10224 9996 9957 9965 10034 10100 10178 10229 10262 10316 10324 10501 10536 10636 11086 11786 11758 11729 11661 11578 11551 11539 11510 11474 11439 11505 11484 11527 11446 11329 11131 11203 11066 11045 10965 10907 10895 10979 10917 10791 10746 10666 10765 11054 10809 10586 10553 10500 10576 10528 10574 10546 10388 10447 10471 10496 10528
5993 6744 7637 8566 9185 9712 10217 10203 10175 10034 9945 10086 9973 9758 9740 9771 9895 9954 10043 10085 10124 10183 10304 10400 10530 10565 10838 11609 11654 11577 11511 11534 11547 11568 11553 11523 11497 11485 11526 11441 11367 11216 11257 11084 11099 11187 11110 11042 10992 10925 10865 10774 10770 10690 10758 10940 10888 10645 10522 10453 10541 10467 10479 10536 10427 10451 10464 10480 10504
5948 6770 7670 8586 9177 9903 10237 10147 10000 9864 9727 9800 9694 9490 9487 9559 9671 9775 9888 9928 9966 10031 10176 10301 10399 10482 10662 11382 11477 11370 11395 11377 11360 11381 11429 11467 11493 11563 11414 11391 11339 11294 11232 11178 11141 11241 11169 10971 10945 10941 10806 10658 10634 10642 10695 10717 10629 10614 10545 10430 10496 10439 10590 10513 10494 10458 10450 10456 10468
5839 6626 7529 8487 9240 10014 10131 10005 9791 9634 9616 9462 9372 9190 9214 9351 9425 9567 9708 9759 9796 9863 10049 10122 10280 10473 10516 11199 11471 11388 11375 11326 11337 11338 11358 11365 11364 11445 11360 11248 11338 11276 11136 11102 11080 11168 11147 11150 11163 10952 10753 10619 10579 10572 10574 10636 10559 10477 10535 10430 10431 10345 10374 10441 10617 10447 10431 10428 10425
5662 6351 7240 8328 9449 10037 9871 9767 9523 9297 9120 9048 9000 8867 8942 9094 9196 9334 9507 9581 9620 9689 9869 9948 10104 10279 10491 11153 11513 11408 11411 11391 11400 11391 11410 11413 11401 11482 11423 11286 11325 11124 11111 11076 11114 10997 11009 11113 10931 10806 10650 10490 10450 10473 10534 10656 10594 10618 10566 10495 10416 10296 10315 10352 10407 10417 10409 10395 10371
5398 6014 6884 7992 9195 9849 9620 9434 9186 9037 8568 8555 8563 8527 8676 8823 8936 9081 9243 9395 9437 9497 9629 9721 9922 10188 10857 11339 11473 11392 11347 11349 11352 11302 11318 11335 11348 11496 11515 11520 11513 11247 11231 11170 11130 11108 11124 11038 11049 10969 10764 10462 10379 10486 10557 10485 10584 10626 10680 10628 10484 10343 10341 10321 10399 10474 10449 10384 10335
5085 5621 6404 7448 8688 9373 9274 9076 8829 8572 8158 8044 8092 8203 8364 8515 8658 8812 8975 9160 9238 9295 9349 9537 9831 10074 10912 11334 11412 11300 11303 11322 11313 11266 11286 11330 11344 11410 11340 11535 11372 11207 11126 11076 11114 11063 11031 10991 11068 11112 11004 10737 10480 10587 10494 10505 10598 10687 10674 10677 10545 10472 10463 10383 10386 10401 10406 10383 10318
4687 5164 5853 6989 8253 8747 8751 8644 8516 8087 7790 7728 7769 7930 8056 8195 8368 8518 8749 8935 9051 9076 9205 9447 9705 9891 10662 11159 11238 11247 11238 11233 11206 11183 11219 11312 11358 11325 11296 11375 11368 11264 11059 11124 11161 11004 10954 10904 10902 10946 10916 10785 10649 10622 10707 10642 10730 10653 10702 10578 10498 10483 10618 10532 10408 10415 10474 10398 10311
4419 4860 5492 6446 7539 8120 8263 8186 7978 7595 7500 7469 7484 7640 7732 7884 8014 8220 8487 8716 8889 8978 9111 9347 9542 9816 10616 11105 11026 11057 11061 11125 11148 11153 11150 11160 11225 11321 11355 11422 11297 11278 11306 11151 11141 11099 11022 10925 10864 10893 10872 10818 10776 10894 10983 10989 10993 10995 10823 10533 10488 10359 10688 10549 10468 10424 10428 10416 10313
4252 4665 5220 6045 6628 7191 7620 7891 7578 7223 7210 7163 7256 7353 7396 7591 7670 7988 8333 8598 8754 8930 9050 9237 9455 9690 10332 11095 11019 10970 10942 10951 10955 10946 10960 11008 11086 11184 11408 11304 11195 11175 11090 11039 11010 10972 10938 10923 10916 10909 10899 10867 10890 10940 10889 10953 10931 10995 10926 10747 10486 10335 10408 10482 10491 10429 10444 10478 10343
4220 4610 5101 5763 6200 6671 7064 7437 7256 7115 7064 7018 7061 7075 7182 7322 7514 7851 8195 8463 8640 8814 9042 9187 9409 9705 10032 10831 11035 10986 11021 11030 11018 10975 10949 10950 11001 11135 11359 11287 11272 11182 11170 11102 11019 10968 10924 10999 10888 10759 10800 10901 10936 10946 10905 10924 10858 10895 10846 10832 10581 10411 10287 10537 10547 10417 10447 10444 10385
4216 4593 5034 5558 5922 6535 6968 7081 6894 6938 6925 6879 6871 6932 7051 7223 7522 7791 8100 8372 8566 8704 8918 9128 9391 9644 9895 10451 10980 11137 11181 11156 11068 10995 10959 10950 10963 11143 11317 11243 11138 11142 11131 11240 11069 11005 10954 10922 10834 10724 10691 10739 10756 10915 10869 10824 10745 10806 10660 10705 10589 10403 10306 10232 10240 10365 10419 10423 10396
4249 4613 5031 5455 5938 6393 6558 6650 6672 6698 6651 6639 6724 6899 6998 7168 7450 7713 8015 8296 8493 8729 8898 9076 9374 9605 9923 10091 10427 10995 11251 11133 11024 10971 10951 10926 10896 10910 11155 11146 11002 10800 10842 11206 11163 11126 11034 10863 10809 10739 10659 10666 10671 10826 10731 10779 10815 10694 10626 10668 10633 10503 10302 10191 10095 10260 10356 10369 10351
4311 4689 5125 5490 5840 6159 6308 6464 6555 6514 6528 6578 6707 6873 7007 7228 7449 7686 7961 8220 8427 8670 8827 8991 9199 9418 9734 9894 10258 10894 11094 11011 10964 10935 10945 10916 10864 10874 10787 10807 10685 9879 10039 11086 11053 11063 10962 10824 10696 10637 10616 10660 10624 10624 10587 10696 10784 10536 10537 10579 10626 10475 10250 10267 10045 10182 10268 10307 10262
4332 4698 5104 5399 5696 5876 5958 6070 6179 6254 6400 6533 6728 6858 6976 7185 7405 7661 7882 8123 8371 8631 8769 8918 9142 9389 9647 9745 10460 10944 10956 10978 10941 10933 10937 10882 10761 10469 9715 9911 9893 9603 10666 11150 11070 10978 10812 10840 10706 10526 10546 10528 10621 10765 10594 10676 10672 10564 10445 10460 10487 10408 10315 10258 10052 10103 10163 10146 10119
4290 4636 5008 5264 5516 5637 5784 5862 6018 6123 6227 6392 6650 6811 7016 7191 7398 7538 7740 8032 8287 8600 8706 8839 9083 9314 9497 9654 10435 10927 10931 10955 10933 10929 10915 10859 10782 10587 9870 10139 10022 9530 10764 11062 11054 10974 10809 10783 10706 10565 10591 10419 10535 10638 10552 10654 10687 10603 10422 10369 10354 10307 10248 10248 10206 10022 10075 9970 9939
4240 4593 4891 5100 5311 5420 5530 5624 5754 5869 6052 6255 6547 6836 7023 7180 7324 7529 7703 7993 8282 8526 8608 8760 9022 9189 9365 9617 10449 10927 10925 10922 10904 10905 10913 10898 10870 10680 9600 9998 9770 10595 10941 10966 10871 10745 10735 10717 10664 10586 10637 10529 10488 10380 10575 10670 10635 10647 10479 10346 10226 10186 10174 10194 10010 9933 9896 9786 9708
4136 4446 4707 4897 5086 5220 5265 5413 5568 5734 5939 6183 6486 6777 6963 7102 7178 7333 7596 7908 8224 8321 8437 8668 8915 9070 9342 9611 10407 10946 10943 10918 10900 10915 10930 10911 10938 11028 10713 9527 9428 10648 10804 10914 10851 10722 10684 10655 10595 10633 10613 10682 10521 10357 10399 10686 10580 10626 10520 10432 10220 10060 10051 10263 10007 9984 9802 9660 9550
4001 4230 4484 4670 4848 4978 5081 5287 5451 5613 5812 6084 6387 6633 6790 6898 7099 7262 7573 7773 7992 8045 8185 8523 8679 8986 9342 9623 10186 10894 10930 10969 10964 10976 10948 10941 10992 11224 11028 10692 10671 10790 10743 10694 10659 10652 10647 10628 10604 10504 10542 10510 10406 10379 10220 10413 10455 10491 10495 10494 10272 10056 10241 10066 9983 9958 9710 9570 9458
3829 4012 4224 4396 4600 4793 4934 5067 5166 5362 5570 5843 6036 6196 6429 6654 6948 7126 7524 7054 7432 7539 7819 8301 8190 8772 9243 9659 10061 10607 11013 11045 11053 11034 10976 10945 10932 10919 10818 10677 10571 10712 10761 10683 10661 10638 10639 10619 10596 10559 10486 10474 10465 10420 10284 10244 10358 10362 10391 10447 10321 10089 10253 10208 9952 9961 9720 9537 9417
3702 3887 4038 4174 4262 4372 4454 4639 4819 5045 5216 5534 5750 5974 6227 6483 6773 6899 7092 6763 6665 6644 7467 8063 8622 8411 9065 9652 10118 10587 11054 11136 11145 11124 11070 11025 10936 10804 10632 10469 10475 10622 10629 10590 10546 10507 10474 10477 10443 10361 10345 10377 10449 10463 10344 10293 10305 10215 10248 10343 10327 10029 10129 10221 10137 9959 9753 9540 9390
3610 3773 3863 3955 3839 3521 3893 4292 4459 4760 4935 5085 5364 5667 5936 6357 6137 6065 6110 6304 6624 7016 7202 7893 8529 9087 9566 9909 10278 10542 11055 11285 11225 11228 11151 11025 10864 10717 10542 10444 10494 10532 10651 10671 10625 10571 10522 10454 10415 10363 10388 10455 10477 10500 10374 10199 10210 10080 10125 10190 10253 10061 9981 10146 10124 9890 9732 9491 9379
3566 3680 3796 3845 3752 3464 3962 4326 4501 4800 4954 5162 5377 5588 5889 6076 6332 6183 6207 6164 6954 7656 7987 8294 8801 9435 9863 10164 10373 10511 10711 11282 11319 11351 11199 11105 10980 10716 10536 10607 10659 10642 10711 10688 10639 10562 10415 10358 10362 10347 10341 10295 10403 10405 10270 10312 10218 10012 10004 10034 10059 10221 9833 10021 10117 9887 9623 9495 9370
3553 3671 3778 3652 3656 3483 3986 4231 4449 4817 5229 5515 5612 5740 5837 5996 6353 6225 6653 6959 7376 7905 8365 8733 9237 9748 10131 10398 10493 10609 10623 10983 11359 11363 11236 11156 10860 10679 10664 10601 10506 10562 10610 10499 10464 10458 10444 10459 10469 10352 10275 10195 10303 10228 10222 10320 10215 10194 9912 9899 9752 10036 9728 9769 10025 9660 9577 9482 9369
3571 3714 3845 3929 3841 3803 3830 3898 4646 5455 6251 6874 6559 6321 6090 6141 6124 6054 6679 7266 7808 8339 8759 9104 9575 10008 10344 10566 10615 10788 10772 10987 11384 11298 11217 10900 10686 10782 10806 10675 10504 10563 10623 10539 10478 10436 10434 10458 10524 10319 10224 10139 10139 10034 10074 10140 10185 10288 9998 9858 9648 9656 9657 9646 9789 9549 9511 9448 9357
3627 3810 3980 4133 4000 4131 4372 5277 6144 7255 7977 8103 7452 6799 6445 6563 6161 6507 6968 7546 8267 8882 9193 9418 9854 10174 10561 10774 10732 10909 10842 11054 11386 11227 10971 10701 10747 10747 10609 10482 10422 10409 10386 10390 10322 10291 10261 10218 10109 10080 10018 9963 10023 9921 9940 10006 9991 10153 10130 9980 9638 9679 9577 9356 9368 9399 9412 9389 9359
3671 3887 4118 4336 4115 4818 5499 6141 6995 8173 8790 8625 7957 7231 6879 6996 6825 7044 7559 8098 8718 9291 9578 9681 10030 10312 10674 10899 10783 10879 11003 11305 11304 11086 10807 10856 10898 10733 10591 10570 10549 10482 10416 10398 10267 10236 10162 10144 10118 10079 9988 9981 9990 9855 9905 9900 9794 9783 9798 9732 9706 9688 9511 9063 9221 9255 9296 9300 9322
3713 3953 4260 4532 4501 5151 5747 6592 7551 8791 9495 8629 8331 7698 7508 7582 7470 7677 8186 8701 9180 9541 9791 9829 10059 10412 10888 11049 10883 10912 11182 11323 11103 10936 10896 11017 10801 10631 10518 10456 10396 10334 10269 10189 10127 10175 10150 10106 10041 10024 10016 10010 9960 9843 9811 9809 9817 9800 9851 9666 9635 9556 9268 9114 9114 9146 9167 9198 9248
3759 4018 4387 4739 5321 5713 6464 7245 7888 8987 9827 8927 8590 8145 8144 8234 8066 8239 8715 9187 9542 9793 9951 9993 10201 10411 11056 11060 10902 11156 11156 11241 11038 11101 11021 10857 10656 10587 10513 10469 10460 10423 10360 10290 10196 10075 10110 10105 10021 9946 9916 9910 9878 9789 9788 9824 9878 9805 9924 9568 9568 9482 9221 9153 9137 9093 9074 9065 9133
3790 4080 4488 4935 5456 5840 6567 7432 8367 9394 9940 9587 9110 8720 8811 8994 8823 8899 9198 9525 9752 9929 10012 10114 10196 10734 11123 11025 10931 11259 11098 11240 11048 11148 10837 10704 10595 10579 10491 10451 10363 10273 10166 10091 10087 10135 10173 10241 10131 9982 9954 9975 10051 9981 9821 9953 9807 9787 9782 9428 9414 9324 9160 9281 9249 8995 8976 8936 9039
3830 4139 4601 5151 5782 6423 7128 7866 8572 9106 9419 9433 9423 9213 9171 9215 9133 9187 9355 9542 9728 9881 10041 10229 10415 10673 10855 10934 10981 11074 11047 11053 10977 10925 10800 10712 10634 10570 10496 10428 10356 10287 10215 10164 10130 10123 10160 10135 10043 10006 10023 9989 9957 9943 9879 9782 9705 9585 9507 9395 9357 9185 9138 9173 9114 9035 8895 8869 8968
3874 4186 4665 5380 6127 6797 7523 8178 8748 9119 9375 9476 9522 9478 9429 9402 9337 9357 9472 9598 9746 9872 10061 10272 10489 10682 10824 10932 10987 11008 10975 10938 10881 10823 10756 10695 10634 10571 10496 10427 10356 10289 10223 10177 10144 10132 10130 10127 10127 10112 10115 10059 10017 9934 9805 9705 9591 9460 9352 9239 9162 9086 9092 9145 9126 9028 8877 8846 8910
4051 4411 4941 5730 6483 7200 7887 8473 8927 9224 9443 9567 9620 9615 9596 9527 9469 9473 9549 9633 9768 9878 10049 10256 10510 10709 10847 10934 10973 10960 10892 10840 10791 10759 10716 10671 10625 10566 10496 10418 10344 10275 10211 10164 10134 10118 10123 10138 10168 10163 10152 10075 10006 9898 9743 9638 9507 9405 9300 9217 9082 9039 9048 9110 9109 9050 8881 8845 8880
4436 4814 5409 6229 6958 7636 8238 8733 9111 9331 9496 9560 9624 9624 9578 9490 9448 9458 9537 9646 9739 9815 9982 10206 10516 10729 10872 10926 10944 10906 10802 10742 10703 10709 10691 10655 10618 10564 10489 10403 10324 10251 10190 10145 10110 10088 10100 10134 10193 10197 10156 10052 9947 9823 9702 9576 9482 9401 9296 9188 9053 9007 9028 9124 9131 9075 8898 8857 8888
