---
MSL Height of maxmin Wbl [ft] Valid 1300 PST ~Z75~(2100Z)~Z~ MON 22 May 2017 ~Z75~[21hrFcst@1255z]~Z~
Model= RASP Region= PANOCHE Grid= w2 Reskm= 1.3 Indexs= 1 69 1 63 Proj= lambert 1333 1333 40.0000 40.0000 -73.0000 36.8890 -121.0672
Day= 2017 5 22 MON ValidLST= 1300 PST ValidZ= 2100 Fcst= 21.0 Init= 12 Param= zwblmaxmin Unit= ft Mult= 1 Min= 188 Max= 10015
5633 5655 5351 4703 4486 5054 6033 7011 7106 7151 7609 7623 8068 8094 8138 8221 8321 8436 8125 8718 8872 2554 5504 6413 6963 7052 7058 7070 6279 3014 2838 2640 2425 2199 9443 9284 9166 1617 1586 1582 8076 7610 7591 7096 7001 4044 3904 3760 4779 5071 4973 3730 2921 6110 2495 2478 2462 5613 2805 2789 3153 3913 5972 3113 3100 2709 2319 2309 2677
1372 5236 1262 1204 1418 1630 2095 7604 7696 7729 7740 7731 8148 8147 4860 3796 3156 8430 8567 8718 8878 5383 6303 6836 6963 7045 7436 7838 8208 7260 9661 4971 2757 2072 4680 5297 5992 6362 5954 8147 8176 8175 8167 7655 7545 7385 3590 3800 4407 4276 4176 3725 3293 6103 2488 2472 2458 5609 2802 3550 4319 4305 1994 3111 3873 3086 2695 2308 2675
1357 6997 7160 1060 1506 1746 1980 1940 7835 7856 7859 7827 8219 8193 4513 3437 2814 2174 8574 8740 2552 5449 6373 6512 6986 7046 7027 7387 4677 3084 9557 2667 2429 9388 4949 5227 5992 6372 6420 7797 8299 8306 8302 7782 7655 7472 4032 4226 4434 4289 4179 4113 3671 6097 2481 2465 2451 6035 2797 3546 4316 4704 5968 2729 3096 2704 2316 2305 2673
5156 7008 630 974 1241 1505 1907 7452 7951 7960 7962 7477 7398 7782 7787 6521 1901 2031 2206 2552 5327 5180 6478 6610 6642 6671 6624 6163 5291 2937 2585 2359 2132 1901 2104 2961 2962 7719 7806 7928 8445 8446 8437 7901 7756 7552 7350 6715 6525 3918 4187 4909 5268 5660 6073 6058 6044 6029 6016 6003 5989 5976 5963 5952 5940 5929 1939 1929 5466
325 4473 679 947 1317 1589 1850 7531 8015 8017 8019 5099 1912 2450 3091 3091 8774 3637 3827 4783 3589 7171 6190 5186 4136 10015 9938 3168 3455 3559 3349 2230 4364 4169 4435 4060 3701 4157 7884 4044 8544 8543 8088 7990 2028 1656 7406 6759 5287 6391 6264 2965 2903 2863 3606 1371 1699 2046 1670 2021 1643 1630 2733 5948 5504 4246 5053 5472 2668
349 4517 740 1107 1387 1650 7408 7549 7587 8021 8460 5087 5013 4573 4574 5333 6579 6299 5708 5559 5815 6093 6275 5604 7089 5542 6167 5249 5429 2528 2927 3369 3233 2418 7678 7699 7731 3471 4333 4460 4521 4151 8559 8030 7886 1616 7446 6790 6578 6406 1945 6186 3278 2479 2458 1705 2055 2411 2398 2013 2375 1989 1271 2716 2328 3457 4231 5469 2665
5647 4575 902 1322 1444 1594 6969 7532 7567 8000 7986 8356 8745 5308 4921 4551 4606 3987 6881 5931 7825 6926 6731 5258 7494 7022 6469 6253 5671 5084 5280 6725 3921 3761 3340 6028 6491 4626 5877 2118 5279 5285 4891 8023 7885 1879 1499 6806 4137 4739 5416 1510 1438 1391 2449 2057 3557 2028 2015 2004 3123 1617 1265 2336 1950 3069 3443 3433 2662
5696 5041 1331 1403 1864 1738 6995 7524 7964 7958 7946 8320 8740 8705 3784 8698 9248 4330 3064 3014 3343 5054 6757 6030 7946 7832 7603 6542 6334 5360 4832 4346 4252 6509 4880 4883 4937 4639 5076 4783 4500 4161 4128 3637 7843 7666 7457 6788 3356 3940 4990 1840 2131 1721 2438 2796 2031 1653 2379 1995 1621 2348 1965 2331 5493 2686 3055 3430 2660
5323 4319 6194 6461 1742 1947 7030 7539 7098 5849 5810 4974 4610 5379 4180 4924 3864 9320 2015 2280 4653 3044 7111 6076 7224 7845 7954 7212 6589 5326 5663 5962 4708 4638 4564 3046 5311 4956 4963 5785 5885 5969 8469 7899 7790 2287 2059 1794 1558 4299 4976 2941 2868 2444 2799 1669 2393 3909 3125 1984 2349 2719 2333 1587 2316 2682 3825 4212 2657
4566 4009 5856 6130 1837 2034 2161 7612 7635 4391 3158 4917 4206 5788 5712 8688 9226 9243 3295 2515 3287 7229 7070 6416 6016 6172 2762 4392 5000 7439 3322 7338 6396 5233 5098 4935 4122 8117 4380 4452 4585 4327 3952 3505 3099 7683 1336 1110 6898 1665 2268 1819 1745 3959 4328 2389 2378 1629 2358 4274 4267 1961 1953 1946 3451 3442 4217 4209 3418
4221 4070 5513 6205 6443 7054 7179 7688 7702 4084 6999 5699 5335 4934 5612 5933 6306 5535 5363 5722 7262 7229 6015 6380 6540 9607 5192 4335 3291 4089 8039 4325 4360 2512 2226 5364 4811 3894 3786 7510 8123 8209 4891 4875 7717 7577 1208 2595 2403 2304 2234 2536 2469 3169 4306 1995 4285 1978 1607 2340 2712 1589 2697 1575 3061 5040 4615 4608 3415
3488 3735 5169 5856 6510 7129 7256 7741 7728 8134 8056 2440 8003 2464 1644 4999 1911 1717 5121 4610 5620 4568 6890 6500 3050 8540 6206 7017 8423 6495 5769 4915 4018 4660 3062 2955 2921 2390 5259 5325 4699 5131 7571 7992 2433 2294 2056 1807 1646 1899 2201 1779 1377 3545 1997 4281 2348 3481 2711 1591 2326 2321 4642 3837 5471 5464 4611 4202 3412
3134 3763 4812 5501 6154 6773 7338 7838 7843 8281 8263 5373 4532 2296 1740 6155 5279 5312 5079 4711 4774 2761 6052 6823 8010 3117 4631 7842 7598 5491 6794 2865 5060 9111 2802 2005 6733 7389 3290 3689 7877 7470 2698 2622 2527 2412 2242 2420 2298 2222 2163 2112 2812 4318 1283 2723 3867 2707 1586 2698 1943 2313 1933 4225 3049 5458 4606 3413 2645
2778 3413 4459 5542 6207 6835 7427 7539 7979 8370 5066 6523 5635 4651 5422 3769 1845 5047 5573 6188 5733 2563 6872 7154 7652 4303 3921 6755 5030 6766 8181 4782 5917 3022 2663 2177 5629 5321 5964 6769 2152 2177 2159 1796 1690 1556 1738 1627 1541 1481 6545 6062 2798 2388 1623 2719 1956 1582 2316 1939 3839 2305 2300 1555 3817 5453 2274 2269 2265
2422 3060 1298 5189 6254 6895 7090 7627 8041 8414 8308 2255 2417 1902 4523 4845 6012 4211 6245 7657 5119 2363 6843 7481 8176 2846 4361 7343 6788 5775 5412 5793 4774 5776 2725 2367 1916 3561 2552 2421 2361 2313 1947 2260 2193 2460 5069 5840 4128 6138 4818 2081 3560 1005 2365 3099 2327 2315 1934 4231 1563 5902 2292 2286 3810 5447 2646 2641 2262
2433 2707 1324 4838 5904 6546 7163 7686 8091 8064 8397 3543 2053 1804 5246 2337 3876 5387 5302 3138 6908 3637 4895 8076 5700 6606 5907 7728 4539 5013 6005 3854 5152 3436 3014 2776 2935 2514 2351 2121 1728 1650 1902 1858 1829 1806 6841 6319 6229 6584 3629 6486 3557 4717 2365 2718 1242 2686 3441 1560 2671 2290 2662 3036 1537 5441 3020 2637 2636
843 2726 1348 1687 5549 6592 7222 7747 8162 8139 2687 2306 5869 4717 4841 4687 5612 6172 3232 7645 3998 4558 5035 5117 4293 4864 4864 7234 5091 5951 7074 5277 4813 5227 3080 3895 2479 2074 1564 1252 7181 7121 7079 3017 3374 7012 6929 6812 6706 6604 2871 2817 4329 2381 2358 3092 2319 1565 2293 1553 1913 2659 5451 1192 1531 1526 3400 5000 2634
864 2748 1370 1707 5571 6620 7263 7799 8201 8141 7625 7860 5103 4644 1877 7101 7125 4831 3775 4268 3241 4280 5949 6374 5812 6453 5717 3822 4969 6189 4422 6118 5577 9043 2851 2561 8372 4934 1965 1657 1937 1869 7210 3898 3103 7086 6990 6428 6316 6632 4027 4356 2388 2362 3485 2327 5916 2297 2664 5028 5885 5448 5444 1528 1183 1522 3012 2633 2634
803 2415 1394 1724 5204 6244 7288 4032 8261 7786 5356 5578 5538 5358 4313 4174 2424 3485 3989 8900 5607 6018 5890 5490 6242 6779 6467 5659 6056 6917 4768 4961 6261 9026 3199 2723 5776 4019 2512 2035 1551 2731 2627 7282 6757 6687 6617 6515 6392 1568 1759 2039 2369 2343 1956 2316 1222 4619 1907 5449 3028 2645 3405 1522 1178 1882 2632 2633 1883
832 2440 1504 1733 2041 6248 7301 5154 4859 5618 5889 6285 1760 6450 4639 5283 3707 4443 3132 3892 6517 6933 8071 7248 7563 7971 5998 7217 5324 4295 6249 5258 6943 9016 2890 4513 4323 6112 4866 2502 2580 2273 2734 2624 2483 6706 6682 6583 6443 2678 2484 3911 6388 1246 2692 1930 1917 2282 3029 2269 3796 4590 1522 1882 3784 2631 2255 2256 1885
863 1135 1522 1739 4454 6633 7288 8282 6368 6072 6256 3102 6287 5488 4971 1352 2022 2852 8852 1415 1766 3370 2328 3352 6006 4473 3706 4114 6157 7465 4052 5981 4279 3874 4053 4584 4125 5431 5828 2366 1870 1600 7501 7392 6807 6737 6711 6574 1459 6272 4012 5971 2332 2689 1565 1919 1908 2650 1893 1889 2260 2634 1882 1881 3784 3395 2634 3015 1889
899 2156 1538 1738 4456 6600 7636 3936 6613 5914 2488 3945 2762 6287 5316 1281 1909 1375 2941 4079 1637 1774 3551 2713 3947 3300 5397 5057 6869 4795 5435 6197 4722 5287 4191 3999 4723 5298 2305 2548 2952 3201 3882 7412 6813 6738 6717 2604 2796 6261 6100 5984 2333 1565 1552 2282 1535 1527 1886 3014 2631 3394 1880 1881 2255 3787 3017 3794 2269
924 2181 1474 1763 4456 6998 7587 8087 5336 4916 2260 1684 4511 1071 6561 1555 1361 1252 3175 4811 3793 1586 3884 3195 4414 4912 3487 3920 5511 5967 6741 7184 7097 3585 2937 3556 4152 2331 4345 7768 7604 7487 2697 2261 2097 2023 2022 1337 1440 1612 1435 5990 948 1560 2658 1897 1183 1885 4997 3782 1876 2627 1879 1517 2258 3791 3405 1190 2649
1034 1216 1598 1807 4127 7029 7598 4565 5316 4064 5571 1627 5932 2955 6972 4647 1179 3837 3191 3854 4030 5324 5076 5396 3956 5326 4061 4118 7426 6451 5673 5721 4556 4733 5120 4175 3334 3198 3200 2704 7565 1316 2532 2453 2372 2333 2331 2253 2500 2714 5236 1288 1950 2289 1533 1525 5431 1877 1873 1874 1874 3006 1174 3788 1889 3795 3408 3801 2649
1042 1239 1640 1875 4199 6304 7676 8150 5739 3381 1965 1509 5814 4415 6935 4962 4969 3810 3703 4055 5338 5414 8819 5723 4643 6100 5627 5283 5459 7264 6303 6246 5950 2606 6190 2535 2122 1896 7704 1563 1996 2484 2751 3091 2722 2759 2077 1963 1498 844 4380 3090 3832 1538 1887 1880 1877 1872 1867 1507 1166 1878 3014 1891 1530 3410 3411 3412 2272
1072 2273 1695 2035 4633 6747 7704 5376 5300 2190 1635 1659 3395 5193 6471 5271 4888 3460 1393 4212 5102 5136 7045 4906 4954 6718 6140 5942 6337 5015 7153 6572 6660 3564 8368 2158 1826 7589 7426 3297 2458 2366 2304 2286 6628 6709 6727 6607 6018 3397 4734 2680 4205 2640 1879 1871 1869 1868 1864 5415 1874 1881 1889 2268 1534 1899 3028 3028 2272
1118 2330 1760 2017 4695 5991 7688 4930 2740 1941 1265 2382 4134 8341 6887 5187 4045 3490 1565 3898 2035 8905 5393 5649 6562 7087 4784 5060 6416 5924 2173 1882 2465 2448 4924 2184 2358 2450 2622 2473 2363 1650 4131 4487 6117 6623 6623 6520 726 2953 3124 4216 1896 1882 1509 1503 1864 1863 1862 1871 1879 2259 1525 2268 1898 1899 3410 3798 2268
1091 2402 1745 2090 5123 6375 4178 4869 5345 3091 1277 2765 8015 8406 5590 5167 4019 3866 2458 2116 1723 1768 6520 6914 7915 6015 5670 4707 2583 6776 6499 2226 4465 2082 3019 7958 7753 7554 7321 3113 2627 2598 4521 5268 4798 5242 6079 5982 695 398 2342 3050 3413 2632 1505 1864 2234 1498 1509 2258 1887 2262 3403 1894 1897 1896 3406 3793 2638
1167 2481 1817 2146 5155 7174 4877 5241 5790 1833 7854 3191 8064 7911 6020 5210 4415 8030 2357 1651 1309 1431 7768 7861 8380 6446 6193 4489 8948 2396 6377 6085 6763 8218 7977 2353 1919 1470 1527 1924 6962 6970 2987 3678 3196 3942 3926 4227 4488 566 3087 3056 2275 3787 1868 2236 1862 1506 1523 4591 3400 2637 1888 1891 1893 1891 3790 3787 2632
1251 2562 1884 2275 5156 4469 5212 4854 2703 1882 1305 3110 7955 7795 5583 5259 4847 8021 2561 1432 4372 5360 8218 8794 2808 7083 5646 5968 3876 2209 1846 4806 5470 2594 3098 4208 4760 5263 2031 2975 2598 2224 6500 3205 2729 2697 3425 4117 4006 4706 1955 2679 3417 1519 1506 1160 2243 3388 5425 3388 1874 1174 2257 1885 1887 1885 3395 3781 2626
1346 2983 2033 6527 7090 4788 6287 7842 2134 1706 6360 7543 7420 7251 5146 5679 5672 7516 2424 8044 4302 7924 8252 7453 6948 8760 5163 4786 6634 2866 2128 2976 3591 3571 3306 4107 4388 4227 3997 4164 6966 3274 4742 1994 2280 2264 2242 2545 357 272 1584 1926 1903 1886 1878 1510 4170 3769 1154 4160 1864 2244 1876 1877 1879 1877 3389 3386 2244
1407 3037 1981 4628 4030 4757 4712 2209 3917 5887 6016 7185 7011 6815 4710 5585 7346 7468 7995 7953 4253 1499 8312 7549 7858 8777 5972 5588 4924 2915 2743 3450 3279 3515 3598 3725 3308 7501 1239 2667 2473 2804 2780 2701 2261 1879 2212 4049 1351 1976 1575 1214 1197 2643 2634 2248 1501 1492 4971 1493 1860 2993 2618 2243 1872 2621 3383 2997 2239
1407 3037 1981 4259 4384 4742 5458 3481 4747 5559 6095 6824 7014 3147 5049 5887 6848 7031 7501 7451 4239 1406 8342 8490 4285 4583 5890 5567 4591 2801 2131 8182 3940 3793 7473 7617 1949 2599 2387 2186 2406 6395 2490 2411 2675 3001 2954 1768 1674 1599 1928 1913 1539 1186 2633 1871 2611 1490 1852 1491 1857 2609 2234 2614 2995 4565 4162 3376 2234
1407 2700 1981 6938 5115 4738 7441 6929 2115 1624 5620 6316 6079 3084 5395 5851 6423 7011 7433 5231 5001 1538 7904 5934 4306 6536 5012 5863 4165 2680 3969 3286 3187 3060 2713 2486 3045 3112 4426 5087 6319 2461 2184 1752 1935 2231 1828 1404 1311 940 1919 2276 2271 3022 1175 1870 2609 2228 2226 1854 4973 2229 3761 2610 2234 1496 4158 4156 2231
1407 2386 3639 3855 4711 5454 6964 2157 1931 1553 5062 4517 4742 4566 4934 5429 5973 6485 6882 5560 962 1517 7483 7283 7264 3956 5800 5878 4120 2570 2176 3180 2821 2875 3083 2447 1343 2992 2445 3075 3825 2065 2099 1999 1867 2174 2149 4774 2373 1951 1923 1194 4191 1523 2254 3384 2609 2226 3756 5400 1853 2226 4153 4155 2230 1492 1856 4971 2228
1363 2334 1901 4169 4658 4293 7323 2176 5986 5263 4553 4007 4261 4117 4502 4994 5490 5557 6402 6382 7005 1437 1908 7936 7147 6473 7124 5154 5231 3595 3966 5001 3016 2898 2613 7388 1390 2164 2374 1964 2016 2470 3184 1326 1557 5750 2162 2084 2004 1952 1928 2658 2265 2635 1876 4571 1494 1146 1487 2982 1852 2602 1853 2227 1854 4554 2604 4553 1853
1302 1577 1827 5218 6905 4599 3434 6237 5534 4815 3697 3489 3377 3677 3694 4150 4592 5059 5926 6382 6572 1332 2039 2839 8038 6306 5757 5579 5249 4846 4219 3228 2837 2380 1803 2827 2706 2445 3083 2029 2517 2210 2500 2754 2320 2279 2196 1735 1645 935 2299 1909 1528 2255 2247 2240 2232 4555 1852 2225 4553 1487 4968 1852 1853 1146 2981 3365 2225
1229 1488 1814 2027 4834 6379 6294 6119 5050 4327 3602 3390 2905 3244 3271 3309 3718 4560 5433 5950 6192 1421 1880 2299 7585 5408 5044 3599 5473 2599 2253 1905 1606 2908 2306 3022 2953 2795 3118 4362 2233 2268 2537 2396 2324 2268 2174 2080 2367 2311 1918 1540 877 1513 2620 3377 2607 2604 2226 2602 1487 1144 3365 1486 1852 1145 3364 3363 2223
1147 1383 1597 1789 2863 4282 4913 5107 4432 908 3111 2949 2461 2442 2839 2863 2884 4079 4533 5873 993 1289 1546 2045 3165 6287 5635 5470 4363 1887 1571 2183 2374 2466 3068 4560 6960 7287 4331 2530 2612 2294 2202 2040 1946 1854 1413 562 1969 1922 1902 1529 1884 2246 5844 5838 5834 1488 1852 1487 2224 4149 2223 1850 1851 2223 1143 1485 2223
1058 1263 1447 1603 1654 2612 3530 4065 3396 2739 2599 2141 2423 2036 2047 2427 2817 3607 4436 5329 832 6291 1370 1888 2664 2562 5479 5024 4171 4940 4822 4417 3209 3351 3176 7107 2640 2905 3285 7024 7081 6662 2604 2397 2632 2162 3582 4296 1946 1544 1178 1171 2249 2241 2235 1855 2227 5831 5398 5396 3753 1143 3753 1485 2979 1849 1849 3361 2222
976 1150 1383 1411 2128 2080 2560 3063 2415 2560 2483 2113 2048 1656 1658 2388 2770 3554 4778 5261 894 1169 6683 6901 2282 2162 4080 5241 6207 5424 4744 2366 2268 1661 3939 2983 5655 6506 7060 2808 6707 2705 2223 630 1811 6073 2410 1974 1924 1890 1867 1860 2613 1860 2229 5399 5399 1486 3364 1848 1848 2978 1849 1848 2598 1848 2221 2597 2221
991 1043 1230 1217 1918 1854 1431 1218 984 2084 2023 2049 1323 1648 1649 2371 2744 3522 4333 5217 5843 1075 6557 6687 1658 1949 3792 2147 5064 4221 4759 4664 2306 1713 1133 4112 3971 5138 6208 6315 2614 2474 5925 6176 2451 2039 3902 1589 3035 1870 1491 1488 1853 1852 3754 5396 1850 5396 4549 1484 2221 2221 1849 1847 2976 3749 2219 2219 4545
926 946 989 1111 1720 1388 1225 1308 1446 1338 1617 1647 2026 2018 2003 2357 2724 3493 4292 5174 5364 6082 6326 6864 1463 1891 7424 5414 3679 5344 5529 4791 2048 1509 5927 4628 3617 3450 3187 5572 4217 2585 3677 2456 2765 5964 2714 1927 1523 1860 3366 1485 1142 2598 2597 1845 5393 1482 1847 4548 3749 2220 1847 1139 2595 2973 2218 2218 2218
868 1542 1552 957 1555 1221 873 940 1087 1029 1655 1686 1689 2021 1988 2338 2705 3472 4270 4720 5304 5583 6197 6304 1364 2490 7228 7301 4597 5350 5811 7566 1772 1260 4742 3907 3213 2588 1164 1141 1405 1710 1673 2374 1976 2330 1569 1905 2251 2609 2225 1141 1847 2976 1846 2595 2594 1479 1480 4144 2219 1845 1846 2974 1138 2216 2216 2216 2217
817 1467 1458 841 1427 1099 778 674 1376 1384 1415 1377 1658 1988 1968 2321 2689 3075 3865 4709 4850 5473 6040 6183 1307 6656 6759 4406 4470 5598 7644 7233 1407 3633 4438 1206 3567 2924 1071 787 1687 2792 1654 1987 1591 1930 5029 4194 4177 2613 1852 2598 1846 1480 3359 1844 1842 3745 1842 1479 2594 1843 1480 2972 2216 2592 2215 2215 1843
776 1406 1402 1372 1343 1032 742 664 1390 1444 1201 616 503 1947 1941 2304 2677 3066 3854 4302 4866 5435 5536 1074 1282 2490 6817 4380 4281 4273 7063 3447 4054 5169 6524 1321 955 3349 806 787 1370 1746 2476 2795 1608 3831 4613 1898 5429 3384 2606 3752 2221 1140 1845 2594 4958 1841 1841 1477 3745 1841 1478 2592 1477 2591 2214 2214 1842
729 663 1345 1315 1284 788 724 672 1431 1520 1018 622 326 1921 1920 2290 2291 2683 3469 3889 4831 5022 5201 5915 6100 2115 6442 4152 3521 2670 4562 3451 2376 2681 6537 6008 2979 2638 2470 1072 1799 3016 1555 1771 1645 1947 2299 1905 2265 3009 1862 1851 1849 5394 1481 1478 1842 1475 1475 1475 1841 1840 3354 2215 1476 2590 1841 2214 1842
680 608 1297 1024 1279 788 586 906 622 1339 1054 448 213 1906 1908 1907 2283 2683 3129 3554 3985 831 1053 5625 6012 1329 6443 7077 4340 2613 3812 3172 3240 1711 1503 1096 1439 1553 4433 3254 4172 2839 1423 1502 1674 1615 1579 1547 1190 1182 1509 2606 1142 1482 1845 1842 3744 1475 1837 1473 1839 2968 1476 1840 2590 2213 2213 2214 1842
627 1238 656 806 1278 788 607 926 645 1312 722 363 893 1536 1536 1898 2271 2294 2817 1847 2897 606 960 3916 2705 1042 1586 6431 4867 3910 3705 1636 7112 3916 1298 4450 4275 3837 2284 2628 2016 3686 1767 1840 1710 1674 1608 1918 1537 1528 1516 2234 5394 1845 1844 1842 1840 1838 1472 4951 4952 1474 1474 1840 1476 2214 2214 2214 2215
584 1202 547 664 1278 1019 791 603 915 851 503 637 1186 1188 1528 1889 2264 667 900 2069 726 1148 615 3903 3958 2508 3445 6259 6522 3335 4348 3752 4969 3872 4095 3834 4075 888 881 3993 2853 2161 1671 1476 1760 1724 1296 922 2661 2645 3395 2994 2979 1843 5388 2216 4956 1837 3348 4131 4950 1837 1838 2967 1840 3741 3352 2591 2592
550 1196 548 695 1075 871 858 817 703 389 260 614 875 1180 1180 1880 1177 286 642 1983 1112 647 489 706 4532 4058 4258 4290 5151 2999 2968 3136 5052 3948 4674 1476 1490 1232 1237 1643 1830 1793 2403 2256 2148 1717 1648 1584 1551 1896 1882 2242 3369 1844 4958 1840 2212 1835 2963 3347 2585 1837 1837 3739 1476 2213 2214 2215 2593
437 1196 569 659 1145 798 699 895 756 403 869 617 1179 1177 1520 1541 217 393 851 2167 1483 3328 1028 1156 5366 4761 3986 5210 6124 7028 4457 3213 5958 3701 2348 1676 1689 1723 1504 2781 2208 2254 1923 2032 2172 3230 1344 1595 1546 1531 4998 2621 1497 2598 3354 2589 1837 1469 2205 2583 2584 2210 3738 1838 1475 2213 1841 1843 2217
431 1196 614 735 1239 1035 789 827 676 457 205 625 1187 1181 188 375 500 631 1161 2982 3630 4441 1536 1687 5570 5308 4232 4990 4575 3317 1996 4097 3517 1981 3327 2713 3516 3542 1884 1229 1978 3168 2047 1415 1860 2206 2133 1979 2277 1894 2257 3384 1498 2228 4142 1473 1835 2206 2203 2204 1834 4534 1473 2210 1475 2589 1841 1843 2218
444 1236 770 827 1147 1143 896 842 781 532 2380 2321 2309 1933 357 521 671 929 1219 3428 4179 5037 5615 6077 2940 2466 1758 5994 2563 3991 3161 4351 4111 3497 2556 3711 3731 2626 2845 2661 5990 1851 1964 2086 2003 5440 2226 2802 2326 1920 5011 1514 1502 2233 2979 1478 1473 2206 1830 3731 2205 2207 3736 3348 1474 2967 1841 1844 2219
475 1296 856 935 1269 1262 1250 1184 901 3007 3206 3126 2739 2361 347 619 786 1036 2919 3803 5039 5534 6066 6477 6421 2962 2185 2711 3106 3437 4841 3315 3060 3182 3646 3350 3335 3639 2207 2437 2015 1584 1975 2197 2116 2036 561 2860 2372 3075 2283 3400 4568 2231 2979 1842 4135 1126 2203 2202 3730 2205 3346 2209 1474 2213 1842 1844 2221
521 1366 944 1123 1370 1562 1552 1492 2964 2320 1773 3951 3175 2795 2885 713 865 3164 3700 4605 5517 6017 6514 3102 4205 3789 2935 3209 3560 4243 4956 3093 3547 3642 3718 3406 3428 2438 6447 6313 2373 2225 2098 1974 2547 1414 1586 1445 4733 4668 2296 3023 4571 2607 1143 2215 2966 2960 1828 2201 1465 1124 1469 2585 1474 2213 1842 1845 2221
578 762 1032 1122 1451 1646 1629 2419 3715 1976 5705 4003 3617 2851 3342 3545 3392 3990 4543 5076 5996 6519 3531 3553 3551 3858 2707 3318 3252 3575 3565 3211 3637 3344 4518 3456 3477 3476 2706 2263 2129 2302 2165 2017 1870 5529 1934 2545 5177 5104 1572 1538 1512 1859 2601 2972 1132 1467 4123 1826 3338 3339 1467 1130 1474 1840 1842 1845 1848
741 850 1122 1202 1714 1708 2519 3120 4470 2348 5724 1152 3673 2900 3795 4011 4225 4438 5002 5552 6088 6618 4364 3632 3612 4294 3843 3741 3672 4037 5176 3674 3720 3411 4190 3471 3454 6484 6415 5904 2429 2303 2162 2018 2576 1430 1946 1828 2089 5122 1244 1548 4582 3377 1147 1845 1473 1124 2199 1462 3337 3338 1467 823 3347 1840 1842 1844 1847
804 918 1184 1242 1735 1716 2512 3097 2549 1973 5724 2190 1828 2562 2713 4465 4686 5291 5481 6049 6598 6705 3701 4811 5166 3614 3170 3790 3358 2997 3357 3004 3769 3449 3842 6962 6931 6050 6391 6302 1865 1744 1614 1270 3339 2087 2318 2202 5211 1659 2336 1923 2266 2621 3369 2219 4536 1466 4121 1824 2197 1826 1465 1128 1131 1838 1841 1843 1845
863 972 1226 1331 1726 1946 3565 4558 5183 3435 1821 2939 1828 3347 4673 1020 1262 5771 5975 6558 6693 7204 4136 4131 4841 4029 3943 3469 3772 3397 3396 3403 4172 7385 4213 6959 6916 6440 6378 2229 2126 5683 5165 5031 4891 1195 1318 941 2113 1671 1974 1934 2276 2628 2234 2221 2211 2203 2198 2573 2195 1824 1826 1830 1833 2208 2211 1841 2215
912 1006 1152 1911 1933 2874 4237 4477 4717 4967 5289 4875 4875 4541 959 1080 1485 1740 1975 6678 6809 3816 4210 4565 4520 4448 4360 4256 2753 3789 4161 4168 4189 3839 4213 6957 6486 6435 5968 5902 5816 5315 5194 5059 4914 3596 3083 4113 2124 2047 2361 4644 1914 2262 2617 2980 2590 2581 2199 2196 1821 1822 1823 1826 1466 1832 2584 2965 2967
988 1065 1271 1912 2555 2837 3811 2182 4291 4164 4874 5289 5717 4964 5147 1473 1745 2012 2262 6759 7297 4599 4614 4966 4921 4480 4399 1876 3868 7374 4559 4183 4191 4210 3839 6942 6896 6430 5968 5915 5439 5340 5220 5084 4545 3239 3100 3741 2141 2064 2377 2711 1563 1899 3387 3758 2217 2584 1828 2196 1821 1820 1821 1460 1463 1829 2581 2962 2965
1084 1233 1914 2240 2916 3956 4578 4434 4291 4567 4491 4489 4890 4982 5170 1065 1347 1623 2118 2759 3490 4599 4614 4594 4550 4502 4434 2020 4295 1900 4208 4190 4183 4190 3814 6921 6466 6020 5977 5931 5461 5365 5247 5111 3805 3266 3126 3382 1801 2084 2022 4673 1940 2659 3396 3376 3361 3349 3341 2197 2569 2568 2192 1820 1459 1825 2956 3343 2963
