    33.12779       -121.4454    
    33.18316       -121.3358    
    33.23842       -121.2261    
    33.29357       -121.1161    
    33.34861       -121.0060    
    33.40354       -120.8958    
    33.45837       -120.7854    
    33.51309       -120.6748    
    33.56770       -120.5640    
    33.62221       -120.4531    
    33.67659       -120.3420    
    33.73088       -120.2308    
    33.78505       -120.1194    
    33.83910       -120.0079    
    33.89306       -119.8961    
    33.94689       -119.7842    
    34.00062       -119.6722    
    34.05424       -119.5600    
    34.10774       -119.4476    
    34.16113       -119.3351    
    34.21441       -119.2224    
    34.26757       -119.1095    
    34.32062       -118.9965    
    34.37355       -118.8833    
    34.42638       -118.7700    
    34.47909       -118.6564    
    34.53168       -118.5428    
    34.58416       -118.4289    
    34.63652       -118.3149    
    34.68877       -118.2007    
    34.74090       -118.0864    
    34.79292       -117.9719    
    34.84480       -117.8573    
    34.89659       -117.7425    
    34.94825       -117.6275    
    34.99979       -117.5124    
    35.05122       -117.3970    
    35.10253       -117.2816    
    35.15371       -117.1660    
    35.20479       -117.0502    
    35.25574       -116.9342    
    35.30657       -116.8181    
    35.35728       -116.7018    

    33.21951       -121.5117    
    33.27495       -121.4020    
    33.33029       -121.2921    
    33.38552       -121.1821    
    33.44064       -121.0720    
    33.49565       -120.9616    
    33.55056       -120.8511    
    33.60535       -120.7404    
    33.66005       -120.6296    
    33.71461       -120.5186    
    33.76908       -120.4074    
    33.82344       -120.2961    
    33.87769       -120.1846    
    33.93183       -120.0730    
    33.98586       -119.9612    
    34.03977       -119.8492    
    34.09357       -119.7370    
    34.14727       -119.6247    
    34.20084       -119.5122    
    34.25430       -119.3996    
    34.30766       -119.2868    
    34.36090       -119.1739    
    34.41403       -119.0607    
    34.46704       -118.9474    
    34.51994       -118.8340    
    34.57272       -118.7204    
    34.62539       -118.6066    
    34.67794       -118.4927    
    34.73038       -118.3786    
    34.78270       -118.2643    
    34.83490       -118.1499    
    34.88700       -118.0353    
    34.93896       -117.9205    
    34.99081       -117.8056    
    35.04255       -117.6905    
    35.09417       -117.5753    
    35.14567       -117.4599    
    35.19706       -117.3443    
    35.24832       -117.2286    
    35.29946       -117.1127    
    35.35049       -116.9966    
    35.40139       -116.8804    
    35.45218       -116.7640    

    33.31119       -121.5781    
    33.36671       -121.4683    
    33.42213       -121.3584    
    33.47744       -121.2483    
    33.53264       -121.1380    
    33.58773       -121.0276    
    33.64270       -120.9170    
    33.69758       -120.8062    
    33.75234       -120.6953    
    33.80700       -120.5842    
    33.86155       -120.4730    
    33.91597       -120.3615    
    33.97030       -120.2500    
    34.02452       -120.1382    
    34.07862       -120.0263    
    34.13261       -119.9142    
    34.18649       -119.8020    
    34.24026       -119.6896    
    34.29391       -119.5771    
    34.34746       -119.4643    
    34.40089       -119.3514    
    34.45420       -119.2384    
    34.50740       -119.1252    
    34.56049       -119.0118    
    34.61346       -118.8982    
    34.66632       -118.7845    
    34.71906       -118.6706    
    34.77169       -118.5566    
    34.82420       -118.4424    
    34.87660       -118.3280    
    34.92888       -118.2135    
    34.98104       -118.0988    
    35.03308       -117.9839    
    35.08501       -117.8689    
    35.13683       -117.7537    
    35.18852       -117.6384    
    35.24009       -117.5229    
    35.29154       -117.4072    
    35.34288       -117.2914    
    35.39410       -117.1754    
    35.44520       -117.0592    
    35.49618       -116.9428    
    35.54704       -116.8264    

    33.40286       -121.6447    
    33.45845       -121.5349    
    33.51395       -121.4248    
    33.56934       -121.3146    
    33.62460       -121.2043    
    33.67978       -121.0938    
    33.73483       -120.9831    
    33.78979       -120.8722    
    33.84463       -120.7612    
    33.89936       -120.6500    
    33.95398       -120.5387    
    34.00850       -120.4272    
    34.06290       -120.3155    
    34.11719       -120.2036    
    34.17136       -120.0916    
    34.22544       -119.9795    
    34.27939       -119.8672    
    34.33323       -119.7547    
    34.38696       -119.6420    
    34.44058       -119.5292    
    34.49409       -119.4162    
    34.54748       -119.3030    
    34.60075       -119.1897    
    34.65392       -119.0762    
    34.70697       -118.9626    
    34.75990       -118.8488    
    34.81272       -118.7348    
    34.86543       -118.6207    
    34.91801       -118.5064    
    34.97048       -118.3919    
    35.02283       -118.2773    
    35.07508       -118.1625    
    35.12719       -118.0475    
    35.17919       -117.9324    
    35.23107       -117.8171    
    35.28285       -117.7016    
    35.33450       -117.5860    
    35.38602       -117.4702    
    35.43744       -117.3543    
    35.48872       -117.2382    
    35.53989       -117.1219    
    35.59095       -117.0055    
    35.64188       -116.8889    

    33.49449       -121.7115    
    33.55017       -121.6015    
    33.60573       -121.4914    
    33.66120       -121.3811    
    33.71655       -121.2707    
    33.77180       -121.1600    
    33.82693       -121.0493    
    33.88197       -120.9383    
    33.93688       -120.8272    
    33.99170       -120.7160    
    34.04639       -120.6045    
    34.10099       -120.4930    
    34.15546       -120.3812    
    34.20983       -120.2693    
    34.26409       -120.1572    
    34.31823       -120.0449    
    34.37227       -119.9325    
    34.42618       -119.8199    
    34.47998       -119.7071    
    34.53368       -119.5942    
    34.58726       -119.4811    
    34.64073       -119.3679    
    34.69408       -119.2545    
    34.74732       -119.1409    
    34.80045       -119.0271    
    34.85346       -118.9132    
    34.90635       -118.7992    
    34.95913       -118.6849    
    35.01179       -118.5705    
    35.06433       -118.4559    
    35.11677       -118.3412    
    35.16908       -118.2263    
    35.22127       -118.1112    
    35.27335       -117.9960    
    35.32531       -117.8806    
    35.37714       -117.7651    
    35.42886       -117.6494    
    35.48046       -117.5334    
    35.53195       -117.4174    
    35.58332       -117.3012    
    35.63456       -117.1848    
    35.68568       -117.0682    
    35.73668       -116.9515    

    33.58610       -121.7784    
    33.64186       -121.6683    
    33.69750       -121.5581    
    33.75304       -121.4478    
    33.80848       -121.3372    
    33.86380       -121.2265    
    33.91901       -121.1157    
    33.97412       -121.0046    
    34.02913       -120.8935    
    34.08401       -120.7821    
    34.13878       -120.6706    
    34.19345       -120.5589    
    34.24801       -120.4470    
    34.30245       -120.3350    
    34.35678       -120.2228    
    34.41100       -120.1105    
    34.46511       -119.9980    
    34.51911       -119.8853    
    34.57299       -119.7724    
    34.62677       -119.6594    
    34.68042       -119.5462    
    34.73396       -119.4329    
    34.78739       -119.3194    
    34.84071       -119.2057    
    34.89391       -119.0919    
    34.94699       -118.9778    
    34.99996       -118.8637    
    35.05281       -118.7493    
    35.10555       -118.6348    
    35.15816       -118.5201    
    35.21067       -118.4053    
    35.26305       -118.2903    
    35.31532       -118.1751    
    35.36748       -118.0598    
    35.41951       -117.9443    
    35.47142       -117.8286    
    35.52322       -117.7128    
    35.57490       -117.5968    
    35.62645       -117.4807    
    35.67789       -117.3643    
    35.72921       -117.2479    
    35.78040       -117.1312    
    35.83147       -117.0144    

    33.67769       -121.8454    
    33.73352       -121.7353    
    33.78924       -121.6250    
    33.84487       -121.5146    
    33.90038       -121.4040    
    33.95578       -121.2932    
    34.01108       -121.1822    
    34.06626       -121.0711    
    34.12133       -120.9598    
    34.17629       -120.8484    
    34.23114       -120.7368    
    34.28590       -120.6250    
    34.34052       -120.5130    
    34.39504       -120.4009    
    34.44946       -120.2887    
    34.50375       -120.1762    
    34.55794       -120.0636    
    34.61202       -119.9508    
    34.66597       -119.8379    
    34.71982       -119.7248    
    34.77356       -119.6115    
    34.82716       -119.4980    
    34.88067       -119.3844    
    34.93407       -119.2707    
    34.98734       -119.1567    
    35.04049       -119.0426    
    35.09354       -118.9283    
    35.14647       -118.8139    
    35.19928       -118.6993    
    35.25198       -118.5845    
    35.30455       -118.4696    
    35.35701       -118.3545    
    35.40936       -118.2392    
    35.46158       -118.1238    
    35.51369       -118.0082    
    35.56568       -117.8924    
    35.61755       -117.7765    
    35.66930       -117.6604    
    35.72092       -117.5441    
    35.77244       -117.4277    
    35.82383       -117.3111    
    35.87510       -117.1943    
    35.92625       -117.0774    

    33.76923       -121.9127    
    33.82515       -121.8025    
    33.88095       -121.6921    
    33.93666       -121.5816    
    33.99224       -121.4709    
    34.04773       -121.3600    
    34.10309       -121.2489    
    34.15836       -121.1377    
    34.21350       -121.0264    
    34.26855       -120.9148    
    34.32348       -120.8031    
    34.37830       -120.6913    
    34.43301       -120.5792    
    34.48761       -120.4670    
    34.54210       -120.3546    
    34.59647       -120.2421    
    34.65073       -120.1294    
    34.70488       -120.0165    
    34.75891       -119.9035    
    34.81284       -119.7903    
    34.86665       -119.6769    
    34.92035       -119.5634    
    34.97392       -119.4497    
    35.02739       -119.3358    
    35.08073       -119.2218    
    35.13397       -119.1075    
    35.18710       -118.9932    
    35.24010       -118.8786    
    35.29298       -118.7639    
    35.34575       -118.6490    
    35.39840       -118.5340    
    35.45094       -118.4188    
    35.50336       -118.3034    
    35.55565       -118.1879    
    35.60783       -118.0722    
    35.65990       -117.9563    
    35.71184       -117.8403    
    35.76366       -117.7241    
    35.81537       -117.6077    
    35.86695       -117.4912    
    35.91842       -117.3745    
    35.96976       -117.2576    
    36.02098       -117.1406    

    33.86077       -121.9801    
    33.91676       -121.8698    
    33.97265       -121.7593    
    34.02842       -121.6487    
    34.08409       -121.5379    
    34.13965       -121.4270    
    34.19510       -121.3158    
    34.25043       -121.2045    
    34.30566       -121.0931    
    34.36079       -120.9814    
    34.41580       -120.8697    
    34.47068       -120.7577    
    34.52547       -120.6456    
    34.58015       -120.5333    
    34.63471       -120.4208    
    34.68917       -120.3082    
    34.74351       -120.1954    
    34.79773       -120.0824    
    34.85184       -119.9693    
    34.90584       -119.8560    
    34.95973       -119.7425    
    35.01350       -119.6289    
    35.06716       -119.5151    
    35.12069       -119.4011    
    35.17412       -119.2870    
    35.22743       -119.1727    
    35.28063       -119.0582    
    35.33371       -118.9435    
    35.38666       -118.8287    
    35.43951       -118.7138    
    35.49224       -118.5986    
    35.54485       -118.4833    
    35.59734       -118.3679    
    35.64971       -118.2522    
    35.70197       -118.1364    
    35.75410       -118.0204    
    35.80611       -117.9043    
    35.85802       -117.7880    
    35.90979       -117.6715    
    35.96145       -117.5548    
    36.01299       -117.4380    
    36.06441       -117.3210    
    36.11570       -117.2039    

    33.95227       -122.0477    
    34.00834       -121.9373    
    34.06430       -121.8268    
    34.12016       -121.7160    
    34.17590       -121.6052    
    34.23154       -121.4941    
    34.28706       -121.3829    
    34.34248       -121.2715    
    34.39779       -121.1599    
    34.45298       -121.0482    
    34.50807       -120.9364    
    34.56305       -120.8243    
    34.61791       -120.7121    
    34.67266       -120.5997    
    34.72730       -120.4872    
    34.78184       -120.3744    
    34.83624       -120.2615    
    34.89055       -120.1485    
    34.94474       -120.0352    
    34.99881       -119.9218    
    35.05277       -119.8083    
    35.10662       -119.6945    
    35.16034       -119.5807    
    35.21397       -119.4666    
    35.26747       -119.3524    
    35.32086       -119.2379    
    35.37413       -119.1234    
    35.42728       -119.0086    
    35.48032       -118.8937    
    35.53323       -118.7787    
    35.58604       -118.6634    
    35.63872       -118.5480    
    35.69128       -118.4324    
    35.74373       -118.3167    
    35.79606       -118.2007    
    35.84827       -118.0847    
    35.90037       -117.9684    
    35.95234       -117.8520    
    36.00419       -117.7354    
    36.05592       -117.6187    
    36.10753       -117.5017    
    36.15902       -117.3847    
    36.21038       -117.2674    

    34.04375       -122.1154    
    34.09990       -122.0049    
    34.15594       -121.8943    
    34.21187       -121.7835    
    34.26769       -121.6725    
    34.32341       -121.5614    
    34.37901       -121.4501    
    34.43450       -121.3387    
    34.48989       -121.2270    
    34.54517       -121.1152    
    34.60033       -121.0032    
    34.65538       -120.8911    
    34.71032       -120.7788    
    34.76515       -120.6663    
    34.81987       -120.5536    
    34.87447       -120.4408    
    34.92896       -120.3278    
    34.98335       -120.2147    
    35.03761       -120.1013    
    35.09175       -119.9879    
    35.14579       -119.8742    
    35.19972       -119.7604    
    35.25353       -119.6464    
    35.30722       -119.5322    
    35.36080       -119.4179    
    35.41426       -119.3034    
    35.46760       -119.1887    
    35.52084       -119.0739    
    35.57394       -118.9589    
    35.62694       -118.8437    
    35.67981       -118.7283    
    35.73257       -118.6128    
    35.78521       -118.4972    
    35.83773       -118.3813    
    35.89014       -118.2653    
    35.94242       -118.1491    
    35.99459       -118.0327    
    36.04663       -117.9162    
    36.09856       -117.7995    
    36.15036       -117.6827    
    36.20204       -117.5656    
    36.25360       -117.4485    
    36.30504       -117.3311    

    34.13519       -122.1833    
    34.19141       -122.0728    
    34.24753       -121.9621    
    34.30355       -121.8512    
    34.35945       -121.7401    
    34.41524       -121.6289    
    34.47092       -121.5175    
    34.52650       -121.4059    
    34.58195       -121.2942    
    34.63731       -121.1823    
    34.69255       -121.0703    
    34.74768       -120.9580    
    34.80270       -120.8456    
    34.85760       -120.7330    
    34.91240       -120.6203    
    34.96708       -120.5074    
    35.02165       -120.3943    
    35.07611       -120.2811    
    35.13044       -120.1676    
    35.18467       -120.0540    
    35.23879       -119.9403    
    35.29278       -119.8264    
    35.34667       -119.7123    
    35.40043       -119.5980    
    35.45409       -119.4836    
    35.50762       -119.3690    
    35.56105       -119.2542    
    35.61435       -119.1393    
    35.66754       -119.0242    
    35.72060       -118.9089    
    35.77356       -118.7935    
    35.82639       -118.6778    
    35.87910       -118.5620    
    35.93170       -118.4461    
    35.98418       -118.3300    
    36.03653       -118.2137    
    36.08878       -118.0972    
    36.14090       -117.9806    
    36.19289       -117.8638    
    36.24478       -117.7468    
    36.29653       -117.6297    
    36.34817       -117.5124    
    36.39968       -117.3949    

    34.22660       -122.2514    
    34.28291       -122.1408    
    34.33912       -122.0300    
    34.39520       -121.9190    
    34.45118       -121.8079    
    34.50705       -121.6965    
    34.56281       -121.5851    
    34.61846       -121.4734    
    34.67400       -121.3616    
    34.72943       -121.2496    
    34.78475       -121.1375    
    34.83995       -121.0251    
    34.89505       -120.9126    
    34.95003       -120.8000    
    35.00491       -120.6871    
    35.05967       -120.5741    
    35.11432       -120.4610    
    35.16884       -120.3476    
    35.22326       -120.2341    
    35.27756       -120.1204    
    35.33175       -120.0066    
    35.38583       -119.8925    
    35.43979       -119.7784    
    35.49363       -119.6640    
    35.54736       -119.5495    
    35.60097       -119.4348    
    35.65446       -119.3199    
    35.70784       -119.2049    
    35.76110       -119.0897    
    35.81425       -118.9743    
    35.86728       -118.8587    
    35.92019       -118.7430    
    35.97298       -118.6271    
    36.02565       -118.5111    
    36.07819       -118.3948    
    36.13063       -118.2784    
    36.18294       -118.1619    
    36.23514       -118.0451    
    36.28721       -117.9283    
    36.33916       -117.8112    
    36.39099       -117.6939    
    36.44270       -117.5765    
    36.49429       -117.4589    

    34.31800       -122.3196    
    34.37438       -122.2089    
    34.43065       -122.0981    
    34.48682       -121.9870    
    34.54288       -121.8758    
    34.59883       -121.7644    
    34.65467       -121.6528    
    34.71040       -121.5410    
    34.76601       -121.4291    
    34.82151       -121.3171    
    34.87692       -121.2048    
    34.93220       -121.0924    
    34.98737       -120.9798    
    35.04243       -120.8671    
    35.09738       -120.7542    
    35.15221       -120.6411    
    35.20694       -120.5278    
    35.26155       -120.4143    
    35.31604       -120.3007    
    35.37042       -120.1870    
    35.42469       -120.0730    
    35.47884       -119.9589    
    35.53288       -119.8446    
    35.58680       -119.7301    
    35.64059       -119.6155    
    35.69429       -119.5007    
    35.74785       -119.3857    
    35.80131       -119.2706    
    35.85465       -119.1553    
    35.90787       -119.0398    
    35.96097       -118.9242    
    36.01395       -118.8083    
    36.06681       -118.6924    
    36.11956       -118.5762    
    36.17219       -118.4599    
    36.22469       -118.3434    
    36.27708       -118.2267    
    36.32934       -118.1099    
    36.38149       -117.9929    
    36.43352       -117.8757    
    36.48543       -117.7583    
    36.53720       -117.6408    
    36.58886       -117.5231    

    34.40936       -122.3881    
    34.46581       -122.2773    
    34.52217       -122.1663    
    34.57842       -122.0551    
    34.63455       -121.9438    
    34.69058       -121.8323    
    34.74650       -121.7207    
    34.80230       -121.6089    
    34.85800       -121.4969    
    34.91359       -121.3847    
    34.96906       -121.2724    
    35.02441       -121.1599    
    35.07967       -121.0472    
    35.13480       -120.9343    
    35.18983       -120.8213    
    35.24475       -120.7081    
    35.29955       -120.5948    
    35.35423       -120.4812    
    35.40880       -120.3675    
    35.46326       -120.2537    
    35.51760       -120.1396    
    35.57182       -120.0254    
    35.62594       -119.9110    
    35.67994       -119.7965    
    35.73381       -119.6817    
    35.78757       -119.5668    
    35.84122       -119.4518    
    35.89475       -119.3365    
    35.94817       -119.2211    
    36.00146       -119.1055    
    36.05463       -118.9898    
    36.10769       -118.8739    
    36.16063       -118.7578    
    36.21345       -118.6415    
    36.26615       -118.5251    
    36.31873       -118.4085    
    36.37119       -118.2917    
    36.42353       -118.1747    
    36.47575       -118.0576    
    36.52785       -117.9403    
    36.57983       -117.8229    
    36.63168       -117.7053    
    36.68341       -117.5875    

    34.50068       -122.4567    
    34.55722       -122.3458    
    34.61366       -122.2347    
    34.66999       -122.1235    
    34.72620       -122.0121    
    34.78230       -121.9005    
    34.83829       -121.7888    
    34.89418       -121.6768    
    34.94996       -121.5648    
    35.00562       -121.4525    
    35.06116       -121.3401    
    35.11660       -121.2275    
    35.17194       -121.1147    
    35.22715       -121.0018    
    35.28225       -120.8887    
    35.33724       -120.7754    
    35.39212       -120.6619    
    35.44687       -120.5483    
    35.50152       -120.4345    
    35.55605       -120.3205    
    35.61047       -120.2064    
    35.66478       -120.0921    
    35.71896       -119.9776    
    35.77304       -119.8629    
    35.82700       -119.7481    
    35.88083       -119.6331    
    35.93455       -119.5180    
    35.98816       -119.4026    
    36.04165       -119.2871    
    36.09501       -119.1714    
    36.14827       -119.0556    
    36.20140       -118.9395    
    36.25441       -118.8234    
    36.30730       -118.7070    
    36.36008       -118.5905    
    36.41274       -118.4738    
    36.46527       -118.3569    
    36.51768       -118.2398    
    36.56998       -118.1226    
    36.62215       -118.0052    
    36.67420       -117.8876    
    36.72613       -117.7699    
    36.77794       -117.6520    

    34.59199       -122.5254    
    34.64860       -122.4144    
    34.70512       -122.3033    
    34.76152       -122.1920    
    34.81781       -122.0805    
    34.87399       -121.9688    
    34.93007       -121.8570    
    34.98603       -121.7450    
    35.04188       -121.6328    
    35.09762       -121.5205    
    35.15325       -121.4080    
    35.20877       -121.2953    
    35.26418       -121.1824    
    35.31946       -121.0694    
    35.37464       -120.9562    
    35.42971       -120.8428    
    35.48466       -120.7292    
    35.53950       -120.6155    
    35.59423       -120.5016    
    35.64883       -120.3876    
    35.70333       -120.2733    
    35.75770       -120.1589    
    35.81197       -120.0444    
    35.86612       -119.9296    
    35.92015       -119.8147    
    35.97406       -119.6996    
    36.02785       -119.5843    
    36.08154       -119.4689    
    36.13510       -119.3533    
    36.18855       -119.2375    
    36.24187       -119.1215    
    36.29508       -119.0054    
    36.34817       -118.8891    
    36.40113       -118.7726    
    36.45399       -118.6560    
    36.50672       -118.5392    
    36.55933       -118.4222    
    36.61181       -118.3051    
    36.66418       -118.1877    
    36.71643       -118.0702    
    36.76855       -117.9525    
    36.82056       -117.8347    
    36.87244       -117.7167    

    34.68325       -122.5943    
    34.73995       -122.4833    
    34.79654       -122.3720    
    34.85302       -122.2607    
    34.90939       -122.1491    
    34.96566       -122.0373    
    35.02181       -121.9254    
    35.07784       -121.8133    
    35.13377       -121.7010    
    35.18959       -121.5886    
    35.24530       -121.4760    
    35.30089       -121.3633    
    35.35637       -121.2503    
    35.41175       -121.1372    
    35.46700       -121.0239    
    35.52214       -120.9104    
    35.57717       -120.7968    
    35.63209       -120.6830    
    35.68689       -120.5690    
    35.74157       -120.4548    
    35.79613       -120.3405    
    35.85059       -120.2260    
    35.90493       -120.1113    
    35.95916       -119.9964    
    36.01327       -119.8814    
    36.06726       -119.7662    
    36.12112       -119.6508    
    36.17489       -119.5353    
    36.22852       -119.4196    
    36.28205       -119.3037    
    36.33544       -119.1877    
    36.38872       -119.0714    
    36.44189       -118.9550    
    36.49494       -118.8385    
    36.54786       -118.7217    
    36.60067       -118.6048    
    36.65335       -118.4877    
    36.70591       -118.3704    
    36.75835       -118.2530    
    36.81067       -118.1354    
    36.86287       -118.0176    
    36.91494       -117.8997    
    36.96690       -117.7815    

    34.77449       -122.6635    
    34.83127       -122.5523    
    34.88794       -122.4410    
    34.94450       -122.3295    
    35.00095       -122.2178    
    35.05729       -122.1060    
    35.11352       -121.9940    
    35.16964       -121.8818    
    35.22564       -121.7695    
    35.28153       -121.6570    
    35.33732       -121.5443    
    35.39299       -121.4314    
    35.44855       -121.3183    
    35.50399       -121.2051    
    35.55933       -121.0917    
    35.61455       -120.9782    
    35.66965       -120.8644    
    35.72465       -120.7505    
    35.77952       -120.6364    
    35.83429       -120.5222    
    35.88894       -120.4078    
    35.94347       -120.2932    
    35.99788       -120.1784    
    36.05218       -120.0634    
    36.10637       -119.9483    
    36.16043       -119.8330    
    36.21438       -119.7176    
    36.26822       -119.6019    
    36.32191       -119.4861    
    36.37552       -119.3701    
    36.42899       -119.2540    
    36.48235       -119.1376    
    36.53559       -119.0211    
    36.58870       -118.9044    
    36.64171       -118.7876    
    36.69458       -118.6706    
    36.74734       -118.5534    
    36.79998       -118.4360    
    36.85249       -118.3185    
    36.90488       -118.2007    
    36.95716       -118.0829    
    37.00931       -117.9648    
    37.06134       -117.8466    

    34.86570       -122.7327    
    34.92256       -122.6215    
    34.97931       -122.5101    
    35.03595       -122.3985    
    35.09247       -122.2868    
    35.14889       -122.1749    
    35.20520       -122.0628    
    35.26139       -121.9505    
    35.31748       -121.8380    
    35.37345       -121.7254    
    35.42931       -121.6126    
    35.48506       -121.4997    
    35.54070       -121.3866    
    35.59622       -121.2733    
    35.65163       -121.1598    
    35.70693       -121.0461    
    35.76211       -120.9323    
    35.81718       -120.8183    
    35.87213       -120.7041    
    35.92697       -120.5898    
    35.98170       -120.4753    
    36.03631       -120.3605    
    36.09079       -120.2457    
    36.14517       -120.1306    
    36.19943       -120.0154    
    36.25357       -119.9000    
    36.30759       -119.7845    
    36.36150       -119.6687    
    36.41529       -119.5528    
    36.46896       -119.4367    
    36.52251       -119.3204    
    36.57594       -119.2040    
    36.62925       -119.0874    
    36.68245       -118.9706    
    36.73552       -118.8537    
    36.78847       -118.7365    
    36.84130       -118.6192    
    36.89402       -118.5018    
    36.94660       -118.3841    
    36.99907       -118.2663    
    37.05142       -118.1483    
    37.10365       -118.0301    
    37.15574       -117.9118    

    34.95687       -122.8022    
    35.01381       -122.6909    
    35.07063       -122.5794    
    35.12735       -122.4677    
    35.18396       -122.3559    
    35.24045       -122.2439    
    35.29683       -122.1317    
    35.35311       -122.0193    
    35.40928       -121.9068    
    35.46533       -121.7941    
    35.52127       -121.6812    
    35.57709       -121.5682    
    35.63280       -121.4550    
    35.68841       -121.3416    
    35.74390       -121.2280    
    35.79927       -121.1142    
    35.85453       -121.0003    
    35.90968       -120.8862    
    35.96471       -120.7719    
    36.01962       -120.6575    
    36.07442       -120.5429    
    36.12910       -120.4281    
    36.18367       -120.3131    
    36.23812       -120.1980    
    36.29246       -120.0827    
    36.34667       -119.9672    
    36.40078       -119.8515    
    36.45476       -119.7357    
    36.50862       -119.6197    
    36.56237       -119.5034    
    36.61599       -119.3871    
    36.66949       -119.2706    
    36.72289       -119.1538    
    36.77615       -119.0370    
    36.82930       -118.9199    
    36.88233       -118.8027    
    36.93523       -118.6853    
    36.98802       -118.5677    
    37.04068       -118.4499    
    37.09322       -118.3320    
    37.14565       -118.2139    
    37.19794       -118.0956    
    37.25011       -117.9771    

    35.04803       -122.8718    
    35.10503       -122.7604    
    35.16194       -122.6488    
    35.21873       -122.5371    
    35.27542       -122.4252    
    35.33199       -122.3130    
    35.38845       -122.2008    
    35.44481       -122.0883    
    35.50105       -121.9757    
    35.55718       -121.8629    
    35.61319       -121.7500    
    35.66909       -121.6368    
    35.72489       -121.5235    
    35.78056       -121.4100    
    35.83613       -121.2964    
    35.89159       -121.1825    
    35.94692       -121.0685    
    36.00214       -120.9543    
    36.05725       -120.8399    
    36.11225       -120.7254    
    36.16711       -120.6107    
    36.22189       -120.4958    
    36.27652       -120.3807    
    36.33105       -120.2655    
    36.38546       -120.1501    
    36.43975       -120.0345    
    36.49393       -119.9187    
    36.54799       -119.8028    
    36.60193       -119.6867    
    36.65575       -119.5704    
    36.70945       -119.4539    
    36.76303       -119.3373    
    36.81649       -119.2205    
    36.86984       -119.1035    
    36.92306       -118.9863    
    36.97616       -118.8690    
    37.02914       -118.7515    
    37.08199       -118.6338    
    37.13474       -118.5159    
    37.18735       -118.3979    
    37.23984       -118.2797    
    37.29221       -118.1613    
    37.34446       -118.0427    

    35.13913       -122.9416    
    35.19621       -122.8301    
    35.25320       -122.7184    
    35.31008       -122.6066    
    35.36684       -122.4946    
    35.42350       -122.3824    
    35.48003       -122.2701    
    35.53646       -122.1575    
    35.59278       -122.0448    
    35.64899       -121.9319    
    35.70508       -121.8189    
    35.76107       -121.7057    
    35.81693       -121.5923    
    35.87269       -121.4787    
    35.92834       -121.3649    
    35.98386       -121.2510    
    36.03927       -121.1369    
    36.09458       -121.0226    
    36.14976       -120.9081    
    36.20483       -120.7935    
    36.25978       -120.6787    
    36.31462       -120.5637    
    36.36933       -120.4485    
    36.42394       -120.3332    
    36.47843       -120.2177    
    36.53279       -120.1020    
    36.58705       -119.9861    
    36.64118       -119.8701    
    36.69519       -119.7539    
    36.74908       -119.6375    
    36.80287       -119.5209    
    36.85652       -119.4042    
    36.91006       -119.2873    
    36.96347       -119.1702    
    37.01678       -119.0529    
    37.06995       -118.9355    
    37.12300       -118.8178    
    37.17594       -118.7000    
    37.22874       -118.5821    
    37.28144       -118.4639    
    37.33401       -118.3456    
    37.38645       -118.2271    
    37.43877       -118.1084    

    35.23021       -123.0116    
    35.28738       -122.9000    
    35.34444       -122.7882    
    35.40139       -122.6763    
    35.45824       -122.5642    
    35.51496       -122.4520    
    35.57158       -122.3395    
    35.62809       -122.2269    
    35.68449       -122.1141    
    35.74077       -122.0011    
    35.79695       -121.8880    
    35.85300       -121.7747    
    35.90895       -121.6612    
    35.96478       -121.5475    
    36.02051       -121.4337    
    36.07611       -121.3196    
    36.13160       -121.2054    
    36.18698       -121.0910    
    36.24224       -120.9765    
    36.29738       -120.8618    
    36.35241       -120.7469    
    36.40733       -120.6318    
    36.46212       -120.5165    
    36.51680       -120.4011    
    36.57136       -120.2855    
    36.62581       -120.1697    
    36.68014       -120.0537    
    36.73435       -119.9376    
    36.78843       -119.8213    
    36.84241       -119.7048    
    36.89626       -119.5881    
    36.94999       -119.4713    
    37.00360       -119.3542    
    37.05709       -119.2370    
    37.11047       -119.1197    
    37.16371       -119.0021    
    37.21684       -118.8844    
    37.26985       -118.7665    
    37.32273       -118.6484    
    37.37550       -118.5302    
    37.42814       -118.4117    
    37.48066       -118.2931    
    37.53305       -118.1743    

    35.32125       -123.0817    
    35.37850       -122.9701    
    35.43564       -122.8582    
    35.49266       -122.7462    
    35.54958       -122.6340    
    35.60640       -122.5217    
    35.66310       -122.4091    
    35.71968       -122.2964    
    35.77615       -122.1836    
    35.83253       -122.0705    
    35.88877       -121.9573    
    35.94491       -121.8438    
    36.00093       -121.7303    
    36.05684       -121.6165    
    36.11264       -121.5026    
    36.16832       -121.3884    
    36.22390       -121.2741    
    36.27934       -121.1597    
    36.33468       -121.0450    
    36.38990       -120.9302    
    36.44500       -120.8152    
    36.50000       -120.7000    
    36.55487       -120.5847    
    36.60963       -120.4691    
    36.66426       -120.3534    
    36.71878       -120.2375    
    36.77319       -120.1215    
    36.82747       -120.0052    
    36.88164       -119.8888    
    36.93568       -119.7722    
    36.98961       -119.6555    
    37.04342       -119.5385    
    37.09711       -119.4214    
    37.15067       -119.3041    
    37.20412       -119.1866    
    37.25744       -119.0689    
    37.31065       -118.9511    
    37.36372       -118.8331    
    37.41669       -118.7149    
    37.46952       -118.5966    
    37.52224       -118.4780    
    37.57483       -118.3593    
    37.62730       -118.2404    

    35.41226       -123.1520    
    35.46959       -123.0403    
    35.52681       -122.9284    
    35.58392       -122.8163    
    35.64092       -122.7040    
    35.69781       -122.5916    
    35.75458       -122.4790    
    35.81124       -122.3661    
    35.86780       -122.2532    
    35.92424       -122.1400    
    35.98056       -122.0267    
    36.03679       -121.9132    
    36.09288       -121.7995    
    36.14887       -121.6857    
    36.20475       -121.5717    
    36.26051       -121.4574    
    36.31615       -121.3430    
    36.37168       -121.2285    
    36.42709       -121.1137    
    36.48239       -120.9988    
    36.53757       -120.8837    
    36.59264       -120.7684    
    36.64759       -120.6530    
    36.70242       -120.5374    
    36.75713       -120.4215    
    36.81174       -120.3056    
    36.86621       -120.1894    
    36.92057       -120.0731    
    36.97482       -119.9565    
    37.02893       -119.8398    
    37.08294       -119.7230    
    37.13681       -119.6059    
    37.19058       -119.4887    
    37.24423       -119.3713    
    37.29774       -119.2537    
    37.35114       -119.1360    
    37.40442       -119.0180    
    37.45758       -118.8999    
    37.51061       -118.7816    
    37.56352       -118.6631    
    37.61631       -118.5445    
    37.66897       -118.4257    
    37.72152       -118.3067    

    35.50323       -123.2225    
    35.56065       -123.1107    
    35.61794       -122.9987    
    35.67513       -122.8865    
    35.73220       -122.7742    
    35.78917       -122.6617    
    35.84602       -122.5490    
    35.90277       -122.4361    
    35.95940       -122.3230    
    36.01592       -122.2097    
    36.07232       -122.0963    
    36.12862       -121.9828    
    36.18480       -121.8690    
    36.24086       -121.7550    
    36.29682       -121.6409    
    36.35265       -121.5266    
    36.40838       -121.4121    
    36.46398       -121.2975    
    36.51947       -121.1826    
    36.57484       -121.0676    
    36.63010       -120.9524    
    36.68525       -120.8370    
    36.74027       -120.7215    
    36.79518       -120.6058    
    36.84997       -120.4899    
    36.90465       -120.3738    
    36.95920       -120.2575    
    37.01363       -120.1411    
    37.06795       -120.0244    
    37.12215       -119.9077    
    37.17622       -119.7907    
    37.23018       -119.6735    
    37.28402       -119.5562    
    37.33773       -119.4387    
    37.39133       -119.3210    
    37.44480       -119.2032    
    37.49815       -119.0851    
    37.55138       -118.9669    
    37.60449       -118.8485    
    37.65748       -118.7299    
    37.71034       -118.6111    
    37.76308       -118.4922    
    37.81569       -118.3731    

    35.59418       -123.2932    
    35.65166       -123.1813    
    35.70905       -123.0692    
    35.76631       -122.9569    
    35.82346       -122.8445    
    35.88051       -122.7319    
    35.93745       -122.6191    
    35.99427       -122.5061    
    36.05098       -122.3930    
    36.10757       -122.2797    
    36.16405       -122.1661    
    36.22042       -122.0525    
    36.27668       -121.9386    
    36.33282       -121.8246    
    36.38885       -121.7103    
    36.44477       -121.5959    
    36.50057       -121.4814    
    36.55625       -121.3666    
    36.61182       -121.2517    
    36.66726       -121.1366    
    36.72260       -121.0213    
    36.77782       -120.9058    
    36.83293       -120.7902    
    36.88791       -120.6743    
    36.94278       -120.5583    
    36.99752       -120.4422    
    37.05215       -120.3258    
    37.10667       -120.2093    
    37.16106       -120.0925    
    37.21533       -119.9756    
    37.26949       -119.8586    
    37.32352       -119.7413    
    37.37743       -119.6239    
    37.43122       -119.5063    
    37.48489       -119.3885    
    37.53844       -119.2705    
    37.59186       -119.1524    
    37.64517       -119.0340    
    37.69835       -118.9155    
    37.75141       -118.7968    
    37.80434       -118.6780    
    37.85716       -118.5589    
    37.90985       -118.4397    

    35.68509       -123.3640    
    35.74265       -123.2521    
    35.80011       -123.1399    
    35.85745       -123.0276    
    35.91468       -122.9150    
    35.97181       -122.8023    
    36.02882       -122.6895    
    36.08572       -122.5764    
    36.14251       -122.4631    
    36.19918       -122.3497    
    36.25574       -122.2361    
    36.31219       -122.1223    
    36.36853       -122.0084    
    36.42474       -121.8943    
    36.48085       -121.7800    
    36.53685       -121.6655    
    36.59272       -121.5508    
    36.64848       -121.4359    
    36.70412       -121.3209    
    36.75965       -121.2057    
    36.81506       -121.0903    
    36.87036       -120.9748    
    36.92554       -120.8590    
    36.98060       -120.7431    
    37.03555       -120.6270    
    37.09036       -120.5107    
    37.14507       -120.3943    
    37.19966       -120.2776    
    37.25412       -120.1608    
    37.30848       -120.0438    
    37.36270       -119.9266    
    37.41681       -119.8093    
    37.47079       -119.6917    
    37.52466       -119.5740    
    37.57841       -119.4561    
    37.63203       -119.3380    
    37.68553       -119.2198    
    37.73891       -119.1014    
    37.79217       -118.9828    
    37.84529       -118.8640    
    37.89831       -118.7450    
    37.95119       -118.6259    
    38.00396       -118.5065    

    35.77596       -123.4351    
    35.83360       -123.3230    
    35.89114       -123.2108    
    35.94856       -123.0983    
    36.00587       -122.9857    
    36.06308       -122.8729    
    36.12016       -122.7599    
    36.17714       -122.6468    
    36.23401       -122.5335    
    36.29076       -122.4200    
    36.34740       -122.3063    
    36.40393       -122.1924    
    36.46033       -122.0784    
    36.51664       -121.9642    
    36.57282       -121.8498    
    36.62889       -121.7352    
    36.68484       -121.6204    
    36.74068       -121.5055    
    36.79639       -121.3904    
    36.85201       -121.2751    
    36.90749       -121.1596    
    36.96287       -121.0439    
    37.01812       -120.9281    
    37.07326       -120.8120    
    37.12828       -120.6959    
    37.18318       -120.5795    
    37.23795       -120.4629    
    37.29262       -120.3462    
    37.34717       -120.2292    
    37.40159       -120.1122    
    37.45589       -119.9949    
    37.51007       -119.8774    
    37.56414       -119.7598    
    37.61808       -119.6420    
    37.67190       -119.5240    
    37.72560       -119.4058    
    37.77917       -119.2874    
    37.83262       -119.1689    
    37.88596       -119.0502    
    37.93916       -118.9313    
    37.99224       -118.8122    
    38.04520       -118.6929    
    38.09804       -118.5735    

    35.86680       -123.5063    
    35.92452       -123.3941    
    35.98214       -123.2818    
    36.03964       -123.1693    
    36.09703       -123.0566    
    36.15430       -122.9437    
    36.21148       -122.8307    
    36.26853       -122.7174    
    36.32548       -122.6040    
    36.38231       -122.4904    
    36.43902       -122.3766    
    36.49563       -122.2627    
    36.55212       -122.1486    
    36.60850       -122.0342    
    36.66475       -121.9197    
    36.72091       -121.8051    
    36.77694       -121.6902    
    36.83284       -121.5752    
    36.88865       -121.4600    
    36.94433       -121.3446    
    36.99989       -121.2290    
    37.05534       -121.1132    
    37.11067       -120.9973    
    37.16588       -120.8812    
    37.22098       -120.7649    
    37.27595       -120.6484    
    37.33081       -120.5317    
    37.38555       -120.4149    
    37.44017       -120.2979    
    37.49467       -120.1807    
    37.54905       -120.0633    
    37.60330       -119.9457    
    37.65744       -119.8280    
    37.71146       -119.7101    
    37.76536       -119.5919    
    37.81912       -119.4737    
    37.87277       -119.3552    
    37.92630       -119.2366    
    37.97971       -119.1177    
    38.03299       -118.9987    
    38.08615       -118.8795    
    38.13918       -118.7602    
    38.19209       -118.6406    

    35.95759       -123.5777    
    36.01540       -123.4655    
    36.07309       -123.3530    
    36.13067       -123.2404    
    36.18814       -123.1276    
    36.24550       -123.0147    
    36.30275       -122.9015    
    36.35988       -122.7882    
    36.41691       -122.6747    
    36.47381       -122.5610    
    36.53061       -122.4471    
    36.58729       -122.3331    
    36.64385       -122.2189    
    36.70031       -122.1045    
    36.75665       -121.9899    
    36.81287       -121.8751    
    36.86897       -121.7602    
    36.92497       -121.6451    
    36.98085       -121.5297    
    37.03660       -121.4142    
    37.09225       -121.2986    
    37.14777       -121.1827    
    37.20318       -121.0667    
    37.25846       -120.9505    
    37.31363       -120.8341    
    37.36869       -120.7175    
    37.42362       -120.6007    
    37.47844       -120.4838    
    37.53313       -120.3667    
    37.58771       -120.2494    
    37.64216       -120.1319    
    37.69650       -120.0142    
    37.75071       -119.8964    
    37.80480       -119.7784    
    37.85876       -119.6602    
    37.91261       -119.5417    
    37.96634       -119.4232    
    38.01994       -119.3044    
    38.07343       -119.1855    
    38.12677       -119.0664    
    38.18001       -118.9471    
    38.23311       -118.8276    
    38.28610       -118.7080    

    36.04836       -123.6493    
    36.10624       -123.5369    
    36.16402       -123.4244    
    36.22167       -123.3117    
    36.27922       -123.1989    
    36.33665       -123.0858    
    36.39399       -122.9726    
    36.45121       -122.8592    
    36.50830       -122.7456    
    36.56528       -122.6318    
    36.62215       -122.5179    
    36.67892       -122.4037    
    36.73557       -122.2894    
    36.79209       -122.1749    
    36.84851       -122.0602    
    36.90481       -121.9454    
    36.96099       -121.8303    
    37.01706       -121.7151    
    37.07301       -121.5997    
    37.12885       -121.4841    
    37.18457       -121.3683    
    37.24017       -121.2524    
    37.29566       -121.1363    
    37.35102       -121.0200    
    37.40627       -120.9035    
    37.46140       -120.7868    
    37.51641       -120.6699    
    37.57130       -120.5529    
    37.62607       -120.4357    
    37.68072       -120.3183    
    37.73524       -120.2007    
    37.78965       -120.0829    
    37.84394       -119.9650    
    37.89811       -119.8468    
    37.95215       -119.7285    
    38.00607       -119.6100    
    38.05987       -119.4914    
    38.11355       -119.3725    
    38.16710       -119.2534    
    38.22053       -119.1342    
    38.27383       -119.0148    
    38.32702       -118.8952    
    38.38007       -118.7755    

    36.13908       -123.7210    
    36.19704       -123.6086    
    36.25489       -123.4960    
    36.31263       -123.3832    
    36.37026       -123.2703    
    36.42778       -123.1571    
    36.48518       -123.0438    
    36.54247       -122.9303    
    36.59966       -122.8167    
    36.65672       -122.7028    
    36.71367       -122.5887    
    36.77050       -122.4745    
    36.82723       -122.3601    
    36.88383       -122.2455    
    36.94033       -122.1307    
    36.99670       -122.0158    
    37.05297       -121.9007    
    37.10912       -121.7853    
    37.16515       -121.6698    
    37.22105       -121.5542    
    37.27686       -121.4383    
    37.33253       -121.3223    
    37.38809       -121.2060    
    37.44353       -121.0896    
    37.49886       -120.9730    
    37.55406       -120.8563    
    37.60914       -120.7393    
    37.66411       -120.6222    
    37.71896       -120.5048    
    37.77369       -120.3873    
    37.82829       -120.2697    
    37.88277       -120.1518    
    37.93713       -120.0337    
    37.99137       -119.9155    
    38.04549       -119.7971    
    38.09949       -119.6785    
    38.15337       -119.5597    
    38.20711       -119.4407    
    38.26074       -119.3216    
    38.31424       -119.2022    
    38.36763       -119.0827    
    38.42088       -118.9630    
    38.47401       -118.8432    

    36.22977       -123.7929    
    36.28782       -123.6804    
    36.34574       -123.5677    
    36.40356       -123.4549    
    36.46127       -123.3419    
    36.51887       -123.2286    
    36.57635       -123.1152    
    36.63371       -123.0016    
    36.69097       -122.8879    
    36.74811       -122.7739    
    36.80515       -122.6598    
    36.86206       -122.5455    
    36.91886       -122.4310    
    36.97555       -122.3163    
    37.03212       -122.2014    
    37.08857       -122.0864    
    37.14491       -121.9712    
    37.20114       -121.8558    
    37.25724       -121.7402    
    37.31323       -121.6244    
    37.36910       -121.5085    
    37.42486       -121.3923    
    37.48049       -121.2760    
    37.53601       -121.1595    
    37.59141       -121.0428    
    37.64669       -120.9259    
    37.70185       -120.8088    
    37.75690       -120.6916    
    37.81182       -120.5742    
    37.86662       -120.4566    
    37.92130       -120.3388    
    37.97586       -120.2208    
    38.03030       -120.1027    
    38.08462       -119.9843    
    38.13881       -119.8658    
    38.19288       -119.7471    
    38.24682       -119.6282    
    38.30065       -119.5092    
    38.35435       -119.3899    
    38.40793       -119.2704    
    38.46139       -119.1508    
    38.51472       -119.0310    
    38.56792       -118.9110    

    36.32043       -123.8651    
    36.37854       -123.7525    
    36.43655       -123.6397    
    36.49445       -123.5268    
    36.55224       -123.4136    
    36.60991       -123.3003    
    36.66747       -123.1868    
    36.72491       -123.0732    
    36.78225       -122.9593    
    36.83947       -122.8453    
    36.89658       -122.7310    
    36.95357       -122.6166    
    37.01045       -122.5020    
    37.06721       -122.3873    
    37.12387       -122.2723    
    37.18040       -122.1572    
    37.23681       -122.0419    
    37.29311       -121.9264    
    37.34930       -121.8107    
    37.40536       -121.6948    
    37.46131       -121.5788    
    37.51714       -121.4625    
    37.57285       -121.3461    
    37.62845       -121.2295    
    37.68393       -121.1127    
    37.73928       -120.9957    
    37.79452       -120.8786    
    37.84964       -120.7612    
    37.90464       -120.6437    
    37.95951       -120.5260    
    38.01427       -120.4081    
    38.06890       -120.2900    
    38.12341       -120.1718    
    38.17780       -120.0533    
    38.23208       -119.9347    
    38.28622       -119.8159    
    38.34024       -119.6969    
    38.39414       -119.5778    
    38.44792       -119.4584    
    38.50157       -119.3388    
    38.55510       -119.2191    
    38.60851       -119.0992    
    38.66178       -118.9791    

    36.41104       -123.9373    
    36.46923       -123.8247    
    36.52732       -123.7118    
    36.58530       -123.5988    
    36.64316       -123.4856    
    36.70092       -123.3722    
    36.75855       -123.2586    
    36.81608       -123.1449    
    36.87350       -123.0309    
    36.93079       -122.9168    
    36.98798       -122.8025    
    37.04505       -122.6880    
    37.10201       -122.5733    
    37.15884       -122.4584    
    37.21557       -122.3434    
    37.27219       -122.2282    
    37.32868       -122.1128    
    37.38506       -121.9972    
    37.44132       -121.8814    
    37.49746       -121.7654    
    37.55348       -121.6493    
    37.60939       -121.5329    
    37.66518       -121.4164    
    37.72086       -121.2997    
    37.77641       -121.1828    
    37.83184       -121.0658    
    37.88716       -120.9485    
    37.94234       -120.8311    
    37.99743       -120.7134    
    38.05238       -120.5956    
    38.10721       -120.4776    
    38.16191       -120.3595    
    38.21650       -120.2411    
    38.27097       -120.1226    
    38.32531       -120.0038    
    38.37954       -119.8849    
    38.43363       -119.7658    
    38.48761       -119.6465    
    38.54145       -119.5271    
    38.59518       -119.4074    
    38.64878       -119.2876    
    38.70226       -119.1675    
    38.75562       -119.0473    

    36.50161       -124.0098    
    36.55988       -123.8971    
    36.61805       -123.7841    
    36.67611       -123.6710    
    36.73406       -123.5577    
    36.79189       -123.4442    
    36.84961       -123.3306    
    36.90721       -123.2167    
    36.96469       -123.1027    
    37.02208       -122.9885    
    37.07934       -122.8741    
    37.13649       -122.7595    
    37.19352       -122.6447    
    37.25044       -122.5298    
    37.30724       -122.4146    
    37.36393       -122.2993    
    37.42050       -122.1838    
    37.47696       -122.0681    
    37.53330       -121.9522    
    37.58951       -121.8362    
    37.64562       -121.7199    
    37.70160       -121.6035    
    37.75747       -121.4869    
    37.81322       -121.3701    
    37.86885       -121.2531    
    37.92436       -121.1360    
    37.97974       -121.0186    
    38.03502       -120.9011    
    38.09016       -120.7833    
    38.14519       -120.6654    
    38.20010       -120.5473    
    38.25488       -120.4290    
    38.30955       -120.3106    
    38.36409       -120.1920    
    38.41851       -120.0731    
    38.47281       -119.9541    
    38.52698       -119.8349    
    38.58102       -119.7155    
    38.63495       -119.5959    
    38.68875       -119.4762    
    38.74242       -119.3562    
    38.79597       -119.2361    
    38.84940       -119.1158    

    36.59216       -124.0825    
    36.65051       -123.9696    
    36.70875       -123.8566    
    36.76689       -123.7434    
    36.82491       -123.6300    
    36.88282       -123.5165    
    36.94061       -123.4027    
    36.99830       -123.2888    
    37.05586       -123.1747    
    37.11332       -123.0604    
    37.17066       -122.9459    
    37.22789       -122.8312    
    37.28500       -122.7164    
    37.34200       -122.6013    
    37.39888       -122.4861    
    37.45565       -122.3707    
    37.51229       -122.2551    
    37.56882       -122.1393    
    37.62524       -122.0233    
    37.68154       -121.9072    
    37.73772       -121.7908    
    37.79378       -121.6743    
    37.84972       -121.5576    
    37.90555       -121.4407    
    37.96125       -121.3236    
    38.01683       -121.2064    
    38.07230       -121.0889    
    38.12764       -120.9713    
    38.18287       -120.8534    
    38.23798       -120.7354    
    38.29296       -120.6172    
    38.34782       -120.4988    
    38.40255       -120.3803    
    38.45718       -120.2615    
    38.51167       -120.1426    
    38.56604       -120.0235    
    38.62029       -119.9041    
    38.67441       -119.7847    
    38.72840       -119.6650    
    38.78228       -119.5451    
    38.83604       -119.4250    
    38.88966       -119.3048    
    38.94316       -119.1844    

    36.68264       -124.1553    
    36.74108       -124.0424    
    36.79940       -123.9293    
    36.85762       -123.8160    
    36.91571       -123.7025    
    36.97370       -123.5889    
    37.03158       -123.4751    
    37.08934       -123.3611    
    37.14699       -123.2468    
    37.20452       -123.1324    
    37.26194       -123.0179    
    37.31925       -122.9031    
    37.37644       -122.7881    
    37.43351       -122.6730    
    37.49047       -122.5577    
    37.54731       -122.4422    
    37.60404       -122.3265    
    37.66065       -122.2106    
    37.71714       -122.0946    
    37.77351       -121.9783    
    37.82977       -121.8619    
    37.88591       -121.7453    
    37.94193       -121.6284    
    37.99783       -121.5114    
    38.05361       -121.3943    
    38.10927       -121.2769    
    38.16482       -121.1594    
    38.22024       -121.0416    
    38.27553       -120.9237    
    38.33072       -120.8056    
    38.38578       -120.6873    
    38.44071       -120.5688    
    38.49553       -120.4501    
    38.55022       -120.3313    
    38.60479       -120.2122    
    38.65923       -120.0930    
    38.71356       -119.9736    
    38.76775       -119.8540    
    38.82183       -119.7342    
    38.87578       -119.6142    
    38.92960       -119.4940    
    38.98330       -119.3737    
    39.03688       -119.2532    

    36.77311       -124.2283    
    36.83162       -124.1154    
    36.89002       -124.0022    
    36.94831       -123.8888    
    37.00650       -123.7752    
    37.06456       -123.6615    
    37.12251       -123.5476    
    37.18035       -123.4335    
    37.23808       -123.3192    
    37.29569       -123.2047    
    37.35319       -123.0900    
    37.41058       -122.9752    
    37.46783       -122.8601    
    37.52499       -122.7449    
    37.58203       -122.6295    
    37.63895       -122.5139    
    37.69575       -122.3981    
    37.75244       -122.2822    
    37.80901       -122.1660    
    37.86546       -122.0497    
    37.92179       -121.9331    
    37.97800       -121.8164    
    38.03410       -121.6995    
    38.09008       -121.5824    
    38.14594       -121.4651    
    38.20168       -121.3477    
    38.25729       -121.2300    
    38.31280       -121.1122    
    38.36817       -120.9942    
    38.42343       -120.8759    
    38.47856       -120.7575    
    38.53357       -120.6390    
    38.58846       -120.5202    
    38.64323       -120.4012    
    38.69787       -120.2821    
    38.75239       -120.1628    
    38.80679       -120.0432    
    38.86106       -119.9235    
    38.91521       -119.8036    
    38.96923       -119.6835    
    39.02313       -119.5633    
    39.07691       -119.4428    
    39.13055       -119.3222    

    36.86351       -124.3015    
    36.92211       -124.1885    
    36.98059       -124.0752    
    37.03896       -123.9618    
    37.09722       -123.8481    
    37.15536       -123.7343    
    37.21340       -123.6203    
    37.27132       -123.5061    
    37.32913       -123.3917    
    37.38681       -123.2771    
    37.44439       -123.1624    
    37.50185       -123.0475    
    37.55919       -122.9323    
    37.61642       -122.8170    
    37.67354       -122.7015    
    37.73055       -122.5858    
    37.78742       -122.4699    
    37.84418       -122.3539    
    37.90083       -122.2376    
    37.95736       -122.1212    
    38.01376       -122.0045    
    38.07006       -121.8877    
    38.12623       -121.7708    
    38.18229       -121.6536    
    38.23822       -121.5362    
    38.29403       -121.4186    
    38.34973       -121.3009    
    38.40530       -121.1829    
    38.46076       -121.0648    
    38.51609       -120.9465    
    38.57130       -120.8280    
    38.62638       -120.7093    
    38.68134       -120.5904    
    38.73619       -120.4714    
    38.79091       -120.3521    
    38.84550       -120.2327    
    38.89997       -120.1130    
    38.95433       -119.9932    
    39.00855       -119.8732    
    39.06264       -119.7531    
    39.11662       -119.6327    
    39.17047       -119.5121    
    39.22419       -119.3913    

    36.95389       -124.3750    
    37.01257       -124.2618    
    37.07114       -124.1484    
    37.12958       -124.0349    
    37.18792       -123.9212    
    37.24614       -123.8073    
    37.30425       -123.6932    
    37.36225       -123.5789    
    37.42013       -123.4644    
    37.47790       -123.3498    
    37.53555       -123.2349    
    37.59309       -123.1199    
    37.65052       -123.0047    
    37.70783       -122.8893    
    37.76502       -122.7737    
    37.82209       -122.6579    
    37.87906       -122.5419    
    37.93589       -122.4258    
    37.99261       -122.3094    
    38.04923       -122.1929    
    38.10571       -122.0762    
    38.16208       -121.9593    
    38.21833       -121.8422    
    38.27446       -121.7249    
    38.33047       -121.6074    
    38.38636       -121.4897    
    38.44213       -121.3719    
    38.49778       -121.2539    
    38.55331       -121.1357    
    38.60872       -121.0172    
    38.66400       -120.8986    
    38.71916       -120.7798    
    38.77420       -120.6609    
    38.82912       -120.5417    
    38.88391       -120.4223    
    38.93858       -120.3028    
    38.99313       -120.1830    
    39.04756       -120.0631    
    39.10185       -119.9430    
    39.15602       -119.8227    
    39.21007       -119.7022    
    39.26399       -119.5816    
    39.31779       -119.4607    

    37.04423       -124.4485    
    37.10298       -124.3353    
    37.16163       -124.2219    
    37.22016       -124.1082    
    37.27858       -123.9944    
    37.33688       -123.8804    
    37.39506       -123.7663    
    37.45314       -123.6519    
    37.51110       -123.5373    
    37.56895       -123.4226    
    37.62668       -123.3076    
    37.68430       -123.1925    
    37.74180       -123.0772    
    37.79919       -122.9617    
    37.85646       -122.8460    
    37.91361       -122.7302    
    37.97065       -122.6141    
    38.02756       -122.4979    
    38.08437       -122.3814    
    38.14105       -122.2648    
    38.19761       -122.1480    
    38.25405       -122.0310    
    38.31038       -121.9138    
    38.36659       -121.7964    
    38.42268       -121.6788    
    38.47864       -121.5611    
    38.53449       -121.4431    
    38.59021       -121.3250    
    38.64582       -121.2067    
    38.70131       -121.0881    
    38.75666       -120.9695    
    38.81190       -120.8506    
    38.86701       -120.7315    
    38.92200       -120.6122    
    38.97688       -120.4927    
    39.03163       -120.3731    
    39.08624       -120.2533    
    39.14074       -120.1332    
    39.19511       -120.0130    
    39.24936       -119.8926    
    39.30349       -119.7720    
    39.35748       -119.6512    
    39.41135       -119.5302    

    37.13452       -124.5223    
    37.19336       -124.4090    
    37.25207       -124.2955    
    37.31068       -124.1818    
    37.36917       -124.0679    
    37.42756       -123.9538    
    37.48583       -123.8395    
    37.54399       -123.7251    
    37.60202       -123.6104    
    37.65995       -123.4956    
    37.71776       -123.3806    
    37.77546       -123.2654    
    37.83304       -123.1500    
    37.89050       -123.0344    
    37.94784       -122.9186    
    38.00508       -122.8026    
    38.06219       -122.6865    
    38.11918       -122.5701    
    38.17606       -122.4536    
    38.23282       -122.3369    
    38.28947       -122.2200    
    38.34599       -122.1029    
    38.40239       -121.9856    
    38.45867       -121.8681    
    38.51484       -121.7504    
    38.57088       -121.6326    
    38.62680       -121.5145    
    38.68261       -121.3963    
    38.73829       -121.2779    
    38.79384       -121.1592    
    38.84928       -121.0404    
    38.90459       -120.9214    
    38.95979       -120.8023    
    39.01485       -120.6829    
    39.06980       -120.5633    
    39.12461       -120.4436    
    39.17931       -120.3236    
    39.23388       -120.2035    
    39.28833       -120.0832    
    39.34265       -119.9627    
    39.39685       -119.8419    
    39.45092       -119.7211    
    39.50486       -119.6000    

    37.22478       -124.5963    
    37.28368       -124.4829    
    37.34249       -124.3693    
    37.40118       -124.2555    
    37.45975       -124.1415    
    37.51821       -124.0273    
    37.57656       -123.9130    
    37.63479       -123.7984    
    37.69291       -123.6837    
    37.75091       -123.5688    
    37.80880       -123.4537    
    37.86658       -123.3384    
    37.92423       -123.2229    
    37.98178       -123.1072    
    38.03920       -122.9913    
    38.09651       -122.8753    
    38.15370       -122.7590    
    38.21077       -122.6426    
    38.26773       -122.5260    
    38.32457       -122.4091    
    38.38128       -122.2921    
    38.43789       -122.1750    
    38.49436       -122.0576    
    38.55072       -121.9400    
    38.60696       -121.8222    
    38.66308       -121.7043    
    38.71908       -121.5862    
    38.77496       -121.4678    
    38.83072       -121.3493    
    38.88635       -121.2306    
    38.94186       -121.1117    
    38.99725       -120.9926    
    39.05252       -120.8733    
    39.10766       -120.7538    
    39.16268       -120.6341    
    39.21758       -120.5143    
    39.27235       -120.3942    
    39.32699       -120.2740    
    39.38151       -120.1535    
    39.43591       -120.0329    
    39.49018       -119.9121    
    39.54433       -119.7911    
    39.59834       -119.6699    

    37.31499       -124.6704    
    37.37398       -124.5569    
    37.43285       -124.4432    
    37.49162       -124.3294    
    37.55027       -124.2153    
    37.60881       -124.1011    
    37.66724       -123.9866    
    37.72555       -123.8720    
    37.78374       -123.7572    
    37.84182       -123.6422    
    37.89980       -123.5270    
    37.95765       -123.4116    
    38.01538       -123.2960    
    38.07300       -123.1802    
    38.13050       -123.0643    
    38.18790       -122.9481    
    38.24516       -122.8318    
    38.30231       -122.7153    
    38.35934       -122.5985    
    38.41626       -122.4816    
    38.47306       -122.3645    
    38.52973       -122.2472    
    38.58629       -122.1298    
    38.64272       -122.0121    
    38.69904       -121.8942    
    38.75523       -121.7762    
    38.81131       -121.6579    
    38.86726       -121.5395    
    38.92310       -121.4209    
    38.97881       -121.3020    
    39.03439       -121.1830    
    39.08986       -121.0638    
    39.14520       -120.9445    
    39.20042       -120.8249    
    39.25551       -120.7051    
    39.31048       -120.5851    
    39.36533       -120.4650    
    39.42005       -120.3446    
    39.47465       -120.2241    
    39.52911       -120.1034    
    39.58346       -119.9825    
    39.63769       -119.8613    
    39.69178       -119.7400    

    37.40515       -124.7448    
    37.46423       -124.6312    
    37.52318       -124.5174    
    37.58202       -124.4035    
    37.64076       -124.2893    
    37.69938       -124.1750    
    37.75788       -124.0605    
    37.81627       -123.9457    
    37.87455       -123.8308    
    37.93271       -123.7157    
    37.99076       -123.6005    
    38.04868       -123.4850    
    38.10650       -123.3693    
    38.16419       -123.2534    
    38.22177       -123.1374    
    38.27923       -123.0211    
    38.33659       -122.9047    
    38.39381       -122.7881    
    38.45092       -122.6713    
    38.50792       -122.5543    
    38.56479       -122.4371    
    38.62154       -122.3197    
    38.67817       -122.2021    
    38.73468       -122.0844    
    38.79108       -121.9664    
    38.84735       -121.8482    
    38.90350       -121.7299    
    38.95953       -121.6114    
    39.01544       -121.4926    
    39.07122       -121.3737    
    39.12689       -121.2546    
    39.18243       -121.1353    
    39.23785       -121.0158    
    39.29315       -120.8961    
    39.34831       -120.7763    
    39.40337       -120.6562    
    39.45827       -120.5359    
    39.51307       -120.4155    
    39.56775       -120.2948    
    39.62229       -120.1740    
    39.67671       -120.0530    
    39.73100       -119.9318    
    39.78518       -119.8103    

    37.49527       -124.8193    
    37.55442       -124.7056    
    37.61346       -124.5918    
    37.67239       -124.4777    
    37.73120       -124.3635    
    37.78989       -124.2491    
    37.84847       -124.1345    
    37.90695       -124.0197    
    37.96530       -123.9047    
    38.02354       -123.7895    
    38.08166       -123.6741    
    38.13967       -123.5586    
    38.19756       -123.4428    
    38.25533       -123.3268    
    38.31300       -123.2107    
    38.37054       -123.0944    
    38.42796       -122.9778    
    38.48527       -122.8611    
    38.54246       -122.7442    
    38.59952       -122.6271    
    38.65648       -122.5099    
    38.71330       -122.3924    
    38.77001       -122.2747    
    38.82661       -122.1568    
    38.88307       -122.0388    
    38.93942       -121.9205    
    38.99564       -121.8021    
    39.05175       -121.6834    
    39.10774       -121.5646    
    39.16360       -121.4456    
    39.21934       -121.3264    
    39.27496       -121.2070    
    39.33045       -121.0874    
    39.38582       -120.9676    
    39.44107       -120.8476    
    39.49619       -120.7274    
    39.55119       -120.6071    
    39.60605       -120.4865    
    39.66079       -120.3658    
    39.71542       -120.2448    
    39.76991       -120.1237    
    39.82428       -120.0023    
    39.87852       -119.8808    

