    33.20137       -121.4237    
    33.25672       -121.3140    
    33.31197       -121.2041    
    33.36710       -121.0941    
    33.42213       -120.9839    
    33.47705       -120.8735    
    33.53186       -120.7629    
    33.58656       -120.6522    
    33.64116       -120.5413    
    33.69564       -120.4303    
    33.75002       -120.3191    
    33.80428       -120.2077    
    33.85843       -120.0962    
    33.91248       -119.9845    
    33.96642       -119.8727    
    34.02023       -119.7607    
    34.07393       -119.6485    
    34.12753       -119.5362    
    34.18102       -119.4236    
    34.23439       -119.3110    
    34.28765       -119.1982    
    34.34080       -119.0851    
    34.39383       -118.9720    
    34.44674       -118.8587    
    34.49955       -118.7452    
    34.55223       -118.6316    
    34.60481       -118.5177    
    34.65726       -118.4038    
    34.70960       -118.2896    
    34.76183       -118.1754    
    34.81394       -118.0609    
    34.86594       -117.9463    
    34.91782       -117.8315    
    34.96957       -117.7165    
    35.02121       -117.6014    
    35.07273       -117.4861    
    35.12414       -117.3707    
    35.17543       -117.2551    
    35.22659       -117.1393    
    35.27764       -117.0234    
    35.32856       -116.9073    
    35.37938       -116.7911    

    33.29311       -121.4901    
    33.34854       -121.3802    
    33.40385       -121.2702    
    33.45908       -121.1601    
    33.51418       -121.0498    
    33.56918       -120.9393    
    33.62407       -120.8287    
    33.67885       -120.7179    
    33.73352       -120.6069    
    33.78809       -120.4958    
    33.84253       -120.3845    
    33.89687       -120.2731    
    33.95110       -120.1614    
    34.00522       -120.0497    
    34.05923       -119.9377    
    34.11312       -119.8256    
    34.16692       -119.7133    
    34.22058       -119.6009    
    34.27414       -119.4883    
    34.32760       -119.3755    
    34.38094       -119.2626    
    34.43415       -119.1495    
    34.48726       -119.0363    
    34.54025       -118.9229    
    34.59313       -118.8093    
    34.64589       -118.6955    
    34.69854       -118.5816    
    34.75107       -118.4676    
    34.80349       -118.3533    
    34.85579       -118.2389    
    34.90797       -118.1244    
    34.96004       -118.0096    
    35.01199       -117.8947    
    35.06382       -117.7797    
    35.11554       -117.6645    
    35.16714       -117.5491    
    35.21861       -117.4336    
    35.26997       -117.3178    
    35.32121       -117.2020    
    35.37233       -117.0860    
    35.42333       -116.9698    
    35.47421       -116.8534    

    33.38482       -121.5565    
    33.44032       -121.4466    
    33.49573       -121.3365    
    33.55102       -121.2263    
    33.60620       -121.1159    
    33.66127       -121.0053    
    33.71625       -120.8946    
    33.77110       -120.7837    
    33.82586       -120.6727    
    33.88049       -120.5615    
    33.93502       -120.4501    
    33.98944       -120.3385    
    34.04375       -120.2268    
    34.09794       -120.1150    
    34.15203       -120.0029    
    34.20600       -119.8907    
    34.25986       -119.7784    
    34.31361       -119.6658    
    34.36724       -119.5531    
    34.42077       -119.4403    
    34.47418       -119.3273    
    34.52748       -119.2141    
    34.58066       -119.1007    
    34.63373       -118.9872    
    34.68668       -118.8735    
    34.73952       -118.7597    
    34.79225       -118.6457    
    34.84485       -118.5315    
    34.89734       -118.4172    
    34.94971       -118.3027    
    35.00197       -118.1880    
    35.05412       -118.0732    
    35.10614       -117.9582    
    35.15805       -117.8430    
    35.20984       -117.7277    
    35.26150       -117.6122    
    35.31306       -117.4966    
    35.36449       -117.3808    
    35.41580       -117.2648    
    35.46700       -117.1487    
    35.51807       -117.0323    
    35.56903       -116.9159    

    33.47651       -121.6231    
    33.53209       -121.5131    
    33.58757       -121.4030    
    33.64294       -121.2927    
    33.69820       -121.1822    
    33.75336       -121.0715    
    33.80840       -120.9607    
    33.86333       -120.8497    
    33.91816       -120.7386    
    33.97288       -120.6273    
    34.02749       -120.5158    
    34.08198       -120.4042    
    34.13636       -120.2924    
    34.19064       -120.1804    
    34.24480       -120.0683    
    34.29885       -119.9560    
    34.35279       -119.8435    
    34.40661       -119.7309    
    34.46032       -119.6181    
    34.51393       -119.5052    
    34.56741       -119.3921    
    34.62078       -119.2788    
    34.67405       -119.1653    
    34.72719       -119.0517    
    34.78021       -118.9379    
    34.83313       -118.8240    
    34.88593       -118.7099    
    34.93861       -118.5956    
    34.99117       -118.4812    
    35.04363       -118.3666    
    35.09595       -118.2518    
    35.14817       -118.1369    
    35.20027       -118.0218    
    35.25226       -117.9065    
    35.30412       -117.7911    
    35.35586       -117.6755    
    35.40749       -117.5598    
    35.45899       -117.4438    
    35.51038       -117.3278    
    35.56165       -117.2115    
    35.61279       -117.0951    
    35.66381       -116.9785    

    33.56816       -121.6899    
    33.62383       -121.5798    
    33.67939       -121.4696    
    33.73483       -121.3592    
    33.79017       -121.2486    
    33.84541       -121.1379    
    33.90052       -121.0270    
    33.95554       -120.9159    
    34.01045       -120.8047    
    34.06524       -120.6933    
    34.11992       -120.5817    
    34.17450       -120.4700    
    34.22895       -120.3581    
    34.28330       -120.2461    
    34.33754       -120.1338    
    34.39167       -120.0215    
    34.44568       -119.9089    
    34.49958       -119.7962    
    34.55337       -119.6833    
    34.60705       -119.5703    
    34.66061       -119.4570    
    34.71405       -119.3437    
    34.76740       -119.2301    
    34.82061       -119.1164    
    34.87371       -119.0025    
    34.92670       -118.8885    
    34.97958       -118.7743    
    35.03234       -118.6599    
    35.08497       -118.5453    
    35.13750       -118.4307    
    35.18991       -118.3158    
    35.24219       -118.2007    
    35.29437       -118.0856    
    35.34642       -117.9702    
    35.39837       -117.8547    
    35.45018       -117.7390    
    35.50187       -117.6231    
    35.55346       -117.5071    
    35.60492       -117.3909    
    35.65627       -117.2745    
    35.70748       -117.1580    
    35.75858       -117.0414    

    33.65981       -121.7569    
    33.71555       -121.6467    
    33.77118       -121.5364    
    33.82671       -121.4259    
    33.88213       -121.3152    
    33.93744       -121.2044    
    33.99263       -121.0934    
    34.04773       -120.9823    
    34.10271       -120.8709    
    34.15757       -120.7595    
    34.21234       -120.6478    
    34.26698       -120.5360    
    34.32152       -120.4240    
    34.37595       -120.3119    
    34.43027       -120.1995    
    34.48447       -120.0871    
    34.53856       -119.9744    
    34.59254       -119.8616    
    34.64640       -119.7486    
    34.70016       -119.6355    
    34.75379       -119.5222    
    34.80732       -119.4087    
    34.86073       -119.2950    
    34.91402       -119.1812    
    34.96720       -119.0673    
    35.02026       -118.9531    
    35.07322       -118.8388    
    35.12605       -118.7243    
    35.17876       -118.6097    
    35.23136       -118.4949    
    35.28384       -118.3799    
    35.33620       -118.2648    
    35.38845       -118.1495    
    35.44058       -118.0340    
    35.49260       -117.9184    
    35.54449       -117.8026    
    35.59626       -117.6866    
    35.64791       -117.5705    
    35.69944       -117.4542    
    35.75086       -117.3377    
    35.80215       -117.2211    
    35.85332       -117.1043    

    33.75141       -121.8240    
    33.80723       -121.7137    
    33.86294       -121.6033    
    33.91854       -121.4927    
    33.97404       -121.3820    
    34.02943       -121.2711    
    34.08470       -121.1600    
    34.13987       -121.0488    
    34.19493       -120.9373    
    34.24988       -120.8258    
    34.30472       -120.7140    
    34.35945       -120.6021    
    34.41406       -120.4901    
    34.46857       -120.3778    
    34.52296       -120.2654    
    34.57724       -120.1528    
    34.63140       -120.0401    
    34.68546       -119.9272    
    34.73940       -119.8141    
    34.79323       -119.7009    
    34.84694       -119.5875    
    34.90055       -119.4739    
    34.95403       -119.3601    
    35.00739       -119.2462    
    35.06065       -119.1322    
    35.11378       -119.0179    
    35.16681       -118.9035    
    35.21972       -118.7889    
    35.27251       -118.6742    
    35.32519       -118.5593    
    35.37774       -118.4442    
    35.43018       -118.3290    
    35.48250       -118.2136    
    35.53471       -118.0980    
    35.58680       -117.9823    
    35.63876       -117.8664    
    35.69061       -117.7503    
    35.74233       -117.6341    
    35.79394       -117.5177    
    35.84542       -117.4011    
    35.89679       -117.2844    
    35.94803       -117.1675    

    33.84299       -121.8913    
    33.89890       -121.7809    
    33.95469       -121.6704    
    34.01037       -121.5598    
    34.06594       -121.4489    
    34.12140       -121.3379    
    34.17676       -121.2268    
    34.23201       -121.1154    
    34.28714       -121.0039    
    34.34217       -120.8923    
    34.39708       -120.7804    
    34.45189       -120.6684    
    34.50658       -120.5563    
    34.56116       -120.4439    
    34.61563       -120.3314    
    34.66999       -120.2188    
    34.72423       -120.1059    
    34.77836       -119.9929    
    34.83237       -119.8798    
    34.88628       -119.7664    
    34.94007       -119.6529    
    34.99375       -119.5392    
    35.04731       -119.4254    
    35.10076       -119.3114    
    35.15408       -119.1972    
    35.20729       -119.0829    
    35.26040       -118.9684    
    35.31338       -118.8537    
    35.36625       -118.7389    
    35.41899       -118.6239    
    35.47162       -118.5087    
    35.52414       -118.3934    
    35.57653       -118.2779    
    35.62881       -118.1622    
    35.68097       -118.0463    
    35.73301       -117.9303    
    35.78493       -117.8141    
    35.83673       -117.6978    
    35.88841       -117.5813    
    35.93997       -117.4646    
    35.99141       -117.3478    
    36.04273       -117.2308    

    33.93455       -121.9587    
    33.99052       -121.8483    
    34.04639       -121.7377    
    34.10216       -121.6270    
    34.15781       -121.5160    
    34.21335       -121.4049    
    34.26878       -121.2937    
    34.32410       -121.1823    
    34.37931       -121.0707    
    34.43442       -120.9589    
    34.48941       -120.8470    
    34.54430       -120.7349    
    34.59906       -120.6227    
    34.65372       -120.5102    
    34.70827       -120.3976    
    34.76270       -120.2849    
    34.81702       -120.1719    
    34.87122       -120.0588    
    34.92532       -119.9456    
    34.97930       -119.8322    
    35.03317       -119.7185    
    35.08692       -119.6048    
    35.14056       -119.4908    
    35.19408       -119.3767    
    35.24748       -119.2625    
    35.30077       -119.1480    
    35.35394       -119.0334    
    35.40701       -118.9187    
    35.45995       -118.8037    
    35.51277       -118.6886    
    35.56547       -118.5733    
    35.61806       -118.4579    
    35.67053       -118.3423    
    35.72289       -118.2265    
    35.77512       -118.1106    
    35.82722       -117.9944    
    35.87922       -117.8782    
    35.93110       -117.7617    
    35.98285       -117.6451    
    36.03449       -117.5283    
    36.08599       -117.4114    
    36.13739       -117.2943    

    34.02608       -122.0263    
    34.08213       -121.9158    
    34.13808       -121.8051    
    34.19392       -121.6943    
    34.24965       -121.5833    
    34.30527       -121.4721    
    34.36079       -121.3608    
    34.41619       -121.2493    
    34.47148       -121.1376    
    34.52666       -121.0258    
    34.58172       -120.9137    
    34.63668       -120.8015    
    34.69153       -120.6892    
    34.74626       -120.5767    
    34.80088       -120.4640    
    34.85539       -120.3511    
    34.90979       -120.2381    
    34.96407       -120.1249    
    35.01825       -120.0116    
    35.07230       -119.8980    
    35.12625       -119.7844    
    35.18007       -119.6705    
    35.23378       -119.5565    
    35.28738       -119.4423    
    35.34086       -119.3279    
    35.39423       -119.2133    
    35.44748       -119.0986    
    35.50061       -118.9838    
    35.55362       -118.8687    
    35.60652       -118.7535    
    35.65930       -118.6382    
    35.71196       -118.5226    
    35.76451       -118.4069    
    35.81694       -118.2910    
    35.86924       -118.1750    
    35.92142       -118.0587    
    35.97350       -117.9424    
    36.02545       -117.8258    
    36.07728       -117.7091    
    36.12898       -117.5922    
    36.18057       -117.4751    
    36.23203       -117.3579    

    34.11757       -122.0941    
    34.17371       -121.9835    
    34.22973       -121.8728    
    34.28565       -121.7618    
    34.34146       -121.6508    
    34.39716       -121.5395    
    34.45275       -121.4280    
    34.50822       -121.3165    
    34.56359       -121.2047    
    34.61885       -121.0927    
    34.67400       -120.9807    
    34.72904       -120.8684    
    34.78396       -120.7559    
    34.83876       -120.6433    
    34.89347       -120.5305    
    34.94806       -120.4176    
    35.00253       -120.3045    
    35.05688       -120.1912    
    35.11114       -120.0777    
    35.16527       -119.9641    
    35.21928       -119.8503    
    35.27319       -119.7364    
    35.32698       -119.6222    
    35.38065       -119.5079    
    35.43421       -119.3935    
    35.48765       -119.2788    
    35.54097       -119.1640    
    35.59417       -119.0490    
    35.64727       -118.9339    
    35.70024       -118.8186    
    35.75309       -118.7031    
    35.80584       -118.5875    
    35.85846       -118.4716    
    35.91096       -118.3557    
    35.96334       -118.2395    
    36.01560       -118.1232    
    36.06774       -118.0067    
    36.11976       -117.8900    
    36.17166       -117.7732    
    36.22345       -117.6562    
    36.27510       -117.5390    
    36.32664       -117.4217    

    34.20905       -122.1621    
    34.26525       -122.0514    
    34.32136       -121.9406    
    34.37736       -121.8295    
    34.43325       -121.7184    
    34.48903       -121.6070    
    34.54469       -121.4955    
    34.60024       -121.3838    
    34.65569       -121.2719    
    34.71103       -121.1599    
    34.76625       -121.0477    
    34.82137       -120.9354    
    34.87637       -120.8228    
    34.93125       -120.7101    
    34.98603       -120.5972    
    35.04069       -120.4842    
    35.09525       -120.3710    
    35.14968       -120.2576    
    35.20400       -120.1441    
    35.25821       -120.0303    
    35.31231       -119.9164    
    35.36628       -119.8024    
    35.42015       -119.6882    
    35.47390       -119.5738    
    35.52753       -119.4592    
    35.58105       -119.3445    
    35.63445       -119.2296    
    35.68773       -119.1145    
    35.74089       -118.9992    
    35.79395       -118.8839    
    35.84687       -118.7682    
    35.89968       -118.6525    
    35.95238       -118.5366    
    36.00495       -118.4205    
    36.05740       -118.3042    
    36.10975       -118.1878    
    36.16196       -118.0712    
    36.21406       -117.9544    
    36.26603       -117.8375    
    36.31788       -117.7204    
    36.36962       -117.6031    
    36.42123       -117.4857    

    34.30050       -122.2302    
    34.35679       -122.1194    
    34.41297       -122.0085    
    34.46904       -121.8974    
    34.52500       -121.7861    
    34.58086       -121.6747    
    34.63660       -121.5631    
    34.69224       -121.4513    
    34.74777       -121.3394    
    34.80317       -121.2272    
    34.85848       -121.1150    
    34.91367       -121.0025    
    34.96874       -120.8899    
    35.02371       -120.7771    
    35.07857       -120.6641    
    35.13330       -120.5510    
    35.18793       -120.4377    
    35.24244       -120.3242    
    35.29684       -120.2106    
    35.35113       -120.0967    
    35.40530       -119.9828    
    35.45936       -119.8686    
    35.51329       -119.7543    
    35.56712       -119.6398    
    35.62082       -119.5251    
    35.67442       -119.4103    
    35.72789       -119.2953    
    35.78125       -119.1801    
    35.83449       -119.0648    
    35.88761       -118.9492    
    35.94062       -118.8336    
    35.99351       -118.7177    
    36.04627       -118.6017    
    36.09892       -118.4855    
    36.15145       -118.3691    
    36.20387       -118.2526    
    36.25615       -118.1359    
    36.30832       -118.0190    
    36.36037       -117.9020    
    36.41230       -117.7848    
    36.46410       -117.6674    
    36.51579       -117.5498    

    34.39191       -122.2985    
    34.44827       -122.1876    
    34.50453       -122.0766    
    34.56069       -121.9654    
    34.61673       -121.8541    
    34.67266       -121.7426    
    34.72848       -121.6309    
    34.78419       -121.5190    
    34.83980       -121.4070    
    34.89529       -121.2947    
    34.95066       -121.1824    
    35.00594       -121.0698    
    35.06109       -120.9571    
    35.11613       -120.8442    
    35.17106       -120.7312    
    35.22588       -120.6179    
    35.28058       -120.5045    
    35.33517       -120.3910    
    35.38964       -120.2772    
    35.44401       -120.1633    
    35.49826       -120.0492    
    35.55239       -119.9350    
    35.60640       -119.8206    
    35.66031       -119.7060    
    35.71408       -119.5912    
    35.76776       -119.4763    
    35.82130       -119.3612    
    35.87474       -119.2459    
    35.92806       -119.1304    
    35.98125       -119.0148    
    36.03433       -118.8990    
    36.08729       -118.7831    
    36.14013       -118.6670    
    36.19286       -118.5507    
    36.24546       -118.4342    
    36.29795       -118.3176    
    36.35031       -118.2007    
    36.40256       -118.0838    
    36.45468       -117.9666    
    36.50667       -117.8493    
    36.55856       -117.7318    
    36.61031       -117.6142    

    34.48329       -122.3669    
    34.53974       -122.2560    
    34.59608       -122.1449    
    34.65231       -122.0336    
    34.70843       -121.9222    
    34.76444       -121.8106    
    34.82034       -121.6988    
    34.87613       -121.5869    
    34.93181       -121.4747    
    34.98738       -121.3624    
    35.04283       -121.2499    
    35.09818       -121.1373    
    35.15341       -121.0245    
    35.20853       -120.9115    
    35.26354       -120.7984    
    35.31843       -120.6851    
    35.37321       -120.5716    
    35.42788       -120.4579    
    35.48243       -120.3441    
    35.53687       -120.2300    
    35.59119       -120.1159    
    35.64539       -120.0015    
    35.69949       -119.8870    
    35.75347       -119.7723    
    35.80733       -119.6575    
    35.86107       -119.5424    
    35.91469       -119.4272    
    35.96820       -119.3119    
    36.02159       -119.1963    
    36.07486       -119.0806    
    36.12801       -118.9647    
    36.18105       -118.8486    
    36.23397       -118.7324    
    36.28677       -118.6160    
    36.33945       -118.4995    
    36.39201       -118.3827    
    36.44444       -118.2658    
    36.49675       -118.1487    
    36.54895       -118.0314    
    36.60103       -117.9140    
    36.65298       -117.7964    
    36.70481       -117.6786    

    34.57464       -122.4356    
    34.63117       -122.3246    
    34.68758       -122.2134    
    34.74389       -122.1020    
    34.80009       -121.9905    
    34.85618       -121.8788    
    34.91217       -121.7669    
    34.96803       -121.6549    
    35.02379       -121.5426    
    35.07943       -121.4303    
    35.13497       -121.3177    
    35.19039       -121.2050    
    35.24569       -121.0921    
    35.30089       -120.9790    
    35.35598       -120.8658    
    35.41094       -120.7523    
    35.46580       -120.6388    
    35.52055       -120.5250    
    35.57518       -120.4111    
    35.62969       -120.2970    
    35.68409       -120.1827    
    35.73837       -120.0682    
    35.79254       -119.9536    
    35.84659       -119.8388    
    35.90052       -119.7239    
    35.95435       -119.6088    
    36.00805       -119.4934    
    36.06163       -119.3780    
    36.11510       -119.2623    
    36.16845       -119.1465    
    36.22167       -119.0305    
    36.27478       -118.9144    
    36.32777       -118.7980    
    36.38065       -118.6815    
    36.43340       -118.5648    
    36.48603       -118.4480    
    36.53854       -118.3310    
    36.59093       -118.2138    
    36.64320       -118.0964    
    36.69535       -117.9789    
    36.74738       -117.8612    
    36.79929       -117.7433    

    34.66597       -122.5044    
    34.72258       -122.3933    
    34.77907       -122.2820    
    34.83546       -122.1706    
    34.89173       -122.0589    
    34.94790       -121.9471    
    35.00396       -121.8352    
    35.05990       -121.7231    
    35.11575       -121.6107    
    35.17146       -121.4983    
    35.22708       -121.3856    
    35.28257       -121.2728    
    35.33796       -121.1598    
    35.39324       -121.0467    
    35.44839       -120.9333    
    35.50344       -120.8198    
    35.55837       -120.7061    
    35.61319       -120.5923    
    35.66789       -120.4782    
    35.72250       -120.3640    
    35.77697       -120.2497    
    35.83133       -120.1351    
    35.88557       -120.0204    
    35.93970       -119.9055    
    35.99371       -119.7905    
    36.04760       -119.6753    
    36.10137       -119.5598    
    36.15503       -119.4443    
    36.20858       -119.3285    
    36.26200       -119.2126    
    36.31530       -119.0965    
    36.36848       -118.9803    
    36.42155       -118.8638    
    36.47451       -118.7472    
    36.52732       -118.6304    
    36.58004       -118.5135    
    36.63263       -118.3963    
    36.68509       -118.2791    
    36.73743       -118.1616    
    36.78966       -118.0439    
    36.84175       -117.9261    
    36.89373       -117.8081    

    34.75726       -122.5733    
    34.81395       -122.4622    
    34.87051       -122.3508    
    34.92698       -122.2393    
    34.98333       -122.1276    
    35.03958       -122.0157    
    35.09572       -121.9037    
    35.15174       -121.7914    
    35.20765       -121.6790    
    35.26345       -121.5665    
    35.31915       -121.4537    
    35.37472       -121.3408    
    35.43018       -121.2277    
    35.48553       -121.1145    
    35.54077       -121.0010    
    35.59590       -120.8875    
    35.65091       -120.7737    
    35.70580       -120.6597    
    35.76059       -120.5456    
    35.81525       -120.4313    
    35.86980       -120.3168    
    35.92424       -120.2022    
    35.97855       -120.0874    
    36.03276       -119.9724    
    36.08685       -119.8572    
    36.14082       -119.7419    
    36.19467       -119.6264    
    36.24841       -119.5107    
    36.30202       -119.3949    
    36.35552       -119.2789    
    36.40889       -119.1627    
    36.46216       -119.0463    
    36.51529       -118.9298    
    36.56833       -118.8130    
    36.62122       -118.6962    
    36.67401       -118.5791    
    36.72666       -118.4619    
    36.77921       -118.3445    
    36.83162       -118.2269    
    36.88391       -118.1092    
    36.93609       -117.9912    
    36.98814       -117.8731    

    34.84853       -122.6425    
    34.90529       -122.5312    
    34.96194       -122.4198    
    35.01849       -122.3082    
    35.07492       -122.1964    
    35.13124       -122.0844    
    35.18745       -121.9723    
    35.24356       -121.8600    
    35.29955       -121.7475    
    35.35542       -121.6348    
    35.41119       -121.5220    
    35.46684       -121.4090    
    35.52238       -121.2958    
    35.57781       -121.1825    
    35.63313       -121.0689    
    35.68833       -120.9553    
    35.74342       -120.8414    
    35.79839       -120.7274    
    35.85324       -120.6131    
    35.90799       -120.4987    
    35.96262       -120.3842    
    36.01713       -120.2694    
    36.07153       -120.1545    
    36.12581       -120.0395    
    36.17997       -119.9242    
    36.23401       -119.8088    
    36.28794       -119.6932    
    36.34175       -119.5774    
    36.39544       -119.4614    
    36.44901       -119.3453    
    36.50247       -119.2290    
    36.55581       -119.1125    
    36.60902       -118.9959    
    36.66212       -118.8791    
    36.71510       -118.7621    
    36.76794       -118.6449    
    36.82067       -118.5276    
    36.87329       -118.4101    
    36.92579       -118.2924    
    36.97816       -118.1746    
    37.03040       -118.0565    
    37.08252       -117.9383    

    34.93975       -122.7118    
    34.99659       -122.6005    
    35.05332       -122.4889    
    35.10994       -122.3772    
    35.16646       -122.2654    
    35.22285       -122.1533    
    35.27915       -122.0411    
    35.33533       -121.9287    
    35.39140       -121.8161    
    35.44735       -121.7033    
    35.50320       -121.5904    
    35.55893       -121.4773    
    35.61455       -121.3641    
    35.67006       -121.2506    
    35.72545       -121.1370    
    35.78073       -121.0232    
    35.83588       -120.9093    
    35.89094       -120.7951    
    35.94587       -120.6808    
    36.00069       -120.5663    
    36.05540       -120.4517    
    36.10999       -120.3369    
    36.16446       -120.2218    
    36.21881       -120.1067    
    36.27305       -119.9913    
    36.32716       -119.8758    
    36.38118       -119.7601    
    36.43506       -119.6442    
    36.48883       -119.5281    
    36.54247       -119.4119    
    36.59600       -119.2955    
    36.64941       -119.1790    
    36.70270       -119.0622    
    36.75587       -118.9453    
    36.80893       -118.8282    
    36.86185       -118.7109    
    36.91466       -118.5935    
    36.96735       -118.4759    
    37.01992       -118.3581    
    37.07236       -118.2401    
    37.12468       -118.1220    
    37.17687       -118.0037    

    35.03095       -122.7813    
    35.08787       -122.6699    
    35.14468       -122.5583    
    35.20138       -122.4465    
    35.25797       -122.3345    
    35.31446       -122.2224    
    35.37082       -122.1100    
    35.42708       -121.9976    
    35.48322       -121.8849    
    35.53926       -121.7721    
    35.59518       -121.6591    
    35.65099       -121.5459    
    35.70668       -121.4325    
    35.76228       -121.3190    
    35.81773       -121.2053    
    35.87309       -121.0914    
    35.92834       -120.9773    
    35.98346       -120.8631    
    36.03847       -120.7487    
    36.09337       -120.6341    
    36.14815       -120.5193    
    36.20281       -120.4044    
    36.25736       -120.2893    
    36.31179       -120.1740    
    36.36611       -120.0586    
    36.42030       -119.9430    
    36.47438       -119.8272    
    36.52834       -119.7112    
    36.58218       -119.5950    
    36.63591       -119.4787    
    36.68950       -119.3622    
    36.74299       -119.2455    
    36.79636       -119.1287    
    36.84961       -119.0117    
    36.90273       -118.8945    
    36.95573       -118.7771    
    37.00862       -118.6595    
    37.06138       -118.5418    
    37.11401       -118.4239    
    37.16654       -118.3058    
    37.21893       -118.1876    
    37.27120       -118.0692    

    35.12212       -122.8510    
    35.17912       -122.7394    
    35.23600       -122.6277    
    35.29278       -122.5159    
    35.34945       -122.4038    
    35.40601       -122.2916    
    35.46245       -122.1792    
    35.51879       -122.0666    
    35.57501       -121.9539    
    35.63113       -121.8409    
    35.68713       -121.7278    
    35.74302       -121.6146    
    35.79878       -121.5011    
    35.85445       -121.3875    
    35.90999       -121.2737    
    35.96543       -121.1597    
    36.02074       -121.0456    
    36.07595       -120.9312    
    36.13103       -120.8167    
    36.18600       -120.7021    
    36.24086       -120.5872    
    36.29560       -120.4722    
    36.35023       -120.3570    
    36.40474       -120.2416    
    36.45912       -120.1261    
    36.51340       -120.0103    
    36.56755       -119.8944    
    36.62159       -119.7784    
    36.67550       -119.6621    
    36.72931       -119.5457    
    36.78298       -119.4291    
    36.83654       -119.3123    
    36.88998       -119.1953    
    36.94331       -119.0782    
    36.99650       -118.9609    
    37.04958       -118.8434    
    37.10254       -118.7258    
    37.15536       -118.6079    
    37.20808       -118.4899    
    37.26068       -118.3718    
    37.31314       -118.2534    
    37.36549       -118.1349    

    35.21324       -122.9208    
    35.27032       -122.8092    
    35.32729       -122.6974    
    35.38416       -122.5854    
    35.44090       -122.4733    
    35.49753       -122.3610    
    35.55405       -122.2485    
    35.61048       -122.1358    
    35.66677       -122.0230    
    35.72297       -121.9100    
    35.77905       -121.7968    
    35.83501       -121.6834    
    35.89086       -121.5699    
    35.94660       -121.4562    
    36.00222       -121.3423    
    36.05774       -121.2282    
    36.11313       -121.1140    
    36.16841       -120.9996    
    36.22357       -120.8850    
    36.27861       -120.7702    
    36.33355       -120.6552    
    36.38837       -120.5401    
    36.44307       -120.4248    
    36.49765       -120.3094    
    36.55212       -120.1937    
    36.60646       -120.0779    
    36.66070       -119.9619    
    36.71481       -119.8457    
    36.76880       -119.7293    
    36.82267       -119.6128    
    36.87643       -119.4961    
    36.93007       -119.3792    
    36.98357       -119.2622    
    37.03697       -119.1449    
    37.09024       -119.0275    
    37.14340       -118.9099    
    37.19643       -118.7922    
    37.24934       -118.6743    
    37.30213       -118.5562    
    37.35479       -118.4379    
    37.40733       -118.3194    
    37.45975       -118.2007    

    35.30436       -122.9908    
    35.36151       -122.8791    
    35.41856       -122.7673    
    35.47549       -122.6552    
    35.53233       -122.5430    
    35.58903       -122.4306    
    35.64564       -122.3180    
    35.70213       -122.2053    
    35.75850       -122.0923    
    35.81478       -121.9792    
    35.87093       -121.8659    
    35.92697       -121.7525    
    35.98289       -121.6389    
    36.03871       -121.5251    
    36.09441       -121.4111    
    36.15001       -121.2969    
    36.20547       -121.1826    
    36.26083       -121.0681    
    36.31607       -120.9534    
    36.37119       -120.8385    
    36.42621       -120.7234    
    36.48110       -120.6082    
    36.53588       -120.4928    
    36.59053       -120.3773    
    36.64508       -120.2615    
    36.69950       -120.1456    
    36.75380       -120.0295    
    36.80799       -119.9132    
    36.86206       -119.7968    
    36.91601       -119.6801    
    36.96984       -119.5633    
    37.02355       -119.4464    
    37.07713       -119.3292    
    37.13061       -119.2119    
    37.18396       -119.0943    
    37.23718       -118.9767    
    37.29029       -118.8588    
    37.34327       -118.7407    
    37.39613       -118.6225    
    37.44888       -118.5041    
    37.50148       -118.3856    
    37.55398       -118.2668    

    35.39542       -123.0610    
    35.45265       -122.9492    
    35.50978       -122.8373    
    35.56679       -122.7252    
    35.62370       -122.6128    
    35.68049       -122.5003    
    35.73716       -122.3877    
    35.79374       -122.2748    
    35.85020       -122.1618    
    35.90654       -122.0486    
    35.96278       -121.9353    
    36.01890       -121.8217    
    36.07490       -121.7080    
    36.13079       -121.5941    
    36.18657       -121.4800    
    36.24223       -121.3658    
    36.29778       -121.2513    
    36.35321       -121.1367    
    36.40854       -121.0219    
    36.46373       -120.9070    
    36.51883       -120.7918    
    36.57380       -120.6765    
    36.62864       -120.5610    
    36.68338       -120.4454    
    36.73800       -120.3295    
    36.79250       -120.2135    
    36.84688       -120.0973    
    36.90114       -119.9809    
    36.95528       -119.8643    
    37.00931       -119.7476    
    37.06322       -119.6307    
    37.11700       -119.5136    
    37.17066       -119.3964    
    37.22421       -119.2789    
    37.27763       -119.1613    
    37.33094       -119.0435    
    37.38411       -118.9255    
    37.43717       -118.8074    
    37.49010       -118.6891    
    37.54292       -118.5706    
    37.59561       -118.4519    
    37.64817       -118.3330    

    35.48645       -123.1314    
    35.54377       -123.0195    
    35.60097       -122.9075    
    35.65807       -122.7953    
    35.71504       -122.6829    
    35.77192       -122.5703    
    35.82867       -122.4575    
    35.88532       -122.3446    
    35.94187       -122.2315    
    35.99829       -122.1182    
    36.05460       -122.0048    
    36.11079       -121.8911    
    36.16688       -121.7773    
    36.22285       -121.6633    
    36.27870       -121.5491    
    36.33444       -121.4348    
    36.39007       -121.3203    
    36.44558       -121.2056    
    36.50098       -121.0907    
    36.55625       -120.9756    
    36.61141       -120.8604    
    36.66646       -120.7450    
    36.72139       -120.6294    
    36.77620       -120.5136    
    36.83089       -120.3977    
    36.88547       -120.2816    
    36.93993       -120.1653    
    36.99426       -120.0488    
    37.04848       -119.9321    
    37.10258       -119.8153    
    37.15656       -119.6983    
    37.21043       -119.5811    
    37.26416       -119.4637    
    37.31778       -119.3462    
    37.37127       -119.2285    
    37.42465       -119.1106    
    37.47790       -118.9925    
    37.53103       -118.8742    
    37.58405       -118.7558    
    37.63693       -118.6372    
    37.68970       -118.5184    
    37.74234       -118.3994    

    35.57745       -123.2019    
    35.63484       -123.0900    
    35.69212       -122.9778    
    35.74929       -122.8655    
    35.80636       -122.7531    
    35.86331       -122.6404    
    35.92014       -122.5276    
    35.97687       -122.4146    
    36.03349       -122.3014    
    36.08998       -122.1880    
    36.14638       -122.0744    
    36.20265       -121.9607    
    36.25881       -121.8468    
    36.31485       -121.7327    
    36.37078       -121.6184    
    36.42661       -121.5040    
    36.48231       -121.3894    
    36.53790       -121.2746    
    36.59337       -121.1596    
    36.64872       -121.0445    
    36.70396       -120.9291    
    36.75908       -120.8136    
    36.81409       -120.6979    
    36.86897       -120.5821    
    36.92374       -120.4660    
    36.97840       -120.3498    
    37.03293       -120.2334    
    37.08735       -120.1168    
    37.14164       -120.0001    
    37.19581       -119.8831    
    37.24987       -119.7660    
    37.30381       -119.6487    
    37.35762       -119.5313    
    37.41132       -119.4136    
    37.46489       -119.2958    
    37.51833       -119.1778    
    37.57166       -119.0596    
    37.62487       -118.9412    
    37.67795       -118.8227    
    37.73091       -118.7040    
    37.78375       -118.5851    
    37.83646       -118.4660    

    35.66841       -123.2726    
    35.72589       -123.1606    
    35.78326       -123.0484    
    35.84050       -122.9360    
    35.89764       -122.8234    
    35.95466       -122.7107    
    36.01158       -122.5978    
    36.06839       -122.4846    
    36.12508       -122.3714    
    36.18166       -122.2579    
    36.23812       -122.1443    
    36.29448       -122.0305    
    36.35072       -121.9165    
    36.40684       -121.8023    
    36.46285       -121.6879    
    36.51875       -121.5734    
    36.57452       -121.4587    
    36.63019       -121.3438    
    36.68574       -121.2287    
    36.74117       -121.1135    
    36.79648       -120.9980    
    36.85169       -120.8824    
    36.90676       -120.7667    
    36.96173       -120.6507    
    37.01657       -120.5345    
    37.07130       -120.4182    
    37.12591       -120.3017    
    37.18040       -120.1851    
    37.23476       -120.0682    
    37.28902       -119.9512    
    37.34315       -119.8340    
    37.39716       -119.7166    
    37.45104       -119.5990    
    37.50482       -119.4812    
    37.55846       -119.3633    
    37.61199       -119.2452    
    37.66539       -119.1269    
    37.71867       -119.0084    
    37.77182       -118.8898    
    37.82486       -118.7709    
    37.87777       -118.6519    
    37.93056       -118.5327    

    35.75935       -123.3435    
    35.81688       -123.2314    
    35.87433       -123.1191    
    35.93166       -123.0067    
    35.98888       -122.8940    
    36.04598       -122.7812    
    36.10299       -122.6682    
    36.15987       -122.5550    
    36.21663       -122.4416    
    36.27329       -122.3280    
    36.32984       -122.2143    
    36.38626       -122.1004    
    36.44258       -121.9863    
    36.49879       -121.8720    
    36.55487       -121.7576    
    36.61085       -121.6430    
    36.66670       -121.5282    
    36.72244       -121.4132    
    36.77806       -121.2980    
    36.83357       -121.1827    
    36.88897       -121.0671    
    36.94424       -120.9514    
    36.99940       -120.8356    
    37.05444       -120.7195    
    37.10936       -120.6033    
    37.16417       -120.4868    
    37.21884       -120.3702    
    37.27341       -120.2534    
    37.32786       -120.1365    
    37.38219       -120.0193    
    37.43638       -119.9020    
    37.49048       -119.7845    
    37.54444       -119.6669    
    37.59828       -119.5490    
    37.65200       -119.4310    
    37.70560       -119.3127    
    37.75908       -119.1944    
    37.81243       -119.0758    
    37.86567       -118.9570    
    37.91877       -118.8381    
    37.97176       -118.7190    
    38.02462       -118.5997    

    35.85024       -123.4146    
    35.90787       -123.3024    
    35.96539       -123.1900    
    36.02279       -123.0775    
    36.08009       -122.9647    
    36.13728       -122.8518    
    36.19435       -122.7387    
    36.25131       -122.6254    
    36.30815       -122.5120    
    36.36489       -122.3983    
    36.42151       -122.2845    
    36.47802       -122.1705    
    36.53442       -122.0563    
    36.59069       -121.9420    
    36.64685       -121.8274    
    36.70291       -121.7127    
    36.75884       -121.5978    
    36.81466       -121.4827    
    36.87036       -121.3675    
    36.92595       -121.2520    
    36.98142       -121.1364    
    37.03677       -121.0206    
    37.09200       -120.9046    
    37.14712       -120.7885    
    37.20212       -120.6721    
    37.25699       -120.5556    
    37.31176       -120.4389    
    37.36639       -120.3221    
    37.42091       -120.2050    
    37.47532       -120.0877    
    37.52960       -119.9703    
    37.58376       -119.8527    
    37.63779       -119.7350    
    37.69172       -119.6170    
    37.74551       -119.4988    
    37.79919       -119.3805    
    37.85274       -119.2620    
    37.90617       -119.1433    
    37.95947       -119.0245    
    38.01266       -118.9054    
    38.06572       -118.7862    
    38.11864       -118.6668    

    35.94109       -123.4859    
    35.99881       -123.3736    
    36.05639       -123.2611    
    36.11388       -123.1485    
    36.17126       -123.0356    
    36.22852       -122.9226    
    36.28567       -122.8094    
    36.34272       -122.6961    
    36.39964       -122.5825    
    36.45645       -122.4688    
    36.51315       -122.3549    
    36.56974       -122.2408    
    36.62621       -122.1265    
    36.68256       -122.0121    
    36.73881       -121.8975    
    36.79494       -121.7826    
    36.85094       -121.6676    
    36.90685       -121.5525    
    36.96262       -121.4371    
    37.01828       -121.3216    
    37.07383       -121.2059    
    37.12925       -121.0900    
    37.18457       -120.9739    
    37.23976       -120.8576    
    37.29483       -120.7412    
    37.34979       -120.6246    
    37.40462       -120.5078    
    37.45934       -120.3908    
    37.51394       -120.2737    
    37.56841       -120.1563    
    37.62276       -120.0388    
    37.67700       -119.9211    
    37.73112       -119.8032    
    37.78511       -119.6851    
    37.83898       -119.5669    
    37.89273       -119.4485    
    37.94636       -119.3299    
    37.99986       -119.2111    
    38.05325       -119.0921    
    38.10650       -118.9729    
    38.15963       -118.8536    
    38.21263       -118.7341    

    36.03191       -123.5573    
    36.08970       -123.4449    
    36.14738       -123.3324    
    36.20494       -123.2197    
    36.26240       -123.1068    
    36.31974       -122.9937    
    36.37697       -122.8804    
    36.43409       -122.7669    
    36.49110       -122.6533    
    36.54798       -122.5395    
    36.60476       -122.4254    
    36.66143       -122.3113    
    36.71797       -122.1969    
    36.77441       -122.0824    
    36.83073       -121.9677    
    36.88693       -121.8528    
    36.94302       -121.7377    
    36.99899       -121.6224    
    37.05485       -121.5070    
    37.11059       -121.3913    
    37.16621       -121.2755    
    37.22171       -121.1595    
    37.27710       -121.0433    
    37.33237       -120.9270    
    37.38752       -120.8105    
    37.44255       -120.6937    
    37.49746       -120.5768    
    37.55225       -120.4597    
    37.60693       -120.3425    
    37.66148       -120.2251    
    37.71591       -120.1074    
    37.77022       -119.9896    
    37.82441       -119.8716    
    37.87848       -119.7535    
    37.93242       -119.6351    
    37.98624       -119.5166    
    38.03995       -119.3979    
    38.09352       -119.2790    
    38.14698       -119.1599    
    38.20031       -119.0406    
    38.25351       -118.9212    
    38.30660       -118.8016    

    36.12270       -123.6289    
    36.18057       -123.5165    
    36.23833       -123.4038    
    36.29596       -123.2910    
    36.35350       -123.1780    
    36.41092       -123.0648    
    36.46822       -122.9515    
    36.52542       -122.8379    
    36.58250       -122.7242    
    36.63947       -122.6103    
    36.69633       -122.4962    
    36.75307       -122.3819    
    36.80969       -122.2675    
    36.86621       -122.1529    
    36.92261       -122.0380    
    36.97889       -121.9230    
    37.03505       -121.8079    
    37.09110       -121.6925    
    37.14703       -121.5770    
    37.20284       -121.4612    
    37.25855       -121.3453    
    37.31413       -121.2292    
    37.36959       -121.1130    
    37.42494       -120.9965    
    37.48016       -120.8799    
    37.53527       -120.7631    
    37.59026       -120.6461    
    37.64513       -120.5289    
    37.69987       -120.4115    
    37.75450       -120.2940    
    37.80901       -120.1762    
    37.86340       -120.0583    
    37.91766       -119.9402    
    37.97180       -119.8220    
    38.02582       -119.7035    
    38.07972       -119.5849    
    38.13349       -119.4661    
    38.18715       -119.3471    
    38.24067       -119.2279    
    38.29408       -119.1085    
    38.34736       -118.9890    
    38.40052       -118.8692    

    36.21345       -123.7007    
    36.27139       -123.5882    
    36.32923       -123.4755    
    36.38696       -123.3625    
    36.44456       -123.2495    
    36.50206       -123.1362    
    36.55945       -123.0228    
    36.61672       -122.9091    
    36.67388       -122.7953    
    36.73093       -122.6813    
    36.78786       -122.5671    
    36.84468       -122.4528    
    36.90138       -122.3382    
    36.95798       -122.2235    
    37.01445       -122.1086    
    37.07080       -121.9935    
    37.12705       -121.8782    
    37.18317       -121.7628    
    37.23919       -121.6472    
    37.29508       -121.5313    
    37.35085       -121.4153    
    37.40651       -121.2991    
    37.46205       -121.1828    
    37.51748       -121.0662    
    37.57277       -120.9495    
    37.62796       -120.8326    
    37.68303       -120.7155    
    37.73797       -120.5982    
    37.79279       -120.4807    
    37.84750       -120.3631    
    37.90207       -120.2453    
    37.95653       -120.1273    
    38.01088       -120.0091    
    38.06509       -119.8907    
    38.11919       -119.7721    
    38.17316       -119.6534    
    38.22701       -119.5345    
    38.28074       -119.4153    
    38.33434       -119.2961    
    38.38782       -119.1766    
    38.44117       -119.0569    
    38.49440       -118.9371    

    36.30416       -123.7727    
    36.36219       -123.6601    
    36.42009       -123.5473    
    36.47789       -123.4343    
    36.53558       -123.3211    
    36.59316       -123.2078    
    36.65062       -123.0942    
    36.70798       -122.9805    
    36.76521       -122.8666    
    36.82234       -122.7525    
    36.87935       -122.6382    
    36.93625       -122.5238    
    36.99303       -122.4091    
    37.04970       -122.2943    
    37.10625       -122.1794    
    37.16269       -122.0641    
    37.21901       -121.9488    
    37.27521       -121.8333    
    37.33130       -121.7175    
    37.38726       -121.6016    
    37.44312       -121.4855    
    37.49885       -121.3692    
    37.55447       -121.2527    
    37.60997       -121.1361    
    37.66534       -121.0193    
    37.72060       -120.9023    
    37.77574       -120.7851    
    37.83076       -120.6677    
    37.88567       -120.5501    
    37.94044       -120.4324    
    37.99510       -120.3145    
    38.04963       -120.1963    
    38.10405       -120.0780    
    38.15834       -119.9595    
    38.21251       -119.8409    
    38.26656       -119.7220    
    38.32048       -119.6030    
    38.37429       -119.4838    
    38.42797       -119.3644    
    38.48151       -119.2448    
    38.53494       -119.1250    
    38.58825       -119.0051    

    36.39483       -123.8449    
    36.45293       -123.7322    
    36.51093       -123.6193    
    36.56881       -123.5062    
    36.62658       -123.3929    
    36.68423       -123.2795    
    36.74178       -123.1659    
    36.79920       -123.0521    
    36.85652       -122.9381    
    36.91373       -122.8239    
    36.97081       -122.7095    
    37.02779       -122.5950    
    37.08465       -122.4803    
    37.14139       -122.3654    
    37.19802       -122.2503    
    37.25454       -122.1350    
    37.31094       -122.0195    
    37.36721       -121.9039    
    37.42338       -121.7881    
    37.47942       -121.6721    
    37.53535       -121.5559    
    37.59116       -121.4395    
    37.64686       -121.3229    
    37.70243       -121.2062    
    37.75788       -121.0893    
    37.81322       -120.9721    
    37.86843       -120.8549    
    37.92353       -120.7374    
    37.97850       -120.6197    
    38.03336       -120.5019    
    38.08809       -120.3838    
    38.14270       -120.2656    
    38.19719       -120.1472    
    38.25156       -120.0286    
    38.30581       -119.9099    
    38.35993       -119.7909    
    38.41393       -119.6718    
    38.46780       -119.5524    
    38.52156       -119.4329    
    38.57518       -119.3132    
    38.62868       -119.1934    
    38.68206       -119.0733    

    36.48547       -123.9172    
    36.54364       -123.8044    
    36.60172       -123.6914    
    36.65968       -123.5783    
    36.71753       -123.4649    
    36.77526       -123.3514    
    36.83289       -123.2377    
    36.89039       -123.1238    
    36.94779       -123.0097    
    37.00507       -122.8954    
    37.06223       -122.7810    
    37.11929       -122.6664    
    37.17622       -122.5516    
    37.23305       -122.4366    
    37.28975       -122.3214    
    37.34634       -122.2060    
    37.40282       -122.0905    
    37.45918       -121.9747    
    37.51542       -121.8588    
    37.57154       -121.7427    
    37.62755       -121.6264    
    37.68343       -121.5099    
    37.73920       -121.3933    
    37.79486       -121.2764    
    37.85038       -121.1594    
    37.90579       -121.0422    
    37.96109       -120.9248    
    38.01625       -120.8072    
    38.07131       -120.6895    
    38.12624       -120.5715    
    38.18105       -120.4534    
    38.23573       -120.3351    
    38.29029       -120.2166    
    38.34475       -120.0979    
    38.39906       -119.9790    
    38.45326       -119.8599    
    38.50733       -119.7407    
    38.56129       -119.6212    
    38.61511       -119.5016    
    38.66881       -119.3818    
    38.72238       -119.2619    
    38.77584       -119.1417    

    36.57606       -123.9897    
    36.63432       -123.8769    
    36.69247       -123.7638    
    36.75051       -123.6505    
    36.80844       -123.5371    
    36.86625       -123.4235    
    36.92395       -123.3097    
    36.98154       -123.1957    
    37.03901       -123.0816    
    37.09637       -122.9672    
    37.15362       -122.8527    
    37.21075       -122.7379    
    37.26776       -122.6230    
    37.32466       -122.5080    
    37.38145       -122.3927    
    37.43811       -122.2772    
    37.49466       -122.1616    
    37.55110       -122.0457    
    37.60742       -121.9297    
    37.66361       -121.8135    
    37.71970       -121.6971    
    37.77566       -121.5806    
    37.83151       -121.4638    
    37.88724       -121.3469    
    37.94284       -121.2298    
    37.99833       -121.1125    
    38.05370       -120.9950    
    38.10894       -120.8773    
    38.16407       -120.7594    
    38.21908       -120.6414    
    38.27396       -120.5231    
    38.32872       -120.4047    
    38.38336       -120.2861    
    38.43788       -120.1673    
    38.49228       -120.0483    
    38.54655       -119.9291    
    38.60070       -119.8098    
    38.65471       -119.6902    
    38.70862       -119.5705    
    38.76239       -119.4506    
    38.81604       -119.3305    
    38.86957       -119.2103    

    36.66661       -124.0625    
    36.72496       -123.9495    
    36.78319       -123.8363    
    36.84130       -123.7230    
    36.89931       -123.6095    
    36.95720       -123.4958    
    37.01498       -123.3819    
    37.07264       -123.2679    
    37.13020       -123.1536    
    37.18763       -123.0392    
    37.24496       -122.9245    
    37.30217       -122.8097    
    37.35926       -122.6947    
    37.41623       -122.5795    
    37.47310       -122.4642    
    37.52984       -122.3486    
    37.58648       -122.2329    
    37.64299       -122.1169    
    37.69939       -122.0009    
    37.75565       -121.8846    
    37.81182       -121.7681    
    37.86786       -121.6514    
    37.92378       -121.5345    
    37.97958       -121.4175    
    38.03527       -121.3003    
    38.09083       -121.1829    
    38.14627       -121.0653    
    38.20160       -120.9475    
    38.25679       -120.8295    
    38.31188       -120.7114    
    38.36684       -120.5930    
    38.42167       -120.4745    
    38.47639       -120.3558    
    38.53098       -120.2369    
    38.58546       -120.1178    
    38.63980       -119.9986    
    38.69402       -119.8791    
    38.74813       -119.7595    
    38.80210       -119.6396    
    38.85595       -119.5196    
    38.90967       -119.3994    
    38.96327       -119.2790    

    36.75713       -124.1353    
    36.81555       -124.0223    
    36.87386       -123.9091    
    36.93206       -123.7957    
    36.99014       -123.6821    
    37.04811       -123.5683    
    37.10597       -123.4543    
    37.16370       -123.3401    
    37.22134       -123.2258    
    37.27886       -123.1113    
    37.33626       -122.9966    
    37.39354       -122.8817    
    37.45072       -122.7666    
    37.50777       -122.6513    
    37.56471       -122.5358    
    37.62153       -122.4202    
    37.67823       -122.3044    
    37.73483       -122.1883    
    37.79130       -122.0721    
    37.84766       -121.9557    
    37.90390       -121.8392    
    37.96001       -121.7224    
    38.01601       -121.6055    
    38.07188       -121.4883    
    38.12764       -121.3710    
    38.18328       -121.2535    
    38.23880       -121.1358    
    38.29420       -121.0179    
    38.34948       -120.8998    
    38.40464       -120.7816    
    38.45967       -120.6631    
    38.51459       -120.5445    
    38.56938       -120.4257    
    38.62405       -120.3067    
    38.67859       -120.1875    
    38.73301       -120.0681    
    38.78731       -119.9486    
    38.84148       -119.8288    
    38.89553       -119.7089    
    38.94946       -119.5888    
    39.00325       -119.4685    
    39.05693       -119.3480    

    36.84761       -124.2084    
    36.90611       -124.0953    
    36.96450       -123.9820    
    37.02277       -123.8685    
    37.08093       -123.7548    
    37.13898       -123.6409    
    37.19691       -123.5269    
    37.25474       -123.4126    
    37.31245       -123.2982    
    37.37004       -123.1836    
    37.42753       -123.0688    
    37.48489       -122.9538    
    37.54214       -122.8386    
    37.59927       -122.7232    
    37.65629       -122.6077    
    37.71318       -122.4919    
    37.76997       -122.3760    
    37.82663       -122.2599    
    37.88319       -122.1436    
    37.93962       -122.0271    
    37.99593       -121.9105    
    38.05212       -121.7936    
    38.10820       -121.6765    
    38.16415       -121.5593    
    38.21999       -121.4419    
    38.27571       -121.3243    
    38.33130       -121.2065    
    38.38678       -121.0885    
    38.44213       -120.9703    
    38.49736       -120.8520    
    38.55247       -120.7335    
    38.60746       -120.6147    
    38.66233       -120.4958    
    38.71707       -120.3767    
    38.77169       -120.2574    
    38.82619       -120.1379    
    38.88056       -120.0182    
    38.93481       -119.8984    
    38.98893       -119.7784    
    39.04293       -119.6581    
    39.09680       -119.5377    
    39.15055       -119.4171    

    36.93804       -124.2817    
    36.99662       -124.1685    
    37.05508       -124.0551    
    37.11344       -123.9415    
    37.17168       -123.8277    
    37.22981       -123.7138    
    37.28782       -123.5996    
    37.34573       -123.4853    
    37.40351       -123.3708    
    37.46118       -123.2560    
    37.51875       -123.1412    
    37.57619       -123.0261    
    37.63351       -122.9108    
    37.69072       -122.7953    
    37.74782       -122.6797    
    37.80479       -122.5639    
    37.86166       -122.4479    
    37.91840       -122.3317    
    37.97503       -122.2153    
    38.03153       -122.0987    
    38.08792       -121.9819    
    38.14419       -121.8650    
    38.20035       -121.7478    
    38.25638       -121.6305    
    38.31229       -121.5130    
    38.36808       -121.3953    
    38.42376       -121.2774    
    38.47931       -121.1593    
    38.53474       -121.0410    
    38.59005       -120.9226    
    38.64523       -120.8039    
    38.70029       -120.6851    
    38.75523       -120.5661    
    38.81005       -120.4469    
    38.86475       -120.3275    
    38.91932       -120.2079    
    38.97376       -120.0881    
    39.02809       -119.9681    
    39.08229       -119.8480    
    39.13636       -119.7277    
    39.19031       -119.6071    
    39.24413       -119.4864    

    37.02844       -124.3551    
    37.08710       -124.2419    
    37.14565       -124.1284    
    37.20407       -124.0147    
    37.26240       -123.9008    
    37.32061       -123.7868    
    37.37869       -123.6726    
    37.43668       -123.5581    
    37.49454       -123.4435    
    37.55230       -123.3287    
    37.60992       -123.2137    
    37.66745       -123.0986    
    37.72485       -122.9832    
    37.78214       -122.8677    
    37.83931       -122.7520    
    37.89637       -122.6360    
    37.95331       -122.5199    
    38.01013       -122.4036    
    38.06683       -122.2871    
    38.12341       -122.1705    
    38.17988       -122.0536    
    38.23623       -121.9366    
    38.29246       -121.8193    
    38.34857       -121.7019    
    38.40456       -121.5843    
    38.46043       -121.4665    
    38.51617       -121.3485    
    38.57180       -121.2303    
    38.62731       -121.1119    
    38.68269       -120.9933    
    38.73795       -120.8746    
    38.79309       -120.7557    
    38.84811       -120.6366    
    38.90300       -120.5172    
    38.95777       -120.3977    
    39.01241       -120.2780    
    39.06694       -120.1582    
    39.12134       -120.0381    
    39.17561       -119.9178    
    39.22976       -119.7974    
    39.28378       -119.6768    
    39.33767       -119.5559    

    37.11879       -124.4288    
    37.17752       -124.3154    
    37.23615       -124.2018    
    37.29466       -124.0881    
    37.35306       -123.9742    
    37.41134       -123.8600    
    37.46952       -123.7457    
    37.52757       -123.6312    
    37.58552       -123.5165    
    37.64335       -123.4016    
    37.70107       -123.2865    
    37.75866       -123.1713    
    37.81615       -123.0558    
    37.87351       -122.9402    
    37.93076       -122.8244    
    37.98789       -122.7083    
    38.04491       -122.5921    
    38.10181       -122.4758    
    38.15860       -122.3592    
    38.21525       -122.2424    
    38.27179       -122.1255    
    38.32822       -122.0083    
    38.38453       -121.8910    
    38.44071       -121.7734    
    38.49677       -121.6557    
    38.55272       -121.5378    
    38.60854       -121.4197    
    38.66425       -121.3015    
    38.71983       -121.1830    
    38.77529       -121.0643    
    38.83063       -120.9455    
    38.88584       -120.8264    
    38.94094       -120.7072    
    38.99590       -120.5878    
    39.05075       -120.4682    
    39.10547       -120.3484    
    39.16006       -120.2284    
    39.21454       -120.1082    
    39.26888       -119.9879    
    39.32310       -119.8673    
    39.37720       -119.7466    
    39.43117       -119.6256    

    37.20910       -124.5026    
    37.26793       -124.3891    
    37.32663       -124.2755    
    37.38522       -124.1617    
    37.44370       -124.0476    
    37.50206       -123.9334    
    37.56031       -123.8190    
    37.61844       -123.7044    
    37.67647       -123.5896    
    37.73438       -123.4747    
    37.79217       -123.3595    
    37.84984       -123.2441    
    37.90741       -123.1286    
    37.96485       -123.0129    
    38.02217       -122.8970    
    38.07938       -122.7809    
    38.13648       -122.6646    
    38.19345       -122.5481    
    38.25031       -122.4314    
    38.30705       -122.3145    
    38.36368       -122.1975    
    38.42017       -122.0803    
    38.47656       -121.9628    
    38.53281       -121.8452    
    38.58896       -121.7274    
    38.64498       -121.6094    
    38.70089       -121.4912    
    38.75666       -121.3728    
    38.81232       -121.2542    
    38.86786       -121.1355    
    38.92327       -121.0165    
    38.97855       -120.8974    
    39.03372       -120.7780    
    39.08877       -120.6585    
    39.14369       -120.5388    
    39.19848       -120.4189    
    39.25315       -120.2988    
    39.30770       -120.1786    
    39.36212       -120.0581    
    39.41642       -119.9374    
    39.47058       -119.8166    
    39.52463       -119.6955    

    37.29937       -124.5766    
    37.35827       -124.4631    
    37.41705       -124.3493    
    37.47572       -124.2354    
    37.53428       -124.1213    
    37.59271       -124.0070    
    37.65105       -123.8925    
    37.70927       -123.7778    
    37.76737       -123.6630    
    37.82535       -123.5479    
    37.88322       -123.4326    
    37.94098       -123.3172    
    37.99861       -123.2016    
    38.05613       -123.0858    
    38.11354       -122.9698    
    38.17083       -122.8535    
    38.22800       -122.7372    
    38.28505       -122.6206    
    38.34198       -122.5038    
    38.39881       -122.3869    
    38.45550       -122.2697    
    38.51208       -122.1524    
    38.56854       -122.0349    
    38.62488       -121.9171    
    38.68110       -121.7992    
    38.73719       -121.6811    
    38.79317       -121.5628    
    38.84903       -121.4444    
    38.90475       -121.3257    
    38.96037       -121.2068    
    39.01586       -121.0878    
    39.07122       -120.9685    
    39.12647       -120.8491    
    39.18159       -120.7295    
    39.23658       -120.6096    
    39.29145       -120.4897    
    39.34620       -120.3694    
    39.40082       -120.2491    
    39.45532       -120.1285    
    39.50969       -120.0077    
    39.56393       -119.8867    
    39.61805       -119.7656    

    37.38960       -124.6508    
    37.44857       -124.5372    
    37.50744       -124.4234    
    37.56618       -124.3094    
    37.62482       -124.1952    
    37.68335       -124.0808    
    37.74176       -123.9662    
    37.80005       -123.8514    
    37.85823       -123.7365    
    37.91629       -123.6213    
    37.97424       -123.5060    
    38.03207       -123.3905    
    38.08978       -123.2747    
    38.14739       -123.1588    
    38.20488       -123.0428    
    38.26224       -122.9265    
    38.31948       -122.8100    
    38.37661       -122.6933    
    38.43362       -122.5764    
    38.49052       -122.4594    
    38.54730       -122.3421    
    38.60395       -122.2247    
    38.66049       -122.1071    
    38.71690       -121.9893    
    38.77320       -121.8712    
    38.82937       -121.7531    
    38.88542       -121.6347    
    38.94136       -121.5161    
    38.99717       -121.3973    
    39.05285       -121.2784    
    39.10841       -121.1592    
    39.16385       -121.0399    
    39.21917       -120.9203    
    39.27437       -120.8006    
    39.32944       -120.6807    
    39.38438       -120.5605    
    39.43921       -120.4402    
    39.49390       -120.3198    
    39.54847       -120.1991    
    39.60292       -120.0782    
    39.65724       -119.9571    
    39.71142       -119.8359    

    37.47979       -124.7252    
    37.53883       -124.6115    
    37.59778       -124.4976    
    37.65660       -124.3835    
    37.71532       -124.2692    
    37.77392       -124.1548    
    37.83241       -124.0401    
    37.89078       -123.9252    
    37.94904       -123.8102    
    38.00718       -123.6949    
    38.06521       -123.5795    
    38.12312       -123.4639    
    38.18091       -123.3481    
    38.23859       -123.2321    
    38.29616       -123.1159    
    38.35360       -122.9995    
    38.41092       -122.8830    
    38.46813       -122.7662    
    38.52522       -122.6492    
    38.58219       -122.5321    
    38.63904       -122.4148    
    38.69577       -122.2972    
    38.75239       -122.1795    
    38.80888       -122.0616    
    38.86525       -121.9435    
    38.92150       -121.8252    
    38.97763       -121.7067    
    39.03364       -121.5880    
    39.08952       -121.4691    
    39.14528       -121.3501    
    39.20092       -121.2308    
    39.25644       -121.1114    
    39.31183       -120.9917    
    39.36711       -120.8719    
    39.42225       -120.7519    
    39.47727       -120.6317    
    39.53217       -120.5113    
    39.58693       -120.3907    
    39.64158       -120.2699    
    39.69610       -120.1489    
    39.75050       -120.0277    
    39.80476       -119.9063    

