   0.0000000    
   0.0000000    
   0.0000000    
   0.0000000    
   0.0000000    
   0.0000000    
   0.0000000    
   0.0000000    
    4.570786    
    75.59806    
    130.5547    
    111.8560    
    112.6462    
    245.8058    
    542.6901    
    596.8494    
    382.6108    
    374.1960    
    461.2505    
    458.8043    
    472.0534    
    476.2562    
    467.2936    
    469.1142    
    453.6114    
    507.9538    
    627.6428    
    682.4756    
    676.1300    
    544.8705    
    346.6318    
    260.0815    
    239.7108    
    191.6423    
    153.7049    
    140.7887    
    108.6107    
    85.05172    
    73.99677    
    64.57497    
    60.51101    
    58.31783    
    53.68059    
    49.68322    
    50.26227    
    52.87897    
    63.93367    
    76.12957    
    78.82113    
    79.67906    
    77.51770    
    80.80647    

   0.0000000    
   0.0000000    
   0.0000000    
   0.0000000    
   0.0000000    
   0.0000000    
   0.0000000    
   0.2395444    
   0.0000000    
   0.0000000    
   0.0000000    
    55.69886    
    141.6213    
    307.7258    
    541.4269    
    576.1217    
    394.9972    
    377.1310    
    473.0559    
    416.3606    
    386.4511    
    435.4428    
    454.5010    
    445.3717    
    421.4201    
    480.2720    
    627.8227    
    687.5743    
    693.8212    
    545.6097    
    411.6834    
    392.7621    
    293.6641    
    197.2553    
    169.1703    
    159.2442    
    113.9705    
    83.52402    
    72.78056    
    62.36074    
    55.64296    
    53.62029    
    52.81791    
    50.23069    
    49.74590    
    50.44724    
    61.79724    
    71.36263    
    67.26537    
    66.01115    
    72.52291    
    76.95823    

   0.0000000    
   0.0000000    
   0.0000000    
   0.0000000    
   0.0000000    
   0.0000000    
   0.0000000    
   0.0000000    
   0.1180753    
   0.0000000    
   0.0000000    
    52.77466    
    154.8205    
    319.5465    
    495.0572    
    468.8181    
    338.6262    
    361.5836    
    444.6475    
    393.9162    
    361.8356    
    436.2861    
    454.3282    
    412.7365    
    403.0847    
    448.1721    
    570.4540    
    636.2910    
    637.1348    
    596.4831    
    641.5255    
    550.2640    
    280.0770    
    195.8031    
    183.8165    
    154.2313    
    121.1069    
    89.18039    
    70.41312    
    63.05321    
    57.67736    
    54.60820    
    55.68577    
    54.78263    
    52.81803    
    52.16506    
    58.11919    
    64.35929    
    61.05758    
    60.58160    
    69.35431    
    74.77241    

   0.0000000    
   0.0000000    
   0.0000000    
   0.0000000    
   0.0000000    
   0.0000000    
   0.0000000    
   0.0000000    
   0.0000000    
   0.2268833    
   0.0000000    
    42.97196    
    170.1543    
    328.0554    
    476.1917    
    467.6930    
    335.8206    
    334.7976    
    376.5198    
    342.4539    
    363.7815    
    418.6617    
    415.1056    
    375.6585    
    391.0221    
    444.3697    
    495.1728    
    513.4367    
    548.9434    
    644.6699    
    705.2569    
    528.7491    
    268.5466    
    207.8463    
    185.4554    
    157.4509    
    148.3899    
    99.99590    
    67.94906    
    62.37409    
    59.88573    
    54.66623    
    53.30127    
    51.38237    
    46.46741    
    47.81516    
    54.59482    
    64.94611    
    64.06240    
    60.38256    
    64.38538    
    72.50191    

   0.0000000    
   0.0000000    
   0.0000000    
   0.0000000    
   0.0000000    
   0.0000000    
   0.0000000    
   0.0000000    
   0.2074292    
   0.0000000    
    4.229640    
    57.21035    
    176.9717    
    350.5654    
    482.6243    
    440.7825    
    306.9026    
    291.0327    
    312.2410    
    314.7632    
    353.3018    
    371.2050    
    357.3290    
    361.4507    
    419.1243    
    480.1205    
    496.4205    
    435.0886    
    457.3617    
    612.7879    
    661.2401    
    513.9200    
    308.4830    
    230.7669    
    194.7908    
    181.5307    
    176.6276    
    104.9631    
    65.68540    
    59.10302    
    56.89837    
    51.73792    
    48.09903    
    43.27584    
    38.38826    
    45.21091    
    56.20410    
    62.38327    
    64.83843    
    62.43878    
    60.27929    
    68.02721    

   0.0000000    
   0.0000000    
   0.0000000    
   0.0000000    
   0.0000000    
   0.0000000    
   0.0000000    
   0.0000000    
   0.0000000    
    6.272650    
    61.05378    
    129.9498    
    243.9486    
    406.7431    
    466.6619    
    386.6772    
    314.2977    
    291.0839    
    276.1703    
    289.1397    
    308.7467    
    313.0858    
    326.1461    
    392.9482    
    472.8165    
    545.7553    
    582.9298    
    469.6946    
    435.6626    
    607.6381    
    690.5364    
    537.1979    
    336.6917    
    282.7894    
    222.4789    
    198.7735    
    195.7630    
    113.0481    
    66.11078    
    54.32275    
    47.49036    
    40.16309    
    41.72376    
    42.00225    
    42.26700    
    51.41793    
    59.35850    
    60.73700    
    63.89058    
    64.34425    
    61.05068    
    62.77611    

   0.0000000    
   0.0000000    
   0.0000000    
   0.0000000    
   0.0000000    
   0.0000000    
   0.0000000    
   1.6381569E-02
   0.0000000    
    38.88490    
    123.2162    
    173.7969    
    346.6391    
    502.2077    
    467.9129    
    433.3760    
    433.6043    
    394.2122    
    301.7646    
    252.7887    
    260.7057    
    275.7593    
    337.9748    
    432.1596    
    520.4921    
    602.6331    
    585.8395    
    466.1830    
    455.6980    
    610.8591    
    697.1794    
    556.8864    
    426.3550    
    360.8756    
    234.5672    
    220.6934    
    239.7907    
    146.5124    
    64.17552    
    46.68868    
    42.98450    
    33.85092    
    33.57778    
    39.14671    
    49.14203    
    59.06659    
    60.70880    
    60.63597    
    61.86386    
    65.63489    
    63.22649    
    59.17661    

   0.0000000    
   0.0000000    
   0.0000000    
   0.0000000    
   0.0000000    
   0.0000000    
   0.0000000    
   0.0000000    
   0.0000000    
    59.08520    
    137.6157    
    199.4503    
    433.3501    
    602.2527    
    529.2799    
    507.2614    
    550.0771    
    489.3340    
    325.9356    
    230.0303    
    239.8800    
    281.6513    
    374.8222    
    472.6585    
    559.6339    
    647.3167    
    590.5835    
    458.5955    
    460.1334    
    650.9128    
    780.4329    
    676.7373    
    576.9344    
    417.6468    
    244.9148    
    262.6038    
    284.1869    
    162.9147    
    61.79026    
    46.55063    
    45.21738    
    39.68109    
    33.88792    
    41.61235    
    54.98560    
    60.75060    
    59.95801    
    60.21613    
    60.50299    
    64.45954    
    66.69358    
    62.72660    

   0.0000000    
   0.0000000    
   0.0000000    
   0.0000000    
   0.0000000    
   0.0000000    
   0.0000000    
   0.0000000    
   0.0000000    
    55.71583    
    125.1551    
    277.4580    
    576.0457    
    641.6814    
    512.4451    
    515.3843    
    535.5446    
    436.2899    
    305.3813    
    233.5023    
    255.4150    
    339.2488    
    413.0107    
    476.3441    
    560.2360    
    669.8346    
    601.9236    
    467.6762    
    589.6185    
    847.8853    
    926.0768    
    806.1570    
    590.4432    
    358.2506    
    272.6863    
    314.9160    
    282.8978    
    142.6864    
    65.96345    
    55.37469    
    52.22483    
    46.23878    
    44.04124    
    53.48646    
    60.39100    
    60.71859    
    60.14591    
    59.90270    
    60.05115    
    62.09091    
    68.90995    
    70.79626    

   0.0000000    
   0.0000000    
   0.0000000    
   0.0000000    
   0.0000000    
   0.0000000    
   0.0000000    
   0.0000000    
    1.931347    
    53.26020    
    145.3980    
    357.6228    
    645.6607    
    577.3311    
    421.5235    
    492.4457    
    490.5716    
    371.5027    
    289.2196    
    245.2188    
    295.4769    
    402.0118    
    428.6146    
    473.0350    
    572.7390    
    698.3032    
    603.7579    
    535.8473    
    801.6094    
    1065.495    
    1041.718    
    766.9859    
    461.1393    
    278.9567    
    288.5487    
    330.8101    
    237.6411    
    119.1667    
    70.86366    
    59.82405    
    59.43603    
    55.55920    
    55.65774    
    59.48239    
    60.95396    
    60.82965    
    60.45391    
    61.25529    
    60.81414    
    59.78410    
    64.43254    
    72.96510    

   0.0000000    
   0.0000000    
   0.0000000    
   0.0000000    
   0.0000000    
   0.0000000    
   0.0000000    
   0.0000000    
   0.0000000    
    56.15916    
    211.4321    
    484.2274    
    643.3231    
    493.9134    
    381.6529    
    422.7469    
    435.9424    
    336.2228    
    246.7562    
    244.5122    
    318.9853    
    403.9227    
    416.4569    
    479.3920    
    625.0284    
    731.6235    
    636.6024    
    638.0155    
    899.1202    
    1070.992    
    910.3404    
    555.2921    
    351.1816    
    271.8354    
    284.8112    
    291.2664    
    180.1661    
    104.7703    
    82.26443    
    66.39649    
    58.82238    
    60.45374    
    60.57660    
    60.19645    
    60.24769    
    60.73444    
    60.21593    
    62.46828    
    63.79765    
    60.46144    
    60.39608    
    69.10537    

   0.0000000    
   0.0000000    
   0.0000000    
   0.0000000    
   0.0000000    
   0.0000000    
   3.7014764E-02
   0.0000000    
   0.0000000    
    79.93594    
    363.1962    
    715.4678    
    689.8546    
    435.1563    
    326.2131    
    304.4545    
    343.1223    
    291.6603    
    232.7286    
    253.9913    
    302.1736    
    368.7784    
    426.3718    
    510.6366    
    667.5827    
    747.0180    
    672.1124    
    747.7548    
    926.1567    
    915.5436    
    659.6490    
    424.8027    
    345.6270    
    261.8486    
    244.4191    
    225.3982    
    145.1142    
    107.3530    
    96.70502    
    77.72614    
    60.66722    
    60.15509    
    60.38124    
    59.96551    
    60.06244    
    60.15699    
    59.91564    
    60.83846    
    64.85200    
    65.15092    
    63.09045    
    67.49092    

   0.0000000    
   0.0000000    
   0.0000000    
   0.0000000    
   0.0000000    
   4.9956320E-03
   0.0000000    
   0.0000000    
    15.12826    
    165.7198    
    553.4753    
    815.9658    
    620.7456    
    356.6337    
    325.9298    
    360.7844    
    351.5757    
    307.9680    
    259.6621    
    243.7395    
    286.2535    
    364.5876    
    475.1757    
    594.7372    
    702.8528    
    745.9053    
    743.9646    
    913.1915    
    897.3695    
    647.7199    
    445.6263    
    363.1169    
    335.2869    
    229.8486    
    194.2240    
    175.2715    
    135.2968    
    116.6588    
    104.3783    
    89.70335    
    72.52762    
    64.04379    
    61.61327    
    59.74798    
    59.98297    
    60.32085    
    60.27358    
    59.46360    
    62.51290    
    67.22297    
    68.06162    
    70.34117    

   0.0000000    
   0.0000000    
   0.0000000    
   0.0000000    
   0.0000000    
   0.0000000    
   0.0000000    
    20.83337    
    88.68893    
    233.5175    
    558.0427    
    682.8932    
    471.4361    
    335.7429    
    373.3024    
    385.5706    
    384.2633    
    368.3804    
    251.7061    
    230.8256    
    318.5089    
    412.6512    
    503.9566    
    555.6297    
    617.1102    
    700.3828    
    842.8718    
    986.9207    
    760.5717    
    450.9862    
    379.6879    
    346.0290    
    267.1550    
    190.0031    
    175.4588    
    160.0022    
    135.2569    
    122.0704    
    107.8508    
    96.52235    
    83.33059    
    68.63055    
    61.20718    
    59.95920    
    59.84894    
    61.34529    
    61.73396    
    59.98576    
    60.05450    
    64.25790    
    67.72531    
    70.40144    

   0.0000000    
   0.0000000    
   0.0000000    
   0.0000000    
   0.0000000    
   0.0000000    
   0.0000000    
    31.98328    
    213.8522    
    367.5334    
    536.0426    
    656.3993    
    485.3326    
    389.1689    
    402.4005    
    324.0766    
    384.2749    
    377.0695    
    244.7960    
    265.1248    
    348.7516    
    437.5367    
    516.2949    
    544.1755    
    556.9969    
    679.4004    
    901.4661    
    882.1007    
    607.9790    
    461.3596    
    415.1291    
    313.0642    
    213.9223    
    196.3606    
    200.8455    
    164.5887    
    131.2854    
    121.0661    
    107.6879    
    95.98222    
    86.42824    
    72.57648    
    61.68285    
    60.20127    
    59.85749    
    60.83562    
    61.14624    
    61.45963    
    60.57782    
    61.62620    
    67.18147    
    73.91305    

   0.0000000    
   0.0000000    
   0.0000000    
   0.0000000    
   0.0000000    
   3.8053757E-03
   0.0000000    
    48.77152    
    355.5272    
    536.9676    
    598.2434    
    714.2578    
    530.4850    
    414.3058    
    412.0220    
    312.5783    
    350.1154    
    356.2252    
    322.2710    
    305.6843    
    316.1642    
    406.7087    
    505.1208    
    611.5618    
    627.3217    
    715.4451    
    924.8864    
    763.7598    
    555.7887    
    565.3181    
    445.8496    
    288.5028    
    212.9398    
    244.1344    
    242.9053    
    173.8732    
    128.5041    
    116.1867    
    104.6632    
    93.75106    
    85.79818    
    76.86661    
    65.72360    
    60.38015    
    60.20614    
    59.91833    
    59.60578    
    62.19916    
    63.00282    
    64.14977    
    69.33235    
    79.37298    

   0.0000000    
   0.0000000    
   0.0000000    
   0.0000000    
   0.0000000    
   0.0000000    
   0.0000000    
    76.12008    
    374.3304    
    570.9145    
    636.3489    
    639.8909    
    502.3893    
    453.8753    
    382.7209    
    303.9996    
    393.3683    
    457.4020    
    414.7643    
    292.6198    
    272.5483    
    394.8362    
    503.3618    
    603.6704    
    634.5337    
    745.9440    
    903.9515    
    749.2801    
    690.0787    
    762.6317    
    582.5269    
    348.9729    
    261.7681    
    315.2174    
    295.9834    
    198.9778    
    135.2491    
    110.1591    
    100.2368    
    90.54360    
    82.87114    
    76.72212    
    67.41314    
    60.90811    
    60.37551    
    59.96634    
    59.75283    
    62.60688    
    63.76673    
    63.19586    
    68.73780    
    82.21242    

   0.0000000    
   0.0000000    
   0.0000000    
   0.0000000    
   0.0000000    
   1.3225072E-04
   0.0000000    
    122.8925    
    438.4758    
    618.0460    
    662.6204    
    550.6317    
    441.0970    
    434.8706    
    336.5887    
    324.2273    
    515.8421    
    589.9835    
    424.9162    
    247.6565    
    245.7440    
    379.3275    
    468.9274    
    529.2452    
    599.5222    
    824.7927    
    885.7048    
    748.7588    
    870.1095    
    882.4189    
    610.9431    
    411.1307    
    394.4495    
    449.2849    
    396.5802    
    246.5125    
    140.0395    
    102.6522    
    93.60127    
    86.54486    
    79.60149    
    73.48370    
    66.17799    
    61.32716    
    60.55948    
    60.07472    
    59.63197    
    62.99796    
    65.34480    
    60.76524    
    67.90099    
    85.49700    

   0.0000000    
   0.0000000    
   0.0000000    
   0.0000000    
   0.0000000    
   1.3383816E-03
   0.0000000    
    237.5262    
    688.3361    
    771.7872    
    660.5952    
    485.0198    
    398.8279    
    367.7097    
    292.4915    
    352.9201    
    544.7591    
    576.0538    
    369.5826    
    219.5854    
    245.2574    
    364.4677    
    444.5898    
    496.6729    
    616.7341    
    890.4376    
    877.7587    
    837.8026    
    992.0011    
    798.5092    
    535.7249    
    562.1575    
    685.5111    
    717.7199    
    549.0876    
    278.6319    
    141.0861    
    97.32273    
    85.94834    
    81.32272    
    75.44279    
    69.37442    
    63.75855    
    60.92870    
    60.65229    
    60.36231    
    60.20039    
    61.80468    
    67.16460    
    66.42812    
    71.65623    
    86.80551    

   0.0000000    
   0.0000000    
   0.0000000    
   0.0000000    
   0.0000000    
   0.4476334    
   0.0000000    
    292.8588    
    831.5460    
    852.5172    
    630.0563    
    468.7632    
    414.3216    
    357.0035    
    303.4875    
    436.9751    
    579.2027    
    498.2287    
    293.2722    
    186.4668    
    237.1767    
    350.9668    
    449.0866    
    521.7323    
    678.4569    
    885.9297    
    872.1741    
    978.6726    
    982.7886    
    682.1136    
    598.8906    
    765.6712    
    970.7871    
    929.1490    
    581.4383    
    253.2592    
    136.6000    
    97.43956    
    81.13140    
    75.32821    
    70.40576    
    65.07165    
    60.69883    
    59.34332    
    59.99406    
    60.21396    
    60.26711    
    61.22823    
    65.27428    
    69.74084    
    76.98276    
    87.51083    

   0.0000000    
   0.0000000    
   0.0000000    
   0.0000000    
   0.0000000    
   0.0000000    
   0.0000000    
    355.8072    
    852.4855    
    840.9189    
    647.2926    
    508.6476    
    395.1123    
    358.4951    
    365.6770    
    537.9405    
    600.7564    
    388.5468    
    213.8104    
    178.0321    
    259.8911    
    357.0142    
    427.5758    
    496.2389    
    679.9346    
    849.8593    
    907.8848    
    1001.548    
    852.1175    
    716.4407    
    872.7740    
    1019.241    
    1072.172    
    833.7337    
    432.1228    
    205.7881    
    129.4246    
    101.7111    
    82.61371    
    71.92916    
    65.61509    
    61.19916    
    58.16112    
    57.60170    
    59.44650    
    59.83820    
    59.62712    
    60.86323    
    61.33418    
    64.12624    
    72.00803    
    84.30756    

   0.0000000    
   0.0000000    
   0.0000000    
   0.0000000    
   0.0000000    
   0.0000000    
    20.48494    
    393.6758    
    815.8589    
    815.8468    
    632.8266    
    496.2165    
    397.6060    
    370.7547    
    406.2050    
    565.6223    
    558.9305    
    284.3440    
    147.9034    
    183.6207    
    299.2386    
    379.5390    
    447.6145    
    524.0548    
    659.4169    
    852.6557    
    956.6183    
    951.5708    
    951.3051    
    1064.501    
    1224.761    
    1199.744    
    945.0754    
    602.5114    
    323.0953    
    179.0342    
    128.3342    
    106.3818    
    87.16096    
    72.41147    
    62.53281    
    57.83619    
    56.19865    
    56.66993    
    61.31143    
    66.23890    
    64.12248    
    60.06525    
    59.41924    
    60.66962    
    65.61604    
    80.35930    

   0.0000000    
   0.0000000    
   0.0000000    
   0.0000000    
   0.0000000    
   0.0000000    
   0.0000000    
    289.8541    
    773.6566    
    870.3381    
    696.4271    
    573.9720    
    485.7366    
    449.9359    
    512.0685    
    535.3041    
    442.1427    
    257.0670    
    137.6012    
    185.5963    
    299.0938    
    398.4049    
    463.4626    
    551.5637    
    675.8279    
    896.3406    
    1025.419    
    998.3752    
    1174.162    
    1385.291    
    1396.547    
    1129.459    
    693.8442    
    452.0591    
    332.8850    
    190.3975    
    124.7007    
    106.0988    
    87.94342    
    72.34945    
    60.49708    
    54.91434    
    54.51350    
    56.33800    
    60.70329    
    70.53650    
    69.54123    
    63.32600    
    62.95902    
    65.71721    
    72.07945    
    82.64775    

   0.0000000    
   0.0000000    
   0.0000000    
   0.0000000    
   0.0000000    
   0.3164972    
   0.0000000    
    205.0961    
    733.4354    
    909.1322    
    850.2906    
    769.7009    
    567.9984    
    532.5634    
    673.9507    
    553.2399    
    321.1253    
    214.8465    
    127.6188    
    181.6067    
    311.3821    
    436.0616    
    462.5991    
    524.2980    
    684.2492    
    971.5185    
    1102.466    
    1093.308    
    1260.971    
    1402.240    
    1303.041    
    902.7161    
    562.2717    
    456.4211    
    363.3418    
    210.0947    
    128.8640    
    103.5948    
    83.50213    
    69.04314    
    57.80405    
    52.95304    
    53.33455    
    55.94507    
    58.89042    
    66.46397    
    69.98682    
    65.88311    
    62.25938    
    65.44310    
    78.31680    
    88.54364    

   0.0000000    
   0.0000000    
   0.0000000    
   0.0000000    
   0.0000000    
   0.9490696    
   0.0000000    
    184.3372    
    701.1808    
    873.6937    
    774.8602    
    721.3896    
    638.4641    
    661.8450    
    711.6663    
    530.8688    
    308.4957    
    177.1721    
    115.4281    
    188.6317    
    309.0444    
    413.4624    
    430.7493    
    490.5349    
    761.8340    
    1118.410    
    1100.999    
    1019.345    
    1230.774    
    1336.474    
    1107.470    
    800.0722    
    709.0137    
    614.4913    
    399.7723    
    206.6008    
    131.6390    
    97.98384    
    75.22591    
    62.63098    
    54.16744    
    51.33546    
    52.41196    
    55.60767    
    59.63142    
    64.45161    
    69.44830    
    66.19469    
    61.54541    
    67.20177    
    81.82397    
    91.40977    

   0.0000000    
   0.0000000    
   0.0000000    
   0.0000000    
   0.0000000    
   0.0000000    
    25.35301    
    379.9464    
    948.2333    
    1052.280    
    732.3852    
    688.4363    
    852.5685    
    888.1492    
    734.8364    
    496.0894    
    354.3452    
    185.8765    
    105.0075    
    186.3275    
    291.3106    
    371.3939    
    440.3508    
    554.1039    
    864.0813    
    1108.933    
    975.5428    
    943.6839    
    1108.383    
    1066.055    
    833.2940    
    773.7392    
    851.7898    
    702.8861    
    390.8178    
    185.3843    
    115.3220    
    83.13887    
    64.82396    
    55.58167    
    51.11047    
    49.90144    
    51.58080    
    55.55271    
    59.84352    
    64.48203    
    69.60801    
    69.51429    
    65.50723    
    74.25931    
    88.09203    
    91.42739    

   0.0000000    
   0.0000000    
   0.0000000    
   0.0000000    
   0.0000000    
   0.0000000    
    93.04095    
    573.4543    
    1161.047    
    1186.132    
    901.3182    
    1054.137    
    1218.890    
    948.4941    
    624.9672    
    502.5484    
    430.2488    
    212.7900    
    107.1196    
    203.5617    
    317.8282    
    421.2574    
    531.5991    
    630.1549    
    786.6666    
    946.3232    
    919.9640    
    968.9852    
    928.3736    
    706.4629    
    623.9810    
    683.8581    
    753.0842    
    595.7687    
    311.5345    
    149.0078    
    95.57787    
    70.76559    
    59.57755    
    52.73578    
    49.60970    
    48.86123    
    50.92437    
    55.62651    
    60.39546    
    65.23772    
    70.23221    
    73.85458    
    67.25768    
    71.76479    
    88.04130    
    92.28181    

   0.0000000    
   0.0000000    
   0.0000000    
   0.0000000    
   0.0000000    
   0.0000000    
    90.44690    
    550.1266    
    1127.828    
    1154.034    
    1070.750    
    1350.044    
    1357.098    
    920.3694    
    540.5339    
    471.5108    
    409.8107    
    203.5714    
    118.2447    
    239.5579    
    372.2309    
    469.1853    
    546.1089    
    606.9818    
    681.0906    
    855.8895    
    961.1706    
    998.3121    
    812.1321    
    647.1159    
    663.8862    
    647.7975    
    608.8596    
    421.2638    
    238.3257    
    133.4768    
    93.51244    
    72.59505    
    62.76464    
    54.15799    
    49.16343    
    48.51193    
    51.09945    
    55.65419    
    60.38065    
    64.72711    
    69.45258    
    75.08657    
    73.02757    
    70.65121    
    82.94245    
    92.41251    

   0.0000000    
   0.0000000    
   0.0000000    
   0.0000000    
   0.0000000    
   0.0000000    
    75.80553    
    588.7842    
    1035.903    
    968.7673    
    994.2325    
    1181.910    
    1089.830    
    795.9653    
    528.5679    
    385.4750    
    279.0618    
    134.1401    
    117.2146    
    251.8119    
    377.1774    
    424.4656    
    493.8497    
    606.4481    
    689.0616    
    889.5488    
    1046.756    
    966.3459    
    793.1347    
    756.1642    
    696.5911    
    540.5734    
    452.4642    
    308.3925    
    191.5102    
    134.8609    
    100.2523    
    79.57753    
    68.06065    
    56.98439    
    49.69762    
    49.29860    
    52.52972    
    55.90703    
    59.55294    
    63.55910    
    68.41026    
    73.46780    
    77.60687    
    75.33797    
    81.87195    
    91.06007    

   0.0000000    
   0.0000000    
   0.0000000    
   0.0000000    
   0.0000000    
   0.0000000    
    74.54915    
    640.1566    
    974.3178    
    867.4036    
    804.6560    
    721.1149    
    627.2100    
    508.5490    
    515.2006    
    401.9770    
    170.9350    
    75.21507    
    131.9545    
    234.6637    
    312.2597    
    380.0551    
    456.0586    
    635.5729    
    748.1689    
    912.4187    
    1042.052    
    865.1297    
    769.8285    
    711.9286    
    535.8992    
    386.3947    
    322.6404    
    248.5921    
    158.8941    
    126.3020    
    101.3183    
    84.37641    
    71.51983    
    59.81427    
    50.95236    
    49.58517    
    52.46859    
    55.25551    
    58.62201    
    62.65310    
    67.18539    
    71.95940    
    77.09023    
    79.09857    
    84.27679    
    95.78400    

   0.0000000    
   0.0000000    
   0.0000000    
   0.0000000    
   1.8598912E-02
   0.0000000    
    138.6925    
    702.5631    
    1049.010    
    995.4094    
    876.4454    
    725.3632    
    529.9278    
    464.0516    
    659.7767    
    499.7877    
    144.7401    
    61.26410    
    156.3283    
    312.5870    
    399.0094    
    436.7104    
    478.0841    
    613.2965    
    720.8435    
    877.9097    
    996.0768    
    900.6198    
    725.3267    
    512.2560    
    419.0175    
    428.5892    
    368.7047    
    232.2524    
    139.6288    
    115.7769    
    100.8874    
    85.59473    
    71.98364    
    60.39416    
    51.16765    
    48.60878    
    50.67593    
    53.58935    
    57.29198    
    61.36687    
    66.18371    
    71.57707    
    76.88171    
    82.06750    
    89.06977    
    104.4021    

   0.0000000    
   0.0000000    
   0.0000000    
   0.0000000    
   0.7028499    
   0.0000000    
    287.0344    
    841.7934    
    1065.857    
    1061.007    
    1110.047    
    1090.733    
    713.4705    
    610.3402    
    836.1150    
    568.9852    
    141.8497    
    49.94273    
    184.8116    
    494.0688    
    639.4933    
    542.0290    
    502.5484    
    583.4651    
    780.7133    
    945.2711    
    957.0173    
    863.7885    
    581.9621    
    420.5296    
    533.6494    
    620.1395    
    490.4014    
    261.4123    
    140.0337    
    109.7939    
    96.39468    
    82.30494    
    69.90118    
    58.77514    
    49.71029    
    46.92412    
    49.02814    
    52.12735    
    55.73261    
    60.09523    
    65.67559    
    71.44537    
    76.76635    
    83.27296    
    94.60062    
    106.9844    

   0.0000000    
   0.0000000    
   0.0000000    
   9.5162787E-02
   0.0000000    
    13.96860    
    436.3823    
    808.3417    
    1007.528    
    1194.465    
    1283.624    
    1214.062    
    804.2097    
    816.6687    
    1053.062    
    621.9097    
    107.9091    
    53.89436    
    237.5901    
    535.8320    
    644.3864    
    554.4787    
    497.7448    
    578.3135    
    891.0092    
    1042.979    
    855.8981    
    654.0794    
    466.3563    
    463.5695    
    637.0150    
    693.3448    
    541.3665    
    295.0279    
    140.1799    
    102.5869    
    87.90350    
    76.26139    
    66.00777    
    55.80643    
    47.42017    
    45.25860    
    47.62520    
    50.75024    
    54.38544    
    58.65094    
    63.61250    
    69.56506    
    78.21138    
    86.33170    
    94.24995    
    105.1613    

   0.0000000    
   0.0000000    
   0.0000000    
   0.0000000    
   0.0000000    
    102.5340    
    475.3683    
    813.5763    
    1039.537    
    1182.308    
    1245.785    
    1125.449    
    869.7700    
    1035.894    
    1070.726    
    487.9923    
    68.97482    
    100.4496    
    352.5546    
    569.6497    
    592.8821    
    566.5451    
    527.3489    
    597.4196    
    892.5920    
    1047.843    
    834.4554    
    656.8297    
    641.7372    
    559.2625    
    556.0887    
    619.4073    
    542.0339    
    320.3817    
    141.9306    
    96.58092    
    77.18957    
    69.28490    
    61.17566    
    52.52157    
    45.49310    
    44.06850    
    46.13030    
    49.18333    
    53.12655    
    57.78624    
    65.68546    
    75.77254    
    83.95373    
    88.43761    
    90.09317    
    102.4941    

   0.0000000    
   0.0000000    
   0.0000000    
   0.0000000    
    4.350539    
    208.2422    
    605.4307    
    985.6919    
    1129.737    
    1021.856    
    967.8598    
    820.0059    
    786.4221    
    1077.927    
    877.1994    
    281.7083    
    49.58328    
    140.1212    
    421.4686    
    667.5595    
    694.2255    
    633.7920    
    570.1502    
    639.8560    
    897.5804    
    951.6296    
    826.6132    
    853.2236    
    913.2482    
    671.0178    
    433.9870    
    462.1937    
    412.6036    
    257.1472    
    131.5305    
    88.42818    
    67.07866    
    61.18509    
    55.28930    
    48.38946    
    43.24612    
    42.75120    
    44.57375    
    47.37152    
    51.04964    
    55.52955    
    68.54836    
    82.75666    
    86.89724    
    88.55181    
    89.49379    
    99.41961    

   0.0000000    
   0.0000000    
   0.0000000    
   0.0000000    
    12.59991    
    273.1221    
    644.1820    
    870.1259    
    1074.199    
    944.8797    
    667.3242    
    559.9968    
    666.5643    
    963.5718    
    711.0266    
    168.1171    
    41.31139    
    152.9705    
    428.8576    
    716.3995    
    779.9962    
    657.4059    
    603.2793    
    643.0338    
    715.5345    
    765.4714    
    815.6819    
    942.1815    
    987.9344    
    784.7957    
    457.4995    
    327.9484    
    289.6125    
    203.7939    
    120.3719    
    80.88525    
    61.60981    
    53.25697    
    48.36290    
    43.14785    
    40.49949    
    40.56159    
    43.68317    
    48.56613    
    51.49372    
    54.53467    
    66.27307    
    78.85455    
    85.11037    
    89.33823    
    93.17364    
    102.3637    

   0.0000000    
   0.0000000    
   0.0000000    
   0.0000000    
    32.33137    
    276.0327    
    602.2408    
    861.4374    
    1020.553    
    788.9116    
    510.8420    
    482.4970    
    624.4335    
    868.5345    
    600.2530    
    119.9271    
    33.42794    
    166.7499    
    467.6366    
    781.6171    
    881.0040    
    670.0969    
    547.8401    
    558.8083    
    591.4772    
    725.6840    
    787.3928    
    889.6898    
    963.6998    
    890.6314    
    660.1615    
    420.1967    
    324.9679    
    244.4151    
    128.6871    
    70.05300    
    56.31254    
    46.88623    
    42.39621    
    38.78041    
    38.16556    
    41.94168    
    48.50102    
    52.92968    
    54.88158    
    57.98283    
    63.27474    
    74.16529    
    83.31812    
    88.04817    
    93.81619    
    105.8925    

   0.0000000    
   0.0000000    
   0.0000000    
   0.0000000    
    16.34494    
    225.9488    
    591.1453    
    965.1793    
    957.4006    
    605.8220    
    422.3700    
    424.2510    
    627.3596    
    839.0799    
    523.7615    
    87.44631    
    54.04438    
    212.1238    
    462.8085    
    734.4365    
    871.8455    
    637.5521    
    442.8810    
    458.5465    
    557.8140    
    713.3579    
    776.1337    
    839.8563    
    886.8698    
    907.7400    
    747.2456    
    493.5278    
    365.9568    
    268.1126    
    135.9136    
    56.90226    
    46.99762    
    40.85771    
    36.88275    
    39.02502    
    43.86845    
    48.17802    
    51.61218    
    54.23690    
    57.38938    
    60.46078    
    64.47704    
    71.94519    
    80.76875    
    86.23286    
    93.55630    
    107.3660    

   0.0000000    
   0.0000000    
   0.0000000    
   1.2353368E-02
   0.0000000    
    103.7936    
    485.6957    
    872.6750    
    767.5686    
    482.2368    
    417.3677    
    435.4791    
    670.4780    
    846.0015    
    459.5485    
    55.94229    
    68.96661    
    230.8421    
    502.2784    
    743.6817    
    778.9362    
    502.3180    
    314.2182    
    435.7058    
    547.3225    
    638.9286    
    763.1159    
    743.7048    
    759.6049    
    795.6522    
    580.6292    
    383.8671    
    341.3785    
    276.8646    
    131.9918    
    44.94313    
    37.89575    
    36.29490    
    40.22351    
    45.37793    
    47.75277    
    49.09691    
    48.84722    
    51.56253    
    56.79350    
    59.82351    
    64.46387    
    70.58912    
    79.67616    
    86.08383    
    91.75400    
    110.0382    

   0.0000000    
   0.0000000    
   0.0000000    
   5.4042809E-02
   0.0000000    
    35.07795    
    398.6591    
    752.0557    
    636.7648    
    430.9692    
    423.9333    
    423.6315    
    570.9968    
    653.3712    
    280.7315    
    24.63808    
    64.06317    
    215.6203    
    572.4576    
    845.8342    
    715.1492    
    392.8581    
    254.0184    
    413.6949    
    563.3719    
    616.6274    
    753.3205    
    696.1622    
    639.8321    
    624.1874    
    415.1194    
    291.6092    
    287.9022    
    237.2977    
    105.8995    
    36.76661    
    37.96232    
    41.03812    
    45.21361    
    46.57081    
    40.95064    
    42.95411    
    47.02326    
    48.20395    
    53.82587    
    58.60598    
    60.57983    
    67.79819    
    78.53043    
    86.03676    
    91.58716    
    112.6495    

   0.0000000    
   0.0000000    
   0.0000000    
   0.0000000    
   0.0000000    
   0.0000000    
    281.7451    
    561.0169    
    439.9172    
    317.7189    
    330.9135    
    291.1106    
    320.3573    
    307.5981    
    91.61848    
    7.356423    
    88.35966    
    334.7031    
    652.2609    
    780.8730    
    600.8734    
    348.5298    
    272.9531    
    334.2269    
    481.8844    
    584.4673    
    767.2292    
    738.6985    
    544.5031    
    533.9484    
    383.4757    
    246.3145    
    217.5672    
    148.3752    
    73.46191    
    40.32235    
    38.17103    
    39.02020    
    38.76448    
    39.83889    
    35.57026    
    36.23268    
    42.78791    
    46.07575    
    50.99633    
    56.69070    
    59.10379    
    63.90936    
    75.77878    
    86.29747    
    93.94463    
    118.6867    

   0.0000000    
   0.0000000    
   0.0000000    
   0.0000000    
   0.2171933    
   0.0000000    
    138.6507    
    298.7607    
    227.1091    
    205.5146    
    252.3831    
    228.1044    
    183.2256    
    112.4238    
    30.56289    
    14.18922    
    108.2117    
    391.6648    
    664.1674    
    725.0457    
    555.8696    
    318.8105    
    249.6286    
    261.4311    
    455.4741    
    617.3939    
    768.8066    
    783.6226    
    545.1325    
    459.9044    
    331.7847    
    227.2502    
    185.1039    
    107.4610    
    58.78324    
    42.13901    
    33.67243    
    29.88220    
    32.22243    
    33.92459    
    32.08595    
    32.21568    
    38.24327    
    43.20785    
    48.33131    
    54.84927    
    57.95497    
    63.95473    
    75.58660    
    85.57609    
    92.30093    
    118.2564    

   0.0000000    
   0.0000000    
   0.0000000    
   0.0000000    
   1.1751231E-02
   0.0000000    
    20.43871    
    88.95166    
    163.4381    
    165.6462    
    158.2106    
    183.8391    
    135.2965    
    41.97492    
    9.183515    
    19.48538    
    110.4469    
    339.2204    
    631.9225    
    734.5032    
    512.5340    
    252.6005    
    184.9074    
    216.6600    
    460.9868    
    733.1985    
    850.5727    
    815.0443    
    551.3201    
    339.6910    
    259.1810    
    243.8335    
    199.0704    
    107.5741    
    53.40334    
    39.69306    
    32.28170    
    29.44853    
    30.28940    
    30.57059    
    29.78323    
    31.02591    
    36.19548    
    41.13368    
    47.02186    
    53.70351    
    57.05986    
    64.32231    
    77.59417    
    86.62751    
    90.20336    
    119.9913    

   0.0000000    
   0.0000000    
   0.0000000    
   0.0000000    
   0.0000000    
   0.3844710    
   0.0000000    
    55.36208    
    148.5359    
    82.17506    
    48.52536    
    100.9019    
    83.30814    
    33.07158    
    13.51095    
    23.26809    
    106.3928    
    280.9800    
    519.7798    
    563.2256    
    328.3364    
    144.8248    
    108.6020    
    150.8974    
    389.9379    
    740.9575    
    881.7436    
    817.4069    
    565.3703    
    317.3176    
    302.8792    
    299.6561    
    187.0636    
    89.63322    
    46.73532    
    35.76863    
    30.95753    
    29.60324    
    29.66065    
    29.84074    
    29.69729    
    30.47039    
    34.50085    
    40.69387    
    46.77569    
    52.95401    
    57.22919    
    61.17830    
    76.05225    
    90.64237    
    94.03436    
    124.1036    

   0.0000000    
   0.0000000    
   0.0000000    
   0.0000000    
   0.0000000    
   0.0000000    
   0.0000000    
    32.04485    
    63.43967    
    22.84456    
    1.434842    
    25.36282    
    33.70028    
    19.16032    
    12.39851    
    31.17277    
    94.78875    
    214.2130    
    344.8847    
    285.8434    
    133.9956    
    97.00169    
    79.86503    
    94.94371    
    263.5670    
    529.7646    
    685.8249    
    739.4795    
    590.5431    
    336.9869    
    262.6256    
    218.4054    
    119.6872    
    57.24737    
    35.24481    
    29.93515    
    29.29836    
    29.13639    
    28.86170    
    28.83816    
    29.34381    
    30.13268    
    33.77447    
    39.85807    
    46.07150    
    52.76815    
    57.04042    
    62.21751    
    81.34465    
    101.4228    
    107.9492    
    120.4264    

   0.0000000    
   0.0000000    
   0.0000000    
   0.0000000    
   0.0000000    
   1.7190268E-02
   0.2710894    
   0.0000000    
   0.0000000    
   0.7547963    
   0.0000000    
   0.0000000    
    8.478229    
    10.61702    
    12.31693    
    47.90745    
    110.4323    
    204.7549    
    242.1045    
    142.8582    
    116.1309    
    121.1303    
    64.22035    
    72.18825    
    212.2151    
    422.3985    
    547.1172    
    577.3887    
    496.9500    
    309.9049    
    173.8186    
    135.4222    
    86.80429    
    44.66558    
    32.37484    
    27.68165    
    27.66711    
    27.85021    
    27.55294    
    27.17156    
    28.34416    
    29.76542    
    34.49481    
    41.49479    
    47.35448    
    54.36865    
    57.60689    
    65.71431    
    96.45004    
    131.7424    
    138.8560    
    135.0650    

   0.0000000    
   0.0000000    
   0.0000000    
   0.0000000    
   0.0000000    
   0.0000000    
   4.2833248E-03
   7.9151010E-03
   0.0000000    
   0.0000000    
   8.1469730E-02
   0.0000000    
   0.3929906    
    2.319993    
    6.897060    
    65.98993    
    129.1936    
    157.9117    
    161.5522    
    139.6427    
    166.9390    
    119.4998    
    36.62738    
    109.4535    
    234.4851    
    369.5592    
    463.7000    
    454.0303    
    448.4084    
    354.9185    
    238.1790    
    204.6547    
    125.5715    
    55.61019    
    36.56464    
    28.92129    
    26.54488    
    26.17718    
    26.81138    
    27.67514    
    28.77737    
    29.34382    
    34.32708    
    43.78983    
    51.23211    
    56.96311    
    63.53566    
    78.78156    
    115.0813    
    163.5562    
    184.5951    
    165.1902    

   0.0000000    
   0.0000000    
   0.0000000    
   0.0000000    
   0.0000000    
   0.0000000    
   0.0000000    
   0.0000000    
   0.0000000    
   0.0000000    
   0.0000000    
   0.0000000    
   0.0000000    
   0.2365033    
    10.12974    
    62.15658    
    108.7475    
    105.8356    
    167.9138    
    211.8829    
    145.8194    
    67.82163    
    57.44012    
    231.3633    
    370.9328    
    402.9737    
    388.2254    
    397.7349    
    480.5764    
    484.4407    
    403.7978    
    285.2741    
    176.6542    
    79.22810    
    36.77794    
    31.11835    
    25.55351    
    25.57722    
    26.81865    
    27.98988    
    29.09744    
    30.56455    
    32.28630    
    41.55140    
    54.33231    
    59.33200    
    67.68355    
    84.88647    
    107.4235    
    137.0328    
    159.7333    
    146.3705    

   0.0000000    
   0.0000000    
   0.0000000    
   0.0000000    
   0.0000000    
   0.0000000    
   0.0000000    
   0.0000000    
   0.0000000    
   0.0000000    
   0.0000000    
   3.0458395E-03
   0.0000000    
   0.0000000    
    15.89766    
    37.64857    
    50.91376    
    88.22225    
    224.9178    
    339.0888    
    204.7272    
    45.11934    
    131.6061    
    341.8822    
    490.2957    
    529.2652    
    456.6846    
    401.7182    
    452.1637    
    566.1349    
    533.5197    
    358.6284    
    229.9581    
    102.2089    
    37.71595    
    33.19843    
    25.38588    
    24.68783    
    26.95279    
    27.93526    
    30.58457    
    35.98243    
    34.33967    
    35.17707    
    47.47443    
    57.17571    
    62.84185    
    67.71419    
    78.34608    
    92.05551    
    106.0765    
    112.7996    

   0.0000000    
   0.0000000    
   0.0000000    
   0.0000000    
   0.0000000    
   0.0000000    
   0.0000000    
   0.0000000    
   0.0000000    
   0.0000000    
   0.0000000    
   0.0000000    
   0.0000000    
   0.0000000    
    19.55588    
    31.02873    
    6.244277    
    132.2822    
    348.0546    
    435.7009    
    252.9596    
    44.60475    
    193.3847    
    378.7563    
    518.5161    
    596.2258    
    508.7968    
    447.2297    
    483.1403    
    539.9755    
    489.3033    
    359.1477    
    227.8582    
    109.4906    
    43.53033    
    31.99789    
    24.01032    
    22.37631    
    26.37020    
    28.91100    
    31.37223    
    34.87580    
    33.52618    
    32.20109    
    43.77169    
    57.20810    
    60.18193    
    57.30093    
    67.37156    
    84.54867    
    94.08691    
    106.7589    

   0.0000000    
   0.0000000    
   0.0000000    
   0.0000000    
   0.0000000    
   0.0000000    
   0.0000000    
   0.0000000    
   0.0000000    
   0.0000000    
   0.0000000    
   0.0000000    
   0.0000000    
   0.0000000    
    38.03681    
    65.69466    
    25.98109    
    185.1710    
    411.7447    
    349.2459    
    171.6699    
    71.74223    
    230.3926    
    494.8810    
    634.5244    
    662.3170    
    535.5681    
    493.6233    
    569.1108    
    537.9749    
    461.6072    
    386.8100    
    244.1462    
    118.7795    
    60.99503    
    35.53259    
    24.00069    
    21.47282    
    24.35936    
    27.53843    
    28.69932    
    29.21144    
    34.39056    
    41.65444    
    52.26965    
    60.71688    
    63.90380    
    69.69698    
    78.92464    
    87.73295    
    90.56254    
    123.0590    

   0.0000000    
   0.0000000    
   0.0000000    
   0.0000000    
   0.0000000    
   0.0000000    
   0.0000000    
   0.0000000    
   0.0000000    
   0.0000000    
   0.0000000    
   4.9309246E-02
   0.0000000    
   0.0000000    
    46.59143    
    112.4243    
    102.3098    
    256.9652    
    402.6389    
    282.8094    
    176.3722    
    109.6889    
    231.6135    
    593.2969    
    687.5458    
    645.8389    
    619.2025    
    514.2678    
    514.2706    
    505.0025    
    484.6621    
    425.0589    
    252.8861    
    128.4095    
    75.92691    
    43.83601    
    28.17485    
    21.81900    
    20.77375    
    23.51396    
    26.64082    
    30.99799    
    42.14936    
    53.78456    
    59.22933    
    60.79503    
    67.21773    
    81.43561    
    89.82265    
    89.41322    
    95.93558    
    149.1875    

   0.0000000    
   0.0000000    
   0.0000000    
   0.0000000    
   0.0000000    
   0.0000000    
   0.0000000    
   0.0000000    
   0.0000000    
   0.1416678    
   0.0000000    
   0.0000000    
   0.0000000    
    9.603052    
    69.46630    
    182.0485    
    252.7569    
    454.0518    
    514.9051    
    334.8172    
    228.2926    
    118.5654    
    242.9945    
    579.2820    
    660.2133    
    600.0554    
    650.1922    
    591.4221    
    500.1274    
    521.8250    
    506.3885    
    426.8100    
    316.7858    
    184.3544    
    95.88760    
    55.02934    
    31.77566    
    21.15866    
    18.82511    
    21.00673    
    24.42158    
    31.29111    
    40.67532    
    50.34379    
    58.44260    
    61.34217    
    64.00943    
    71.07419    
    77.32905    
    80.61311    
    92.41005    
    142.0410    

   0.0000000    
   0.0000000    
   0.0000000    
   0.0000000    
   0.0000000    
   0.0000000    
   0.0000000    
   0.0000000    
   0.1934705    
   0.0000000    
    2.557760    
    9.482630    
    18.38363    
    58.61003    
    140.2616    
    290.4103    
    473.9700    
    668.3436    
    588.4180    
    326.1390    
    225.0617    
    156.4946    
    278.4667    
    601.1965    
    749.9135    
    689.7996    
    644.6358    
    656.5116    
    619.7310    
    610.2516    
    551.7615    
    457.6312    
    400.2399    
    264.9121    
    135.8363    
    62.58604    
    32.56577    
    19.86018    
    17.89935    
    20.35235    
    22.22107    
    27.76653    
    33.33537    
    38.08548    
    48.02555    
    58.02295    
    60.62804    
    61.15477    
    71.12812    
    81.78944    
    90.71690    
    128.4767    

   0.0000000    
   0.0000000    
   0.0000000    
   0.0000000    
   0.0000000    
   0.0000000    
   0.0000000    
   0.0000000    
   0.0000000    
    4.314150    
    62.67275    
    120.2238    
    123.3542    
    139.1037    
    184.0910    
    342.4881    
    657.2164    
    836.0110    
    594.2816    
    316.8578    
    215.7477    
    188.5341    
    309.3051    
    601.1195    
    841.2970    
    806.4431    
    668.5143    
    700.1231    
    848.4290    
    781.9248    
    602.6987    
    491.5343    
    409.5037    
    324.0119    
    188.1451    
    71.52809    
    31.71098    
    18.49360    
    16.24915    
    19.07034    
    21.80894    
    27.05906    
    30.10372    
    31.26079    
    35.12526    
    47.35069    
    58.84688    
    63.49078    
    78.50032    
    89.52686    
    87.36559    
    135.3148    

   0.0000000    
   0.0000000    
   0.0000000    
   0.0000000    
   0.0000000    
   0.0000000    
   0.0000000    
   7.5375989E-02
   0.0000000    
    35.24091    
    168.1896    
    245.8467    
    217.7697    
    215.5679    
    235.5278    
    387.5326    
    713.5360    
    820.9782    
    567.5239    
    316.8629    
    166.5549    
    200.4991    
    342.3411    
    596.5434    
    898.8778    
    870.9932    
    738.3848    
    739.4432    
    928.0966    
    893.7562    
    664.8524    
    603.1330    
    495.5932    
    392.3518    
    254.3480    
    82.71168    
    26.92554    
    17.27356    
    15.80790    
    18.62527    
    20.57184    
    26.32796    
    30.08167    
    30.12809    
    31.77528    
    44.65746    
    58.71034    
    62.71168    
    73.61041    
    89.20758    
    88.15540    
    157.9076    

   0.0000000    
   0.0000000    
   0.0000000    
   0.0000000    
   0.0000000    
   0.0000000    
   0.0000000    
   0.0000000    
   0.0000000    
    80.21565    
    294.3107    
    388.9347    
    278.4680    
    242.8371    
    331.3199    
    451.8954    
    735.6750    
    740.4543    
    426.6782    
    263.3852    
    169.3628    
    268.4185    
    405.4969    
    627.3145    
    964.3611    
    935.2183    
    777.6287    
    707.2875    
    778.6877    
    833.2787    
    676.0553    
    603.3236    
    501.1595    
    384.8192    
    273.9271    
    92.54018    
    23.91510    
    17.23591    
    16.46939    
    20.68344    
    19.83155    
    24.24566    
    30.03286    
    31.05528    
    37.06396    
    50.85656    
    60.31692    
    62.40865    
    80.17585    
    101.8793    
    129.8603    
    221.3688    

   0.0000000    
   0.0000000    
   0.0000000    
   0.0000000    
   0.0000000    
   0.0000000    
   0.0000000    
   0.0000000    
    3.661979    
    139.0480    
    413.3152    
    549.9119    
    386.4472    
    280.1809    
    425.3931    
    495.5002    
    716.4615    
    679.8889    
    275.3748    
    151.7181    
    166.6828    
    312.7269    
    486.0271    
    694.1546    
    1012.050    
    957.4487    
    743.5376    
    700.2609    
    773.4719    
    807.1464    
    696.8002    
    665.9408    
    542.6903    
    403.4158    
    263.4463    
    83.58427    
    22.38862    
    16.19769    
    16.76361    
    21.12883    
    21.59656    
    24.97574    
    29.76124    
    33.55477    
    43.74101    
    55.69996    
    60.19014    
    66.14845    
    98.22005    
    118.0205    
    170.8547    
    283.5298    

   0.0000000    
   0.0000000    
   0.0000000    
   0.0000000    
   0.0000000    
   0.0000000    
   0.0000000    
   0.0000000    
    19.76939    
    186.3326    
    468.1253    
    634.1655    
    456.1528    
    322.4039    
    510.9738    
    507.3135    
    505.1989    
    420.0265    
    140.7705    
    59.61909    
    103.4950    
    233.5823    
    466.4221    
    728.2680    
    948.0715    
    933.1523    
    766.8022    
    757.1780    
    893.0237    
    876.2408    
    812.9109    
    856.6350    
    621.9770    
    394.6120    
    230.7538    
    53.00024    
    19.60277    
    12.89593    
    16.03448    
    20.04457    
    23.16256    
    25.80882    
    28.68314    
    32.92280    
    42.45206    
    55.62949    
    60.22127    
    66.46068    
    90.09159    
    106.4016    
    163.3594    
    277.2075    

   0.0000000    
   0.0000000    
   0.0000000    
   0.0000000    
   0.0000000    
   0.0000000    
   4.5611309E-03
   0.0000000    
    33.08566    
    214.6155    
    513.4437    
    649.0050    
    431.1077    
    369.0356    
    605.9269    
    584.2701    
    328.8233    
    145.9739    
    68.96857    
    52.10983    
    59.54134    
    140.5787    
    416.2069    
    703.3715    
    849.2343    
    910.2754    
    829.5443    
    851.0200    
    977.2470    
    972.5621    
    833.1315    
    736.9880    
    595.3403    
    367.7573    
    169.6435    
    32.68110    
    17.38664    
    11.02286    
    15.01698    
    18.69171    
    22.77132    
    27.15776    
    29.29232    
    29.73426    
    32.92458    
    48.03244    
    62.39895    
    74.46072    
    85.95319    
    108.8332    
    192.7797    
    264.9263    

   0.0000000    
   0.0000000    
   0.0000000    
   0.0000000    
   0.0000000    
   0.0000000    
   0.0000000    
   0.0000000    
    62.91433    
    228.7745    
    456.6609    
    548.6854    
    411.0448    
    515.0760    
    743.3306    
    598.4984    
    239.7531    
    64.68607    
    56.10768    
    44.31565    
    26.88488    
    114.2444    
    406.6857    
    695.5663    
    896.4045    
    946.7997    
    815.4185    
    896.9589    
    998.7937    
    942.8624    
    811.0461    
    581.8369    
    460.5894    
    313.1081    
    115.8322    
    30.84129    
    15.73054    
    9.765646    
    13.69885    
    17.40437    
    22.03397    
    27.39240    
    32.35522    
    33.31977    
    34.98904    
    48.56437    
    63.64984    
    79.08802    
    87.79320    
    131.4967    
    283.8315    
    308.8195    

   0.0000000    
   0.0000000    
   0.0000000    
   0.0000000    
   0.0000000    
   0.0000000    
   0.0000000    
   0.0000000    
    101.4022    
    275.1195    
    410.2074    
    529.6149    
    468.9971    
    598.5569    
    747.1337    
    447.8951    
    152.1223    
    66.83261    
    44.10507    
    28.47556    
    16.20015    
    144.8425    
    438.8647    
    683.9588    
    864.6694    
    964.2440    
    865.1160    
    860.7715    
    925.6964    
    876.9249    
    813.6464    
    557.1892    
    308.3897    
    189.6740    
    78.41763    
    35.42952    
    15.27669    
    8.392145    
    12.55698    
    16.75472    
    21.04935    
    25.51679    
    33.12000    
    36.90985    
    41.50165    
    53.87889    
    62.38916    
    67.67518    
    76.99272    
    152.6920    
    331.8682    
    341.0996    

   0.0000000    
   0.0000000    
   0.0000000    
   0.0000000    
   0.0000000    
   0.0000000    
   0.0000000    
   0.0000000    
    84.80052    
    256.1540    
    420.2835    
    550.3622    
    459.5432    
    538.3636    
    690.1871    
    431.9944    
    153.3464    
    57.20839    
    31.54763    
    17.06322    
    9.960007    
    145.4561    
    365.5887    
    576.6727    
    777.7343    
    988.6714    
    978.7576    
    871.8525    
    892.5190    
    860.9838    
    752.9421    
    489.3373    
    266.2759    
    139.7613    
    54.01576    
    28.51208    
    12.56577    
    7.604622    
    12.05990    
    15.98769    
    19.60583    
    24.00619    
    29.63121    
    34.58593    
    42.32961    
    54.62480    
    61.65354    
    59.63167    
    69.56805    
    150.6234    
    313.6487    
    344.8804    

   0.0000000    
   0.0000000    
   0.0000000    
   0.0000000    
   0.0000000    
   0.0000000    
   0.0000000    
    4.165366    
    55.36382    
    171.8180    
    324.7159    
    391.2621    
    370.1531    
    531.7028    
    705.0012    
    454.4413    
    127.1523    
    45.59594    
    22.67679    
    7.329565    
   0.0000000    
    162.5120    
    396.8924    
    501.1054    
    712.5272    
    972.5871    
    887.0213    
    817.7733    
    871.0593    
    765.9252    
    585.4221    
    365.1661    
    214.6360    
    94.76000    
    35.15764    
    21.19842    
    9.858999    
    6.547634    
    10.85283    
    14.83910    
    17.96550    
    20.66972    
    24.95713    
    30.45188    
    38.85726    
    52.52385    
    60.74349    
    58.06178    
    68.74981    
    137.8629    
    300.1391    
    365.4205    

   0.0000000    
   0.0000000    
   0.0000000    
   0.0000000    
   0.0000000    
   0.0000000    
   0.0000000    
   0.2318070    
    38.57418    
    134.7048    
    235.6784    
    247.0302    
    336.5892    
    555.4431    
    576.3903    
    308.2331    
    79.63052    
    31.92823    
    12.26880    
   0.9647835    
   0.0000000    
    208.9997    
    552.7020    
    546.4547    
    584.1018    
    751.1613    
    626.5044    
    576.5583    
    694.5629    
    624.4826    
    454.7858    
    337.8791    
    190.3523    
    56.84404    
    29.39576    
    16.87505    
    6.924441    
    5.136666    
    8.612753    
    12.61951    
    15.30251    
    17.32086    
    21.66330    
    26.40748    
    31.23575    
    45.19324    
    58.87863    
    66.91437    
    81.33708    
    132.1984    
    289.0558    
    371.8151    

   0.0000000    
   0.0000000    
   0.0000000    
   0.0000000    
   0.0000000    
   0.0000000    
   7.1856990E-02
   0.0000000    
    11.81060    
    104.3675    
    179.2256    
    205.6078    
    353.5276    
    487.3872    
    355.6765    
    153.4191    
    63.27828    
    18.39704    
    2.120634    
   0.0000000    
   0.0000000    
    138.9245    
    400.5250    
    428.2223    
    352.4947    
    420.0994    
    420.9658    
    374.2374    
    469.6660    
    553.5501    
    478.0744    
    306.8620    
    134.6837    
    34.52672    
    16.40672    
    8.839907    
    3.779902    
    3.776266    
    6.427828    
    10.06009    
    12.45751    
    15.44979    
    19.92641    
    24.21060    
    28.40288    
    43.03710    
    59.49191    
    80.70157    
    97.50257    
    138.0760    
    288.9187    
    371.6008    

   0.0000000    
   0.0000000    
   0.0000000    
   0.0000000    
   0.0000000    
   0.0000000    
   0.0000000    
   0.0000000    
   0.0000000    
    52.41129    
    125.0914    
    219.1812    
    425.5749    
    448.8668    
    230.8151    
    92.64380    
    44.31574    
    10.97039    
   0.0000000    
    5.479163    
    4.297495    
    72.43447    
    222.7130    
    227.3822    
    188.4873    
    270.9079    
    291.9646    
    258.1340    
    311.8296    
    448.8517    
    386.2828    
    174.3201    
    66.26223    
    16.65042    
    3.569838    
    3.042940    
    2.613267    
    2.848490    
    4.488345    
    7.247681    
    9.999012    
    14.12861    
    18.74384    
    22.66014    
    28.49368    
    44.07487    
    58.96377    
    80.79623    
    93.85990    
    131.9386    
    268.9462    
    339.2223    

   0.0000000    
   0.0000000    
   0.0000000    
   0.0000000    
   0.0000000    
   0.0000000    
   0.0000000    
   9.3680620E-02
   0.0000000    
   0.0000000    
    70.58527    
    249.2462    
    513.4560    
    494.4544    
    211.5836    
    64.73048    
    21.61782    
    5.897195    
    5.532566    
    19.07264    
    17.32798    
    100.9449    
    284.5160    
    281.4920    
    230.5937    
    231.5761    
    181.6367    
    177.7569    
    227.8833    
    321.1317    
    272.9063    
    131.9314    
    51.39040    
    8.184318    
   0.0000000    
    1.483739    
    1.829171    
    1.883300    
    2.779905    
    4.777563    
    7.967502    
    12.42846    
    17.20560    
    21.60503    
    26.39279    
    37.26363    
    52.26149    
    67.01413    
    73.76662    
    98.17419    
    201.8645    
    259.4634    

   0.0000000    
   0.0000000    
   0.0000000    
   0.0000000    
   0.0000000    
   0.0000000    
   0.0000000    
   0.0000000    
   0.1859101    
   0.0000000    
    39.97317    
    224.3622    
    483.7083    
    457.5616    
    209.5655    
    63.56782    
    4.467080    
   0.0000000    
    15.56920    
    37.43172    
    29.36329    
    163.3751    
    406.0320    
    417.1265    
    239.0836    
    135.5869    
    152.1151    
    169.3724    
    216.3861    
    312.6509    
    277.7698    
    125.6838    
    26.17712    
    2.925534    
   0.3389906    
   0.9711798    
    1.036818    
    1.084128    
    1.689928    
    3.305592    
    6.436064    
    10.96952    
    15.71899    
    20.27728    
    24.67627    
    33.03415    
    51.98020    
    65.96883    
    76.04916    
    97.39135    
    157.0779    
    207.9654    

   0.0000000    
   0.0000000    
   0.0000000    
   0.0000000    
   0.0000000    
   0.0000000    
   0.0000000    
   0.0000000    
   0.0000000    
   0.0000000    
    21.92784    
    139.9128    
    339.7916    
    321.5658    
    166.0383    
    70.43572    
   0.0000000    
   0.0000000    
    9.145596    
    37.90055    
    48.40048    
    209.5075    
    427.1380    
    393.6771    
    188.4032    
    113.7982    
    206.0310    
    232.5732    
    275.3131    
    340.8099    
    269.1380    
    105.2770    
    7.580864    
   0.0000000    
   0.8783822    
    1.001281    
   0.9982510    
   0.9451134    
    1.167286    
    2.531677    
    5.694387    
    10.02470    
    14.46016    
    18.82175    
    24.19973    
    34.32536    
    55.60213    
    79.51537    
    100.2333    
    110.0347    
    136.4360    
    207.0055    

