   0.0000000    
   0.0000000    
   0.0000000    
   0.0000000    
   0.0000000    
   0.0000000    
   5.9886109E-02
    1.202583    
    20.04221    
    51.53818    
    74.52737    
    105.4556    
    201.9498    
    409.4121    
    564.2720    
    487.6448    
    382.2338    
    421.4083    
    452.3678    
    433.4174    
    442.5509    
    458.3734    
    459.0701    
    447.3793    
    465.8143    
    560.9229    
    656.3789    
    685.0003    
    615.1078    
    462.1989    
    352.7897    
    296.5546    
    230.5681    
    177.9432    
    155.7270    
    130.6535    
    97.78924    
    78.83826    
    68.42826    
    60.77242    
    57.02302    
    54.60915    
    51.60310    
    49.98051    
    50.83360    
    57.26428    
    68.30578    
    73.39467    
    72.94418    
    73.93271    
    76.95132    

   0.0000000    
   0.0000000    
   0.0000000    
   0.0000000    
   0.0000000    
   0.0000000    
   5.9886109E-02
   8.9404933E-02
   2.9518824E-02
   0.0000000    
    27.11838    
    101.2288    
    230.9285    
    415.9391    
    520.3560    
    444.6408    
    368.0845    
    414.1045    
    431.9950    
    389.6409    
    405.0039    
    445.1395    
    441.7344    
    420.6533    
    438.2372    
    531.6802    
    630.5355    
    663.7053    
    618.2622    
    548.8254    
    499.0588    
    379.1918    
    241.6999    
    186.5113    
    166.6156    
    137.1382    
    101.9454    
    78.97452    
    67.15191    
    59.68357    
    55.38720    
    54.18304    
    53.37925    
    51.89431    
    51.29405    
    55.63218    
    63.90959    
    66.01122    
    63.72892    
    67.11749    
    73.40196    

   0.0000000    
   0.0000000    
   0.0000000    
   0.0000000    
   0.0000000    
   0.0000000    
   0.0000000    
   2.9518824E-02
   8.6239651E-02
   5.6720823E-02
    23.93666    
    105.1804    
    243.1442    
    404.7127    
    476.9400    
    402.7395    
    342.7070    
    379.3871    
    389.3843    
    365.4968    
    395.1412    
    431.0954    
    414.4572    
    395.6255    
    421.6621    
    489.5421    
    553.8386    
    583.9515    
    606.8077    
    646.9838    
    606.4489    
    406.9092    
    238.0683    
    193.2303    
    170.2385    
    145.2947    
    114.6683    
    81.88462    
    65.94737    
    60.74760    
    56.70938    
    54.56537    
    53.78801    
    51.36261    
    49.81641    
    53.17356    
    60.50485    
    63.60635    
    61.52103    
    63.67596    
    70.25350    

   0.0000000    
   0.0000000    
   0.0000000    
   0.0000000    
   0.0000000    
   0.0000000    
   0.0000000    
   5.1857308E-02
   0.1085781    
    1.114131    
    26.10299    
    111.8271    
    256.4367    
    409.3592    
    466.8229    
    387.7997    
    317.1384    
    328.6478    
    336.4945    
    343.5751    
    376.7375    
    390.5753    
    377.3860    
    386.8139    
    433.6592    
    479.0209    
    485.0297    
    488.7076    
    565.9407    
    655.9887    
    602.2916    
    404.9247    
    253.9107    
    204.7149    
    179.8070    
    165.9998    
    132.4941    
    84.64836    
    63.77789    
    59.56530    
    55.79707    
    51.95111    
    49.01463    
    44.87847    
    44.47044    
    50.95625    
    59.53207    
    64.05756    
    62.93054    
    61.87150    
    66.29845    

   0.0000000    
   0.0000000    
   0.0000000    
   0.0000000    
   0.0000000    
   0.0000000    
   0.0000000    
   5.1857308E-02
    1.620020    
    17.88902    
    63.11090    
    152.0201    
    294.5572    
    426.6487    
    444.1865    
    362.1650    
    300.8292    
    292.6320    
    298.0786    
    316.4879    
    336.5848    
    341.9415    
    359.4685    
    411.5850    
    479.4542    
    526.3065    
    496.0334    
    449.4519    
    528.3625    
    643.0506    
    600.7236    
    424.0732    
    289.6828    
    232.7065    
    199.3935    
    188.1737    
    147.6004    
    87.45184    
    61.30549    
    54.45362    
    49.07243    
    45.43095    
    43.77522    
    41.48334    
    44.32102    
    53.04786    
    59.67072    
    62.96232    
    63.87801    
    62.02825    
    63.03332    

   0.0000000    
   0.0000000    
   0.0000000    
   0.0000000    
   0.0000000    
   0.0000000    
   0.0000000    
   0.0000000    
    11.28939    
    57.35688    
    122.0042    
    223.5836    
    374.8846    
    460.8814    
    438.6570    
    391.9888    
    358.2995    
    315.8077    
    279.9658    
    277.8452    
    289.5744    
    313.2415    
    372.3072    
    454.6041    
    535.4243    
    579.2894    
    526.1617    
    456.8096    
    527.4645    
    651.5532    
    620.4500    
    464.2828    
    351.6779    
    275.1778    
    219.1283    
    213.7552    
    173.7785    
    97.46169    
    57.82443    
    47.87157    
    41.12222    
    37.32889    
    39.11263    
    43.13950    
    50.47338    
    57.63795    
    60.36007    
    61.78185    
    63.93340    
    63.56408    
    61.55747    

   0.0000000    
   0.0000000    
   0.0000000    
   0.0000000    
   0.0000000    
   0.0000000    
   0.0000000    
   0.0000000    
    24.49252    
    89.70049    
    158.5198    
    288.3091    
    471.1124    
    525.4133    
    484.4576    
    481.0797    
    466.8069    
    377.8116    
    277.6298    
    245.8512    
    264.4991    
    317.5519    
    404.4038    
    496.2360    
    582.5189    
    606.5932    
    525.3004    
    460.1525    
    544.4008    
    684.8461    
    677.8090    
    559.2283    
    445.4530    
    314.5011    
    240.6948    
    251.8187    
    208.3512    
    108.8482    
    54.80127    
    45.36030    
    40.43347    
    35.24943    
    37.05619    
    46.22167    
    55.98621    
    60.12100    
    60.37973    
    60.80474    
    63.11532    
    65.00362    
    62.95582    

   0.0000000    
   0.0000000    
   0.0000000    
   0.0000000    
   0.0000000    
   0.0000000    
   0.0000000    
   0.0000000    
    28.70026    
    94.39295    
    184.9198    
    371.5760    
    563.3325    
    571.4148    
    516.0927    
    527.0668    
    502.8114    
    389.2352    
    273.7124    
    239.7069    
    279.0488    
    352.1832    
    434.2089    
    517.2181    
    609.2553    
    627.4146    
    529.6947    
    494.0059    
    637.1375    
    801.3270    
    797.3510    
    662.5680    
    485.8188    
    323.3746    
    273.7802    
    286.1511    
    218.1714    
    108.3387    
    57.41976    
    49.84188    
    45.84052    
    40.96226    
    43.25700    
    52.61885    
    59.21145    
    60.39328    
    60.05569    
    60.16824    
    61.77615    
    65.53850    
    67.28160    

   0.0000000    
   0.0000000    
   0.0000000    
   0.0000000    
   0.0000000    
   0.0000000    
   0.0000000    
   0.4828367    
    27.72684    
    94.88227    
    226.4085    
    464.1968    
    610.1797    
    538.2452    
    485.4496    
    508.4865    
    458.4772    
    350.5984    
    268.3305    
    257.4032    
    323.0381    
    395.7215    
    447.7511    
    520.5885    
    625.2782    
    643.4548    
    552.3012    
    598.6878    
    826.1520    
    970.2938    
    885.2345    
    656.1813    
    422.1974    
    299.6106    
    301.7403    
    291.5662    
    195.5980    
    99.67005    
    63.00646    
    56.71490    
    53.36471    
    50.37424    
    53.16696    
    58.57845    
    60.72330    
    60.53702    
    60.43945    
    60.50582    
    60.68507    
    63.80437    
    69.27596    

   0.0000000    
   0.0000000    
   0.0000000    
   0.0000000    
   0.0000000    
   0.0000000    
   0.0000000    
   0.4828367    
    27.83768    
    116.5624    
    299.6701    
    532.7085    
    590.0571    
    468.6052    
    429.5922    
    460.4266    
    408.5599    
    310.9253    
    256.4267    
    276.0483    
    355.0992    
    412.7515    
    449.3746    
    537.5486    
    656.9235    
    667.5717    
    603.5558    
    718.6481    
    959.3041    
    1022.136    
    818.5841    
    533.6497    
    340.7783    
    281.0380    
    298.8591    
    259.9709    
    160.4361    
    94.26628    
    69.83716    
    61.11974    
    58.56784    
    58.06182    
    58.97829    
    60.22012    
    60.69144    
    60.55849    
    61.09835    
    62.08384    
    61.21433    
    61.26854    
    66.72478    

   0.0000000    
   0.0000000    
   0.0000000    
   0.0000000    
   0.0000000    
   0.0000000    
   0.0000000    
   0.0000000    
    34.02378    
    177.6808    
    443.5809    
    633.2182    
    565.5618    
    409.2339    
    358.7668    
    376.5665    
    351.7369    
    276.8420    
    244.4971    
    279.9156    
    348.4650    
    403.8824    
    458.2143    
    570.6599    
    692.8131    
    696.8391    
    673.6213    
    802.7618    
    952.9531    
    889.1312    
    637.5211    
    419.2259    
    307.6232    
    265.7286    
    261.4737    
    210.4862    
    134.3509    
    97.77318    
    80.77303    
    65.90306    
    60.02461    
    60.39167    
    60.27995    
    60.11802    
    60.30039    
    60.25575    
    60.85958    
    62.98910    
    63.56551    
    62.27473    
    65.02071    

   0.0000000    
   0.0000000    
   0.0000000    
   0.0000000    
   0.0000000    
   1.0502599E-02
   0.0000000    
    3.782065    
    65.19601    
    290.5818    
    612.0263    
    710.5084    
    525.5975    
    360.9832    
    329.3455    
    339.9842    
    323.5816    
    273.0048    
    247.5304    
    271.5395    
    330.4482    
    408.7284    
    501.7303    
    618.9523    
    715.8397    
    727.2501    
    769.2558    
    871.1181    
    846.6974    
    667.1348    
    473.2988    
    367.2084    
    293.1528    
    232.5851    
    209.8282    
    170.2702    
    126.1057    
    106.2738    
    92.12820    
    75.15608    
    64.34843    
    61.54835    
    60.42700    
    59.93972    
    60.13081    
    60.16676    
    60.12282    
    61.91674    
    64.93470    
    65.88149    
    67.24604    

   0.0000000    
   0.0000000    
   0.0000000    
   0.0000000    
   0.0000000    
   0.0000000    
    5.208342    
    31.16264    
    125.7636    
    377.6889    
    652.5943    
    647.7602    
    446.1396    
    347.9022    
    361.3968    
    370.5485    
    353.0468    
    296.9292    
    246.4834    
    269.8319    
    345.5003    
    439.0928    
    532.3748    
    617.5825    
    691.5628    
    758.2811    
    871.7371    
    889.5133    
    689.1618    
    481.0051    
    383.6151    
    327.8969    
    255.5734    
    197.3836    
    176.2391    
    151.4568    
    127.3207    
    112.7396    
    99.61372    
    85.52098    
    72.13313    
    63.87370    
    60.63190    
    59.88477    
    60.37451    
    60.91842    
    60.36423    
    60.50419    
    63.51207    
    66.81696    
    69.13239    

   0.0000000    
   0.0000000    
   0.0000000    
   0.0000000    
   0.0000000    
   0.0000000    
    13.20416    
    88.83945    
    225.8980    
    423.7841    
    608.3445    
    574.0153    
    420.4201    
    375.1537    
    371.3376    
    369.5464    
    378.4970    
    310.4880    
    248.1132    
    290.8027    
    379.3621    
    467.6099    
    530.0142    
    568.4780    
    638.4725    
    781.0303    
    903.3398    
    809.3930    
    570.2241    
    426.7907    
    363.4775    
    285.0426    
    216.8603    
    190.6670    
    175.2238    
    147.7833    
    127.4197    
    114.6688    
    102.0108    
    90.56585    
    77.74146    
    66.02426    
    60.76262    
    59.96672    
    60.47184    
    61.26528    
    61.08140    
    60.51942    
    61.62910    
    65.19772    
    69.80531    

   0.0000000    
   0.0000000    
   0.0000000    
   0.0000000    
   0.0000000    
   0.0000000    
    20.18870    
    162.5336    
    368.4701    
    509.6967    
    626.2358    
    596.6187    
    454.8231    
    404.4743    
    362.7693    
    342.7613    
    366.9212    
    325.0904    
    284.4691    
    308.9312    
    377.2903    
    466.4153    
    544.2883    
    585.0140    
    644.7910    
    805.2994    
    868.0532    
    702.4070    
    547.6114    
    471.9141    
    365.6364    
    257.1073    
    216.8393    
    221.0615    
    195.5532    
    149.5629    
    124.2606    
    112.4010    
    100.5211    
    90.48992    
    80.41737    
    69.21239    
    61.99697    
    60.16126    
    60.20440    
    60.37650    
    61.10270    
    61.80986    
    62.33915    
    65.57245    
    72.44996    

   0.0000000    
   0.0000000    
   0.0000000    
   0.0000000    
   0.0000000    
   0.0000000    
    31.22290    
    213.6873    
    459.4349    
    585.6186    
    647.1852    
    596.7557    
    475.2639    
    415.7310    
    352.8302    
    340.0154    
    389.2777    
    387.6656    
    333.8348    
    296.7542    
    347.5643    
    452.5069    
    555.9287    
    619.2719    
    680.8111    
    822.5568    
    835.4694    
    689.7268    
    643.4543    
    589.0815    
    416.4630    
    278.0459    
    258.5150    
    274.5601    
    227.9349    
    159.1511    
    122.5248    
    107.8115    
    97.29868    
    88.24100    
    80.56451    
    71.68137    
    63.60625    
    60.46748    
    60.11658    
    59.81082    
    61.04116    
    62.89390    
    63.52879    
    66.35394    
    74.91389    

   0.0000000    
   0.0000000    
   0.0000000    
   0.0000000    
   0.0000000    
   0.0000000    
    49.75314    
    252.9547    
    500.4417    
    621.9824    
    622.3729    
    533.5022    
    458.0580    
    402.0139    
    336.8841    
    384.3593    
    489.1490    
    471.7665    
    344.9892    
    264.6422    
    323.1140    
    436.6132    
    526.3012    
    591.7429    
    701.1982    
    840.0983    
    821.9238    
    764.5568    
    801.3097    
    709.6301    
    488.3934    
    354.0803    
    355.1800    
    364.2664    
    284.5135    
    180.1947    
    122.0250    
    101.6624    
    92.73164    
    84.89027    
    78.16962    
    70.94923    
    63.95660    
    60.79256    
    60.24401    
    59.85646    
    61.24741    
    63.67909    
    63.26816    
    65.14997    
    76.08705    

   0.0000000    
   0.0000000    
   0.0000000    
   0.0000000    
   0.0000000    
   0.0000000    
    90.10468    
    371.8076    
    629.1613    
    678.2622    
    589.7168    
    468.8941    
    410.6263    
    357.9151    
    326.5569    
    434.4371    
    556.6596    
    490.1340    
    315.4352    
    239.5609    
    308.6992    
    414.3281    
    484.8588    
    560.5436    
    732.8717    
    869.6735    
    837.5062    
    862.1680    
    885.7596    
    706.8990    
    529.9890    
    513.3123    
    561.7413    
    528.1682    
    367.7031    
    201.5675    
    120.2751    
    94.88114    
    86.85429    
    80.72797    
    74.47560    
    68.19867    
    63.04810    
    60.86691    
    60.41220    
    60.06734    
    61.15874    
    64.32800    
    64.92569    
    66.68764    
    77.96494    

   0.0000000    
   0.0000000    
   0.0000000    
   0.0000000    
   0.1122430    
   0.1122430    
    132.5963    
    512.5668    
    786.0466    
    728.7390    
    561.1086    
    441.7331    
    384.4657    
    330.1730    
    346.4685    
    478.4642    
    549.5610    
    434.2843    
    267.2268    
    222.1216    
    299.4672    
    402.2777    
    478.0204    
    578.3990    
    767.8896    
    881.5750    
    891.6020    
    947.8162    
    863.8531    
    653.8096    
    615.6110    
    746.0317    
    825.7917    
    694.3487    
    415.6042    
    202.3943    
    118.1121    
    90.46051    
    80.93266    
    75.62487    
    70.07365    
    64.72586    
    61.18235    
    60.22960    
    60.30566    
    60.26094    
    60.87510    
    63.86794    
    67.15195    
    71.20198    
    80.73883    

   0.0000000    
   0.0000000    
   0.0000000    
   0.0000000    
   0.1119084    
   0.1119084    
    162.1665    
    583.1744    
    844.3669    
    742.6963    
    563.6899    
    446.7112    
    381.2331    
    346.1658    
    411.0200    
    538.7187    
    516.6837    
    348.4645    
    217.8954    
    215.3917    
    301.2622    
    396.1609    
    473.6584    
    594.0907    
    773.5452    
    878.9620    
    940.0699    
    953.7817    
    808.3651    
    717.5547    
    814.1443    
    956.9678    
    951.4603    
    694.1110    
    368.1521    
    181.2680    
    116.2938    
    90.72394    
    77.75062    
    70.81956    
    65.57291    
    61.28269    
    58.95124    
    59.09640    
    59.87318    
    59.98660    
    60.49642    
    62.17498    
    65.11888    
    70.71447    
    80.20230    

   0.0000000    
   0.0000000    
   0.0000000    
   0.0000000    
   0.0000000    
    5.121235    
    192.4920    
    604.4568    
    831.2775    
    734.2213    
    571.2458    
    449.3956    
    380.4920    
    375.2829    
    468.8612    
    565.8124    
    458.1444    
    258.6512    
    180.8417    
    230.1956    
    323.9207    
    402.9359    
    473.8710    
    589.9113    
    760.4666    
    891.7545    
    954.4055    
    939.1354    
    896.0912    
    969.6193    
    1079.130    
    1059.058    
    863.3730    
    547.8658    
    285.0101    
    160.6453    
    116.4629    
    94.46689    
    78.52882    
    68.12213    
    61.79581    
    58.34878    
    57.15785    
    58.75739    
    61.70876    
    62.45668    
    61.16952    
    60.42047    
    61.38732    
    65.60498    
    75.57273    

   0.0000000    
   0.0000000    
   0.0000000    
   0.0000000    
   0.0000000    
    5.121235    
    176.0037    
    568.2614    
    818.9251    
    753.8596    
    599.8605    
    488.3828    
    426.0083    
    434.7410    
    504.8000    
    525.4999    
    385.6210    
    206.7289    
    163.6804    
    241.8873    
    344.0691    
    422.2552    
    496.6739    
    602.7158    
    771.0603    
    932.7584    
    982.9958    
    1018.853    
    1143.815    
    1267.775    
    1237.628    
    992.0306    
    673.3726    
    427.6377    
    256.3530    
    155.6166    
    116.3789    
    96.89625    
    79.96632    
    66.94770    
    58.94511    
    55.86567    
    55.93002    
    58.75566    
    64.69753    
    67.60978    
    64.26374    
    61.44238    
    62.19127    
    66.02058    
    75.17564    

   0.0000000    
   0.0000000    
   0.0000000    
   0.0000000    
   7.9124309E-02
   7.9124309E-02
    123.7376    
    500.5106    
    821.6406    
    831.5470    
    722.5977    
    599.3520    
    509.0586    
    542.1296    
    568.6408    
    462.9530    
    308.7953    
    184.2834    
    158.1057    
    244.4197    
    361.2356    
    440.1320    
    500.4808    
    608.9847    
    806.9840    
    998.9361    
    1054.892    
    1131.704    
    1305.666    
    1371.780    
    1182.941    
    822.0728    
    541.1490    
    401.1768    
    274.1797    
    163.5142    
    115.8146    
    95.28477    
    78.20953    
    64.92343    
    56.54213    
    53.92886    
    55.03278    
    57.96920    
    64.14854    
    69.13213    
    67.18429    
    63.60688    
    64.09468    
    70.38914    
    80.39691    

   0.0000000    
   0.0000000    
   0.0000000    
   0.0000000    
   0.3163917    
   0.3163917    
    97.35832    
    456.0124    
    804.3605    
    851.9942    
    779.0604    
    674.3882    
    600.2177    
    645.0063    
    617.4314    
    428.4324    
    255.4099    
    158.7664    
    153.3213    
    247.6662    
    367.4876    
    435.7181    
    477.0453    
    615.2291    
    884.0029    
    1073.348    
    1079.030    
    1151.099    
    1307.615    
    1287.306    
    1028.325    
    743.5184    
    585.5495    
    458.5067    
    294.9524    
    169.2996    
    115.5204    
    90.07666    
    72.60054    
    60.91140    
    54.06500    
    52.50875    
    54.32481    
    57.51865    
    62.35936    
    67.58768    
    67.87823    
    63.97065    
    64.11242    
    73.19641    
    85.02354    

   0.0000000    
   0.0000000    
   0.0000000    
   0.0000000    
   0.2372674    
    6.575521    
    147.4091    
    553.4244    
    893.8470    
    858.3049    
    729.2678    
    725.2146    
    760.2567    
    749.1242    
    618.3652    
    422.4498    
    256.4724    
    145.8710    
    148.8487    
    243.8286    
    346.3028    
    413.9891    
    478.9348    
    667.6385    
    963.3145    
    1075.971    
    1009.893    
    1075.547    
    1185.422    
    1085.823    
    878.6440    
    783.6537    
    719.5452    
    526.9919    
    295.6438    
    159.7365    
    107.0209    
    80.29314    
    64.56563    
    55.87264    
    51.62870    
    51.30742    
    53.78828    
    57.65883    
    62.10215    
    66.99749    
    68.69132    
    65.69041    
    67.12843    
    77.84427    
    88.18829    

   0.0000000    
   0.0000000    
   0.0000000    
   0.0000000    
   0.0000000    
    29.59849    
    267.9487    
    765.6702    
    1086.923    
    968.0290    
    844.0692    
    953.5079    
    977.0254    
    799.1117    
    589.6104    
    445.8080    
    295.8151    
    152.6984    
    150.5041    
    249.7570    
    350.4475    
    441.1503    
    539.0522    
    708.7516    
    926.5009    
    987.6907    
    952.0439    
    987.3564    
    952.3188    
    807.4483    
    728.7181    
    765.6178    
    725.8822    
    500.2518    
    259.1861    
    136.3230    
    91.20107    
    69.57649    
    58.17974    
    52.25940    
    49.87071    
    50.31696    
    53.42110    
    57.85455    
    62.48969    
    67.38999    
    70.80228    
    69.03345    
    69.69725    
    80.53935    
    89.96063    

   0.0000000    
   0.0000000    
   0.0000000    
   0.0000000    
   0.0000000    
    45.87196    
    326.7672    
    853.1138    
    1157.260    
    1078.059    
    1094.062    
    1245.042    
    1111.213    
    758.5912    
    534.8901    
    453.5297    
    314.1052    
    160.4314    
    167.1209    
    283.2946    
    395.1254    
    492.0377    
    578.7112    
    676.2234    
    817.4925    
    920.8368    
    962.1080    
    926.9507    
    773.5211    
    660.3615    
    654.8807    
    673.3998    
    594.7441    
    391.7231    
    208.0862    
    117.8937    
    83.11274    
    66.42570    
    57.30899    
    51.41673    
    49.03657    
    49.84925    
    53.32613    
    58.01420    
    62.68523    
    67.41240    
    72.15649    
    72.30660    
    70.67531    
    78.34994    
    88.91952    

   0.0000000    
   0.0000000    
   0.0000000    
   0.0000000    
   0.0000000    
    41.56311    
    326.2908    
    825.6603    
    1071.633    
    1046.946    
    1149.234    
    1244.720    
    1040.816    
    696.3591    
    481.5219    
    386.4646    
    256.6460    
    143.2927    
    181.7073    
    310.1945    
    410.7648    
    483.4024    
    563.3471    
    645.8955    
    778.8976    
    938.3412    
    993.1461    
    892.4812    
    752.1367    
    690.9393    
    637.2120    
    562.4236    
    447.7450    
    289.8730    
    174.5434    
    115.5256    
    86.48434    
    70.74947    
    60.49192    
    52.50086    
    49.16790    
    50.35992    
    53.79760    
    57.87370    
    62.05495    
    66.53726    
    71.60430    
    74.79720    
    74.15591    
    77.70090    
    87.07175    

   0.0000000    
   0.0000000    
   0.0000000    
   0.0000000    
   0.0000000    
    37.58867    
    344.8239    
    809.7903    
    961.5979    
    908.7648    
    925.4783    
    905.0161    
    755.3885    
    587.0707    
    457.8051    
    309.3622    
    164.8380    
    114.6311    
    183.9112    
    293.9782    
    373.4895    
    438.6072    
    547.9823    
    669.8129    
    809.7995    
    972.6938    
    980.0708    
    848.6097    
    757.7640    
    675.1458    
    539.8646    
    425.5182    
    333.0223    
    226.8472    
    152.8918    
    115.6834    
    91.38115    
    75.88361    
    64.09479    
    54.36216    
    49.88344    
    50.97052    
    54.04021    
    57.33437    
    61.09679    
    65.45196    
    70.25571    
    75.03107    
    77.28342    
    80.14632    
    88.24820    

   0.0000000    
   0.0000000    
   0.0000000    
   0.0000000    
   0.0000000    
    53.31041    
    388.9903    
    841.5120    
    971.5353    
    885.9786    
    781.8949    
    650.9039    
    532.4346    
    536.8945    
    519.1855    
    304.3599    
    113.0386    
    106.1905    
    208.8834    
    314.6300    
    382.0087    
    437.7271    
    545.7531    
    679.4705    
    814.8352    
    957.1143    
    950.9695    
    815.2261    
    679.8350    
    544.7753    
    442.4752    
    376.5823    
    293.0474    
    194.8419    
    135.1505    
    111.0712    
    93.04422    
    78.36865    
    65.92798    
    55.58211    
    50.07849    
    50.33462    
    52.99734    
    56.18971    
    59.98349    
    64.34727    
    69.22639    
    74.37711    
    78.78451    
    83.62816    
    93.38317    

   0.0000000    
   0.0000000    
   0.0000000    
   0.1803622    
   0.1803622    
    106.4317    
    492.5208    
    914.8058    
    1042.821    
    1010.727    
    950.6472    
    764.8737    
    579.4475    
    642.5709    
    641.1661    
    338.8407    
    99.44916    
    113.0867    
    286.9489    
    461.2896    
    504.3105    
    489.8430    
    544.3486    
    674.5796    
    831.1844    
    944.0687    
    929.3756    
    767.9243    
    560.0186    
    471.3631    
    500.3489    
    476.9587    
    338.1927    
    193.3318    
    126.3083    
    105.7132    
    91.29544    
    77.44612    
    65.26353    
    55.01181    
    49.10271    
    48.80924    
    51.35519    
    54.68532    
    58.62167    
    63.33035    
    68.72044    
    74.16763    
    79.74713    
    87.25272    
    98.76424    

   0.0000000    
   0.0000000    
   2.3790697E-02
   0.1995032    
    3.667863    
    184.3463    
    593.3879    
    930.8800    
    1082.214    
    1162.286    
    1174.616    
    955.6188    
    736.1722    
    829.0465    
    770.0181    
    360.1634    
    88.39898    
    131.5597    
    363.0756    
    578.4451    
    595.0969    
    524.2002    
    540.5179    
    708.3752    
    914.9932    
    950.2914    
    832.6958    
    641.5466    
    483.1044    
    513.6909    
    621.0372    
    586.3130    
    397.0520    
    209.1635    
    123.1486    
    99.16975    
    85.71613    
    73.61882    
    62.62263    
    52.92801    
    47.32830    
    47.20901    
    49.88273    
    53.24891    
    57.21606    
    62.00856    
    67.57463    
    73.99704    
    81.14560    
    89.61381    
    100.2491    

   0.0000000    
   0.0000000    
   2.3790697E-02
   2.3790697E-02
    29.12565    
    257.0633    
    633.4171    
    917.2458    
    1105.960    
    1226.546    
    1217.230    
    1003.373    
    881.6356    
    994.0878    
    808.4226    
    321.6965    
    82.80695    
    186.1221    
    423.9066    
    585.6876    
    589.5731    
    536.5294    
    550.2067    
    739.8336    
    968.6058    
    945.2939    
    750.3157    
    604.7507    
    532.7314    
    553.9839    
    626.4639    
    599.0381    
    424.7025    
    224.3800    
    120.3196    
    91.06522    
    77.65984    
    68.18243    
    58.87786    
    50.31032    
    45.56009    
    45.77065    
    48.42227    
    51.86139    
    55.98729    
    61.43378    
    68.65889    
    76.87567    
    84.23360    
    89.77811    
    97.99963    

   0.0000000    
   0.0000000    
   0.0000000    
    1.087635    
    78.78168    
    347.8938    
    720.0168    
    992.1356    
    1093.359    
    1104.452    
    1039.775    
    900.4117    
    942.5032    
    1015.437    
    679.4065    
    222.0647    
    89.78222    
    253.6485    
    502.8081    
    631.0792    
    621.8612    
    574.4590    
    583.6937    
    756.8620    
    947.4113    
    915.1353    
    792.7805    
    766.2596    
    696.3164    
    555.0890    
    517.9192    
    509.0596    
    383.0416    
    212.7475    
    114.6175    
    82.31933    
    68.68456    
    61.73374    
    54.34399    
    47.41256    
    43.88973    
    44.38094    
    46.81472    
    50.18276    
    54.37299    
    61.88740    
    73.19075    
    82.34504    
    86.96010    
    89.14410    
    95.37518    

   0.0000000    
   0.0000000    
   0.0000000    
    4.237611    
    124.5787    
    432.7443    
    776.3576    
    1014.938    
    1042.668    
    900.4799    
    753.7966    
    708.2473    
    873.6212    
    907.4311    
    509.5128    
    135.1800    
    95.99659    
    285.8545    
    558.5713    
    714.5452    
    691.3549    
    616.1569    
    614.0798    
    724.0012    
    832.5540    
    839.8490    
    859.4250    
    924.1469    
    839.2490    
    586.8250    
    420.4072    
    373.0896    
    290.7893    
    178.2109    
    105.3039    
    74.50047    
    60.78263    
    54.52356    
    48.79738    
    43.82073    
    41.76460    
    42.89243    
    46.04864    
    49.62025    
    53.15189    
    61.22141    
    74.10816    
    83.40471    
    87.47441    
    90.13937    
    96.11269    

   0.0000000    
   0.0000000    
   0.0000000    
    11.23282    
    148.5215    
    448.8944    
    744.4965    
    956.5786    
    957.1356    
    727.9894    
    555.1650    
    583.3729    
    780.7760    
    785.8464    
    399.8309    
    90.69588    
    98.61491    
    304.0536    
    598.6277    
    789.7542    
    747.1257    
    619.6555    
    588.2404    
    627.2135    
    699.5417    
    773.5575    
    858.7365    
    945.8764    
    906.7653    
    698.2720    
    466.4515    
    340.6814    
    265.6974    
    174.3170    
    99.99931    
    67.21515    
    54.51639    
    47.72558    
    43.17184    
    40.14833    
    40.29208    
    43.67187    
    48.42000    
    51.96778    
    54.72320    
    60.51633    
    70.64191    
    80.36208    
    86.45372    
    91.09406    
    98.81153    

   0.0000000    
   0.0000000    
   0.0000000    
    12.16908    
    137.6644    
    423.8419    
    755.0007    
    951.1425    
    843.1717    
    581.9865    
    459.9900    
    539.6353    
    739.8519    
    707.9072    
    332.8470    
    73.71144    
    116.5865    
    327.3297    
    611.6246    
    817.2258    
    765.1246    
    574.5925    
    502.0190    
    541.6615    
    647.0833    
    750.6421    
    823.2682    
    895.0289    
    912.2352    
    801.4446    
    580.2829    
    401.1623    
    300.8631    
    194.2821    
    97.88899    
    57.56636    
    47.76353    
    41.75573    
    39.27110    
    39.95986    
    43.03843    
    47.55822    
    51.81995    
    54.85938    
    57.67864    
    61.54885    
    68.46557    
    77.54934    
    84.59198    
    90.41338    
    100.1578    

   0.0000000    
   0.0000000    
   0.0000000    
    4.089324    
    86.52183    
    351.6458    
    728.6738    
    890.7059    
    703.2570    
    481.9491    
    424.8669    
    539.3919    
    745.7297    
    667.0978    
    281.6746    
    66.59990    
    141.4942    
    352.0132    
    610.8013    
    782.2250    
    697.6630    
    474.2423    
    412.8379    
    499.8472    
    614.3557    
    722.8840    
    780.7027    
    807.5090    
    837.4667    
    757.8168    
    551.3174    
    396.1825    
    313.0781    
    203.2207    
    92.43770    
    46.68469    
    40.51150    
    38.56472    
    40.37730    
    44.00604    
    47.22404    
    49.43358    
    51.56470    
    54.99557    
    58.61679    
    62.30630    
    67.86880    
    75.74480    
    83.19040    
    89.40675    
    100.6786    

   0.0000000    
   0.0000000    
   1.6599044E-02
   1.6599044E-02
    34.71789    
    255.8066    
    627.2714    
    757.2661    
    579.3848    
    438.6268    
    425.1029    
    525.1464    
    685.2119    
    559.9131    
    205.2151    
    53.40253    
    144.8730    
    380.2996    
    666.0630    
    770.9003    
    597.3154    
    365.8532    
    354.4093    
    490.0238    
    591.5626    
    692.9981    
    739.0759    
    709.8260    
    704.8192    
    603.8970    
    417.8062    
    326.1892    
    285.8607    
    188.0134    
    79.90027    
    39.39195    
    38.29777    
    40.69254    
    44.34647    
    45.16304    
    45.18861    
    46.98038    
    48.90924    
    52.59646    
    57.26221    
    60.86829    
    65.85775    
    74.14848    
    82.58179    
    88.86543    
    101.5072    

   0.0000000    
   0.0000000    
   1.3510702E-02
   1.3510702E-02
    8.769487    
    178.8705    
    498.3692    
    597.4387    
    456.3425    
    375.8837    
    367.3972    
    401.5240    
    463.0808    
    333.3298    
    101.0861    
    46.10433    
    175.6866    
    443.7605    
    712.8564    
    735.6824    
    514.3526    
    317.0898    
    318.7233    
    448.2945    
    561.5878    
    680.4111    
    738.8526    
    654.7990    
    585.6177    
    489.1827    
    334.1297    
    260.8483    
    222.7856    
    141.2586    
    64.11259    
    38.30558    
    39.04792    
    41.00910    
    42.59695    
    40.73265    
    38.92692    
    42.24949    
    46.02272    
    49.77547    
    55.02972    
    58.74507    
    62.84779    
    71.50420    
    81.66086    
    89.46651    
    104.2170    

   0.0000000    
   0.0000000    
   0.0000000    
   5.4298319E-02
   5.4298319E-02
    105.0989    
    320.0433    
    381.7010    
    297.5649    
    276.6325    
    275.6279    
    255.6995    
    230.9012    
    135.5508    
    35.93176    
    54.52924    
    230.7348    
    510.6990    
    705.5867    
    665.6654    
    456.0208    
    297.4805    
    279.5599    
    383.2541    
    534.8049    
    684.4742    
    764.5892    
    652.9891    
    520.8721    
    427.2783    
    297.2063    
    219.0590    
    164.6268    
    97.02034    
    53.67662    
    38.57620    
    35.18647    
    34.97233    
    36.18760    
    35.35492    
    34.02614    
    37.36988    
    42.57870    
    47.15281    
    52.71690    
    57.14968    
    61.23071    
    69.80737    
    80.80974    
    89.52978    
    105.7972    

   0.0000000    
   0.0000000    
   0.0000000    
   5.7236128E-02
   5.7236128E-02
    39.77235    
    136.7004    
    194.5649    
    190.4270    
    195.4386    
    205.6343    
    182.6164    
    118.2302    
    48.53628    
    18.35525    
    63.08329    
    237.3859    
    506.7438    
    688.9097    
    631.9881    
    409.9536    
    251.4868    
    228.1568    
    348.6380    
    566.7633    
    742.4929    
    804.5115    
    673.7798    
    474.0120    
    347.6403    
    265.5124    
    213.8145    
    149.8023    
    81.80540    
    48.50466    
    36.94655    
    31.32122    
    30.46064    
    31.75175    
    31.59109    
    31.27769    
    34.42009    
    39.69507    
    44.92368    
    50.97649    
    55.89190    
    60.82297    
    70.36446    
    81.34609    
    88.67697    
    105.1880    

   0.0000000    
   0.0000000    
   0.0000000    
   0.0000000    
   9.9055566E-02
    5.205794    
    41.18811    
    114.0720    
    139.9488    
    113.6393    
    122.8692    
    125.8364    
    73.41280    
    24.43524    
    16.36198    
    64.89829    
    209.2600    
    442.9756    
    612.3578    
    534.6498    
    309.5739    
    172.7337    
    165.2667    
    304.6205    
    581.2702    
    801.6181    
    841.1918    
    687.2854    
    443.4248    
    304.7672    
    276.3875    
    232.4059    
    145.8353    
    74.33649    
    43.90009    
    34.67523    
    30.57275    
    29.75046    
    30.09034    
    29.97296    
    30.24421    
    33.04816    
    38.13097    
    43.90627    
    50.11377    
    55.23664    
    59.94742    
    69.78676    
    82.72908    
    90.37690    
    107.0832    

   0.0000000    
   0.0000000    
   0.0000000    
   0.0000000    
   9.6117757E-02
   9.6117757E-02
    21.85173    
    74.84563    
    79.24881    
    38.74496    
    44.05623    
    60.81829    
    42.31008    
    19.53534    
    20.08758    
    63.90561    
    174.0936    
    339.9644    
    428.4334    
    327.8503    
    176.0396    
    107.5734    
    108.5770    
    224.8365    
    481.0568    
    709.5726    
    781.1137    
    678.2000    
    452.5545    
    304.9523    
    270.8916    
    206.2030    
    113.4078    
    57.21518    
    36.92098    
    31.48992    
    29.74888    
    29.31550    
    29.30031    
    29.43000    
    29.91104    
    32.21960    
    37.20682    
    43.34978    
    49.64233    
    54.99794    
    59.41636    
    70.19818    
    87.36552    
    98.51220    
    111.6284    

   0.0000000    
   0.0000000    
   0.0000000    
   0.0000000    
   0.0000000    
   7.2069913E-02
    8.078984    
    23.87113    
    21.75976    
    6.258549    
    6.699415    
    16.88533    
    17.98896    
    13.62319    
    25.94892    
    71.07533    
    156.0473    
    251.4893    
    253.9227    
    169.7070    
    117.0646    
    90.55435    
    77.80434    
    160.7285    
    356.9863    
    546.2763    
    637.4526    
    601.0903    
    433.5963    
    270.8340    
    197.5679    
    140.0798    
    77.10110    
    42.38315    
    31.30911    
    28.64557    
    28.48802    
    28.35031    
    28.10609    
    28.42443    
    29.39652    
    32.04184    
    37.40553    
    43.69471    
    50.14069    
    55.44603    
    60.64478    
    76.43163    
    102.7400    
    119.9926    
    125.5742    

   0.0000000    
   0.0000000    
   0.0000000    
   0.0000000    
   0.0000000    
   7.3140740E-02
   7.0821948E-02
   0.0000000    
   0.1886991    
   0.2090665    
   2.0367432E-02
    2.217805    
    5.452058    
    8.037749    
    33.27784    
    88.38084    
    150.5732    
    191.5808    
    171.5394    
    141.3927    
    130.9250    
    85.36947    
    70.62238    
    157.0855    
    309.6645    
    450.6937    
    510.5591    
    494.1943    
    402.5455    
    269.2053    
    188.0186    
    138.1132    
    78.16290    
    42.30381    
    31.38560    
    27.70373    
    27.05984    
    27.09793    
    27.30276    
    27.99206    
    29.05769    
    31.98278    
    38.52663    
    45.96780    
    52.47958    
    58.11858    
    66.40961    
    89.00681    
    126.7075    
    154.6874    
    155.9266    

   0.0000000    
   0.0000000    
   0.0000000    
   0.0000000    
   0.0000000    
   0.0000000    
   0.0000000    
   0.0000000    
   0.0000000    
   2.0367432E-02
   2.0367432E-02
   9.8247647E-02
   0.7373717    
    4.895823    
    36.29333    
    91.52190    
    125.4221    
    148.3033    
    170.2479    
    166.0710    
    125.0200    
    70.34723    
    108.7211    
    236.5587    
    344.4877    
    406.1146    
    425.9227    
    445.1875    
    442.0860    
    370.3340    
    282.9764    
    198.0386    
    109.2660    
    52.04522    
    33.34555    
    28.03451    
    25.96320    
    26.34611    
    27.32376    
    28.38496    
    29.44580    
    31.63044    
    37.98866    
    47.72641    
    55.46488    
    61.87858    
    73.72181    
    96.54322    
    130.7734    
    161.2293    
    163.9723    

   0.0000000    
   0.0000000    
   0.0000000    
   0.0000000    
   0.0000000    
   0.0000000    
   0.0000000    
   0.0000000    
   0.0000000    
   0.0000000    
   0.0000000    
   0.0000000    
   5.9125826E-02
    6.565975    
    31.45814    
    64.86659    
    88.42977    
    146.7224    
    235.9508    
    225.3795    
    115.8719    
    75.49680    
    190.5729    
    358.6185    
    448.3669    
    444.2872    
    411.0908    
    433.0483    
    495.8289    
    496.9733    
    395.3050    
    262.6287    
    147.0123    
    63.98272    
    34.70267    
    28.81404    
    25.30111    
    26.00912    
    27.42414    
    28.90178    
    31.55725    
    33.29324    
    35.83861    
    44.63380    
    54.57861    
    61.75828    
    70.78152    
    84.59256    
    103.7145    
    123.7245    
    131.2450    

   0.0000000    
   0.0000000    
   0.0000000    
   0.0000000    
   0.0000000    
   0.0000000    
   0.0000000    
   0.0000000    
   0.0000000    
   0.0000000    
   0.0000000    
   0.0000000    
   0.0000000    
    8.863384    
    26.03271    
    31.45883    
    69.41562    
    198.3692    
    336.9405    
    308.1191    
    136.8527    
    103.6787    
    261.4073    
    432.3625    
    533.5757    
    522.7431    
    453.6073    
    446.0630    
    510.3536    
    532.2333    
    435.1497    
    293.8981    
    167.3790    
    73.23643    
    36.61065    
    28.64813    
    24.11508    
    25.09678    
    27.54231    
    29.70076    
    33.20376    
    34.68102    
    33.81100    
    39.65607    
    51.40748    
    59.35190    
    62.00972    
    67.68319    
    80.58046    
    94.19189    
    104.9305    

   0.0000000    
   0.0000000    
   0.0000000    
   0.0000000    
   0.0000000    
   0.0000000    
   0.0000000    
   0.0000000    
   0.0000000    
   0.0000000    
   0.0000000    
   0.0000000    
   0.0000000    
    14.39817    
    38.57902    
    32.23719    
    87.41964    
    269.3131    
    386.1865    
    302.3941    
    135.2441    
    135.0311    
    324.3536    
    506.6694    
    602.8958    
    575.7269    
    496.3044    
    498.2760    
    532.5504    
    507.2152    
    424.2170    
    304.4905    
    175.0686    
    83.19886    
    43.01396    
    28.88537    
    22.96503    
    23.64467    
    26.79475    
    29.13024    
    31.03970    
    33.00100    
    35.44307    
    42.47422    
    53.49158    
    60.50268    
    62.77091    
    68.32352    
    79.64445    
    89.23277    
    103.6169    

   0.0000000    
   0.0000000    
   0.0000000    
   0.0000000    
   0.0000000    
   0.0000000    
   0.0000000    
   0.0000000    
   0.0000000    
   0.0000000    
   1.2327312E-02
   1.2327312E-02
   0.0000000    
    21.15706    
    65.68681    
    76.60247    
    142.6068    
    314.1299    
    361.6097    
    245.0243    
    132.3683    
    160.8593    
    387.5460    
    602.5620    
    657.5565    
    615.7316    
    540.6654    
    522.8181    
    531.5897    
    497.3116    
    439.5345    
    327.2253    
    186.0553    
    96.02773    
    54.07263    
    32.88603    
    23.86684    
    22.10623    
    24.04637    
    26.59813    
    28.88739    
    34.18734    
    42.99473    
    51.73449    
    58.25272    
    63.15836    
    70.56353    
    79.96997    
    86.47337    
    90.91107    
    114.6861    

   0.0000000    
   0.0000000    
   0.0000000    
   0.0000000    
   0.0000000    
   0.0000000    
   0.0000000    
   0.0000000    
   3.5416961E-02
   3.5416961E-02
   1.2327312E-02
   1.2327312E-02
    2.400763    
    31.41520    
    102.6327    
    162.3849    
    266.5209    
    407.1403    
    383.7926    
    255.5728    
    158.2297    
    175.7156    
    411.7967    
    630.0845    
    648.4133    
    628.8222    
    593.7711    
    530.0220    
    510.3064    
    504.4695    
    460.7299    
    355.3852    
    220.6090    
    121.1446    
    67.66997    
    39.70396    
    25.73204    
    20.64413    
    21.02989    
    23.89577    
    28.33787    
    36.27844    
    46.73826    
    55.45007    
    59.95229    
    63.34109    
    70.93423    
    79.91537    
    84.29451    
    89.59299    
    119.8935    

   0.0000000    
   0.0000000    
   0.0000000    
   0.0000000    
   0.0000000    
   0.0000000    
   0.0000000    
   4.8367620E-02
   8.3784580E-02
   0.6748568    
    3.010097    
    6.966565    
    21.64918    
    69.48524    
    170.5467    
    299.7964    
    462.2805    
    556.4296    
    441.0698    
    278.5776    
    182.1035    
    199.1303    
    425.4849    
    647.6513    
    674.9954    
    646.1708    
    635.6904    
    591.9480    
    562.9838    
    547.5566    
    485.6478    
    400.3667    
    291.5731    
    170.2476    
    87.33482    
    45.48920    
    26.34007    
    19.43583    
    19.52089    
    22.00043    
    26.42507    
    33.26709    
    40.60999    
    48.72436    
    56.45832    
    61.00065    
    64.21661    
    70.17153    
    77.71493    
    86.38238    
    113.4112    

   0.0000000    
   0.0000000    
   0.0000000    
   0.0000000    
   0.0000000    
   0.0000000    
   0.0000000    
   4.8367620E-02
    1.126905    
    17.38617    
    48.73424    
    67.86108    
    84.86290    
    130.5166    
    239.3128    
    441.0212    
    658.8853    
    671.7635    
    456.4241    
    270.9515    
    196.4595    
    233.2001    
    447.5220    
    698.3816    
    771.8633    
    702.3482    
    667.4462    
    706.1987    
    715.0841    
    636.6592    
    525.9064    
    439.7272    
    349.6669    
    228.2263    
    114.5239    
    49.59772    
    25.65763    
    18.12557    
    18.39280    
    20.86318    
    24.71390    
    29.56617    
    33.19634    
    38.12427    
    47.13111    
    56.21214    
    61.03012    
    68.56850    
    80.23618    
    87.34970    
    110.4685    

   0.0000000    
   0.0000000    
   0.0000000    
   0.0000000    
   0.0000000    
   0.0000000    
   1.8843997E-02
   1.8843997E-02
    9.888765    
    67.60434    
    149.2332    
    176.7986    
    173.9489    
    193.5726    
    287.4099    
    525.1932    
    756.9354    
    704.6987    
    448.8815    
    254.0058    
    192.8340    
    260.1699    
    462.3273    
    734.4594    
    854.4028    
    771.0839    
    711.6163    
    804.0229    
    863.0516    
    735.8080    
    590.5546    
    499.9410    
    405.3651    
    289.7142    
    149.1832    
    53.21907    
    23.60092    
    16.95605    
    17.43817    
    20.01910    
    23.94195    
    28.39310    
    30.39357    
    32.07235    
    39.72717    
    52.39134    
    60.93992    
    69.57830    
    82.71129    
    88.56386    
    117.1858    

   0.0000000    
   0.0000000    
   0.0000000    
   0.0000000    
   0.0000000    
   0.0000000    
   1.8843997E-02
   1.8843997E-02
    28.86414    
    144.4892    
    274.3204    
    282.7548    
    238.6607    
    256.3132    
    351.5689    
    572.1597    
    752.6609    
    638.9086    
    393.6125    
    229.0414    
    201.2088    
    304.1889    
    492.9240    
    771.7742    
    917.3625    
    830.5562    
    740.6860    
    788.3787    
    858.4548    
    766.9857    
    636.8411    
    550.8023    
    443.4809    
    326.3615    
    175.8817    
    56.52312    
    21.33753    
    16.69669    
    17.89650    
    19.92802    
    22.74425    
    27.67204    
    30.32447    
    32.50565    
    41.08831    
    53.63532    
    61.03690    
    69.72665    
    86.21829    
    102.2757    
    149.3230    

   0.0000000    
   0.0000000    
   0.0000000    
   0.0000000    
   0.0000000    
   0.0000000    
   0.0000000    
   0.9154947    
    55.73141    
    231.7224    
    411.6181    
    400.9404    
    296.9833    
    319.9327    
    426.0272    
    599.8831    
    718.1199    
    530.5991    
    279.2891    
    187.7872    
    229.2978    
    368.1674    
    553.2483    
    824.4700    
    967.2695    
    853.4583    
    732.1786    
    739.9270    
    798.1462    
    753.3202    
    660.5300    
    578.2786    
    458.0212    
    331.4021    
    178.3745    
    55.60704    
    19.93433    
    16.66665    
    18.76132    
    20.81009    
    22.66238    
    27.25388    
    31.10104    
    36.35376    
    46.84037    
    56.76590    
    62.26604    
    76.73825    
    99.57393    
    130.1537    
    201.4034    

   0.0000000    
   0.0000000    
   0.0000000    
   0.0000000    
   0.0000000    
   0.0000000    
   0.0000000    
    5.857842    
    87.20300    
    301.7053    
    516.3795    
    506.6693    
    361.2962    
    384.7379    
    484.7952    
    556.1185    
    580.3939    
    379.0152    
    156.8706    
    120.3787    
    204.1218    
    374.6896    
    593.7180    
    845.6360    
    962.6806    
    850.2352    
    741.9446    
    780.9836    
    837.4707    
    798.2745    
    758.0717    
    671.8108    
    490.6738    
    323.0570    
    157.6961    
    44.64397    
    17.77125    
    15.47293    
    18.49287    
    21.48313    
    23.88592    
    27.30723    
    31.23049    
    38.16766    
    49.38063    
    57.93521    
    63.25513    
    80.23019    
    103.1834    
    139.6591    
    223.7379    

   0.0000000    
   0.0000000    
   0.0000000    
   0.0000000    
   0.0000000    
   0.0000000    
   0.0000000    
    13.21376    
    113.4508    
    345.6293    
    566.1849    
    542.6077    
    394.6750    
    452.0851    
    552.1211    
    481.4015    
    350.0056    
    193.9348    
    80.36699    
    68.69131    
    134.2993    
    314.1975    
    578.5671    
    807.2363    
    910.1833    
    859.9435    
    801.1361    
    869.6172    
    929.7684    
    873.7113    
    809.9163    
    702.7351    
    494.9217    
    290.6917    
    121.5197    
    30.66769    
    15.22705    
    13.74256    
    17.44694    
    21.16754    
    24.72511    
    27.73551    
    30.15813    
    34.50842    
    44.75964    
    56.57054    
    65.88541    
    79.24155    
    97.81990    
    142.8435    
    224.5682    

   0.0000000    
   0.0000000    
   0.0000000    
   0.0000000    
   0.0000000    
   0.0000000    
   0.0000000    
    24.00000    
    134.8475    
    353.3737    
    541.9487    
    509.9608    
    431.5660    
    558.3423    
    633.0065    
    437.8362    
    194.8091    
    83.93406    
    55.37543    
    45.71292    
    85.31233    
    269.4289    
    555.4576    
    786.1442    
    900.6785    
    875.5095    
    848.2355    
    931.0049    
    972.8663    
    889.9005    
    740.7506    
    593.6887    
    434.1988    
    241.5853    
    87.24953    
    24.15989    
    13.47642    
    12.37608    
    16.20298    
    20.22534    
    24.83886    
    29.04942    
    31.17539    
    32.74191    
    41.12761    
    55.66140    
    69.89938    
    81.82378    
    103.5191    
    179.2352    
    262.5892    

   0.0000000    
   0.0000000    
   0.0000000    
   0.0000000    
   0.0000000    
   0.0000000    
   0.0000000    
    41.07914    
    167.0526    
    342.6906    
    486.2922    
    489.5856    
    498.4187    
    651.0243    
    634.2144    
    359.5672    
    130.8485    
    57.93286    
    43.25099    
    28.96906    
    75.54299    
    276.1593    
    556.2689    
    785.1498    
    918.0294    
    897.8945    
    859.5662    
    920.5551    
    936.0693    
    861.1199    
    690.9296    
    477.0013    
    317.9403    
    174.2580    
    65.13016    
    24.31951    
    12.29125    
    11.10340    
    15.10373    
    19.31060    
    23.99813    
    29.59610    
    33.92621    
    36.68008    
    44.73349    
    57.12056    
    68.20055    
    77.88728    
    112.2437    
    224.9721    
    316.4047    

   0.0000000    
   0.0000000    
   0.0000000    
   0.0000000    
   0.0000000    
   0.0000000    
   0.0000000    
    46.55069    
    179.3691    
    340.4411    
    477.6170    
    502.1293    
    516.3652    
    643.5603    
    579.3026    
    296.3395    
    107.3774    
    49.92343    
    30.29787    
    17.92473    
    79.11471    
    273.6880    
    516.2712    
    725.7588    
    898.8298    
    949.1973    
    894.1244    
    887.7098    
    889.0310    
    826.1243    
    653.2787    
    405.2980    
    226.0252    
    115.4672    
    49.09375    
    22.94602    
    10.95981    
    10.15341    
    14.33982    
    18.34940    
    22.54454    
    28.06855    
    33.56175    
    38.83176    
    48.08374    
    58.13660    
    62.83739    
    68.46690    
    112.4691    
    237.2081    
    332.8742    

   0.0000000    
   0.0000000    
   0.0000000    
   0.0000000    
   0.0000000    
   0.0000000    
    1.041342    
    36.08243    
    142.0341    
    293.2428    
    421.6559    
    442.8301    
    474.9407    
    616.3137    
    570.4060    
    291.7336    
    95.82574    
    39.25719    
    19.65430    
    8.588198    
    79.48203    
    267.6123    
    460.0648    
    642.0099    
    862.8800    
    956.7594    
    888.8512    
    863.3010    
    847.6218    
    741.3183    
    548.2169    
    333.8538    
    178.8583    
    80.92368    
    34.72098    
    18.03382    
    9.144258    
    9.266247    
    13.43488    
    17.09953    
    20.56181    
    24.81606    
    29.90654    
    36.55617    
    47.08388    
    57.38642    
    60.02262    
    64.00282    
    106.7010    
    225.5685    
    331.0222    

   0.0000000    
   0.0000000    
   0.0000000    
   0.0000000    
   0.0000000    
   0.0000000    
    1.099293    
    24.58379    
    100.1152    
    216.7293    
    299.6716    
    336.2587    
    448.4721    
    592.1343    
    511.0165    
    242.3643    
    71.07674    
    28.11744    
    10.80999    
    2.073587    
    92.87792    
    330.2766    
    499.2886    
    586.0472    
    755.0944    
    809.3185    
    726.9643    
    739.9884    
    739.0074    
    607.6539    
    435.8133    
    277.0084    
    139.1481    
    54.03936    
    25.65672    
    13.71423    
    7.116935    
    7.787472    
    11.73105    
    15.18165    
    17.81465    
    21.15275    
    25.86995    
    31.73810    
    41.95253    
    54.33480    
    61.14957    
    68.76576    
    105.0370    
    214.8140    
    331.6076    

   0.0000000    
   0.0000000    
   0.0000000    
   0.0000000    
   0.0000000    
   1.7964248E-02
   7.5915992E-02
    12.65415    
    72.36426    
    163.4941    
    216.8855    
    285.6887    
    433.2368    
    493.7243    
    348.4297    
    151.1402    
    48.30851    
    16.17867    
    3.838555    
   0.2411959    
    86.98105    
    325.2878    
    481.9760    
    477.8184    
    526.9643    
    554.6827    
    499.5665    
    528.7562    
    585.5654    
    527.7232    
    394.4003    
    242.4443    
    104.1017    
    34.29331    
    17.87936    
    9.104825    
    4.904319    
    5.988379    
    9.430044    
    12.60990    
    15.13267    
    18.59009    
    23.05195    
    27.56418    
    36.96724    
    51.65022    
    66.49662    
    81.61390    
    112.2785    
    212.0622    
    330.3476    

   0.0000000    
   0.0000000    
   0.0000000    
   0.0000000    
   0.0000000    
   1.7964248E-02
   1.7964248E-02
    2.952650    
    42.14734    
    115.2739    
    182.2765    
    300.9728    
    428.8391    
    380.6864    
    208.1386    
    88.41422    
    34.24036    
    7.872015    
    1.899949    
    2.444165    
    53.91412    
    208.6493    
    319.7106    
    299.1466    
    307.9973    
    350.9844    
    336.3254    
    353.4667    
    445.9744    
    466.6898    
    336.3848    
    170.5320    
    63.03077    
    17.78842    
    7.964850    
    4.569004    
    3.254482    
    4.385232    
    7.055985    
    9.941072    
    13.00873    
    17.06216    
    21.38525    
    25.94182    
    36.00213    
    51.39191    
    69.98837    
    88.21507    
    115.3443    
    206.9698    
    317.1720    

   0.0000000    
   0.0000000    
   0.0000000    
   0.0000000    
   0.0000000    
   0.0000000    
   2.3420155E-02
   2.3420155E-02
    13.10282    
    62.02200    
    166.0260    
    351.8646    
    470.5880    
    346.4300    
    149.9433    
    55.82696    
    20.70029    
    5.600038    
    7.521093    
    11.54432    
    48.75122    
    170.1521    
    254.0258    
    231.9888    
    230.3913    
    244.0213    
    227.3730    
    243.9010    
    327.4241    
    357.2932    
    241.3602    
    105.9760    
    35.62184    
    7.101144    
    2.024129    
    2.242279    
    2.293557    
    3.000010    
    4.823373    
    7.497939    
    11.13090    
    15.62663    
    20.05365    
    24.78791    
    34.05624    
    48.14094    
    64.75890    
    78.85922    
    99.43483    
    175.2309    
    267.3741    

   0.0000000    
   0.0000000    
   0.0000000    
   0.0000000    
   0.0000000    
   0.0000000    
   2.3420155E-02
   6.9897689E-02
   4.6477534E-02
    27.63961    
    146.0417    
    367.6932    
    487.2951    
    343.2913    
    137.3618    
    38.59580    
    7.995523    
    6.749740    
    19.40153    
    25.79891    
    77.75282    
    238.7170    
    347.2916    
    292.0739    
    209.2101    
    175.2287    
    170.2203    
    197.8497    
    269.5130    
    296.1147    
    202.0728    
    83.79568    
    22.16934    
    2.862211    
   0.6984773    
    1.330227    
    1.458354    
    1.859315    
    3.138247    
    5.621680    
    9.450386    
    14.08064    
    18.70173    
    23.23784    
    30.34171    
    43.63487    
    59.30616    
    70.69968    
    86.34533    
    138.6270    
    206.5928    

   0.0000000    
   0.0000000    
   0.0000000    
   0.0000000    
   0.0000000    
   0.0000000    
   0.0000000    
   4.6477534E-02
   4.6477534E-02
    15.47525    
    106.5440    
    296.9437    
    400.6568    
    288.6828    
    127.4018    
    34.61766    
    1.116770    
    6.178699    
    25.01177    
    38.27401    
    112.6616    
    301.5131    
    410.9934    
    309.5726    
    169.2180    
    151.8828    
    190.0229    
    223.4112    
    286.2900    
    300.0921    
    194.4671    
    66.17970    
    9.170879    
    1.035727    
   0.7974584    
    1.001882    
    1.016078    
    1.221614    
    2.173621    
    4.491930    
    8.281167    
    12.79334    
    17.31954    
    21.99376    
    29.05888    
    43.73546    
    63.26664    
    80.44167    
    95.92714    
    125.2350    
    177.1212    

