   0.0000000    
   0.0000000    
   0.0000000    
   0.0000000    
   0.0000000    
   0.0000000    
   0.0000000    
   0.0000000    
   0.0000000    
   0.0000000    
   0.0000000    
   0.0000000    
    4.193941    
    20.70622    
    39.37747    
    182.6730    
    231.8415    
    67.24756    
   0.0000000    
   0.0000000    
    57.40225    
    153.7227    
    306.8083    
    622.3127    
    717.3954    
    615.0379    
    768.9897    
    1138.000    
    1150.897    
    833.7603    
    705.6458    
    742.8997    
    776.3983    
    827.1503    
    883.2296    
    826.1682    
    730.3674    
    839.0942    
    1013.313    
    1026.434    
    1099.315    
    1166.039    
    1107.142    

   0.0000000    
   0.0000000    
   0.0000000    
   0.0000000    
   0.0000000    
   0.0000000    
   0.0000000    
   0.0000000    
   0.0000000    
   0.0000000    
   0.2262500    
   0.0000000    
    78.44596    
    161.9715    
    132.5840    
    220.8399    
    149.8976    
   0.0000000    
   0.0000000    
    66.14020    
    228.8058    
    453.7666    
    921.6624    
    1165.185    
    1105.786    
    1038.414    
    1189.512    
    1271.345    
    936.9384    
    746.3865    
    756.2877    
    775.2445    
    751.9547    
    754.3950    
    814.3308    
    845.5112    
    894.0762    
    1034.335    
    1150.267    
    1149.617    
    1132.797    
    1174.924    
    1231.005    

   0.0000000    
   0.0000000    
   0.0000000    
   0.0000000    
   0.0000000    
   0.0000000    
   0.0000000    
   0.0000000    
   0.0000000    
   3.6635611E-06
   0.0000000    
    7.297891    
    90.97911    
    128.6364    
    75.00262    
    29.28857    
   0.0000000    
   0.0000000    
   0.0000000    
    273.7919    
    645.9083    
    898.8311    
    1467.097    
    1712.527    
    1573.567    
    1338.172    
    1286.730    
    1186.616    
    913.9385    
    876.3046    
    878.8920    
    832.6888    
    783.1693    
    778.9836    
    851.0510    
    930.4543    
    954.0189    
    1070.899    
    1251.757    
    1297.070    
    1153.113    
    1151.361    
    1239.125    

   0.0000000    
   0.0000000    
   0.0000000    
   0.0000000    
   0.0000000    
   0.0000000    
   0.0000000    
   0.0000000    
   0.0000000    
   0.0000000    
   0.0000000    
    37.12913    
    35.95092    
   0.0000000    
   0.0000000    
   0.0000000    
   0.0000000    
   0.0000000    
    218.4762    
    839.5735    
    1268.346    
    1530.496    
    1742.485    
    1789.469    
    1833.807    
    1561.630    
    1300.454    
    1347.378    
    1472.172    
    1431.199    
    1262.569    
    1118.573    
    882.9764    
    774.0690    
    902.0585    
    1050.115    
    1116.746    
    1120.166    
    1049.834    
    1095.692    
    1088.246    
    1172.910    
    1266.527    

   0.0000000    
   0.0000000    
   0.0000000    
   0.0000000    
   0.0000000    
   0.0000000    
   0.0000000    
   0.0000000    
   0.0000000    
   0.0000000    
   0.0000000    
    16.66253    
    15.83350    
   0.0000000    
   0.0000000    
   0.0000000    
    24.64815    
    314.0370    
    720.0503    
    1148.346    
    1487.158    
    1658.443    
    1825.755    
    2016.207    
    2087.768    
    1630.722    
    1261.722    
    1497.555    
    1865.487    
    1825.154    
    1630.830    
    1575.212    
    1204.741    
    857.4250    
    929.3457    
    1136.487    
    1223.275    
    1121.127    
    815.2441    
    843.5997    
    1112.669    
    1136.997    
    1023.609    

   0.0000000    
   0.0000000    
   0.0000000    
   0.0000000    
   0.0000000    
   0.0000000    
   0.0000000    
   0.0000000    
   0.0000000    
   3.6635611E-06
   0.2297894    
   0.0000000    
   0.0000000    
   0.0000000    
   0.0000000    
    134.6485    
    469.7857    
    710.2947    
    938.6653    
    1361.877    
    1577.796    
    1389.337    
    1562.024    
    2069.825    
    1861.578    
    1080.689    
    622.7569    
    989.2078    
    1663.469    
    1735.023    
    1535.189    
    1595.639    
    1517.167    
    1180.884    
    1053.339    
    1114.484    
    1046.552    
    938.9930    
    816.5927    
    669.7007    
    935.1256    
    1191.198    
    1092.851    

   0.0000000    
   0.0000000    
   0.0000000    
   0.0000000    
   0.0000000    
   0.0000000    
   0.0000000    
   0.0000000    
   0.0000000    
   0.0000000    
   0.0000000    
   0.1160307    
   0.0000000    
    51.05799    
    195.5311    
    391.4032    
    571.6561    
    734.8436    
    1236.075    
    1668.656    
    1547.228    
    1256.670    
    1313.017    
    1341.301    
    891.5574    
    388.3051    
    133.2422    
    432.9460    
    1102.058    
    1355.804    
    1347.795    
    1732.044    
    1849.268    
    1579.775    
    1406.337    
    1193.862    
    922.1294    
    733.1259    
    908.7299    
    1028.497    
    947.8486    
    1293.710    
    1716.808    

   0.0000000    
   0.0000000    
   0.0000000    
   0.0000000    
   0.0000000    
   0.0000000    
   0.0000000    
   0.0000000    
   0.0000000    
   0.0000000    
   0.0000000    
   0.0000000    
    15.75156    
    216.0620    
    395.8023    
    392.9269    
    347.9959    
    738.5789    
    1306.898    
    1468.742    
    1205.015    
    1004.445    
    996.3912    
    592.8425    
    206.4937    
    108.7413    
    94.40993    
    153.1941    
    508.1310    
    1143.311    
    1596.348    
    2072.270    
    2081.979    
    1806.385    
    1846.241    
    1676.198    
    1068.161    
    609.2886    
    1047.874    
    1646.639    
    1320.795    
    1029.120    
    1912.263    

   0.0000000    
   0.0000000    
   0.0000000    
   0.0000000    
   0.0000000    
   0.0000000    
   0.0000000    
   0.0000000    
   0.0000000    
   0.0000000    
   0.0000000    
   0.0000000    
    94.66093    
    277.1548    
    321.2718    
    337.5167    
    413.3854    
    676.3715    
    1122.628    
    1238.041    
    1043.695    
    971.9237    
    813.1318    
    389.0244    
    113.7886    
    94.99826    
    106.8559    
    147.9223    
    429.1281    
    1193.309    
    1681.702    
    1737.264    
    1588.573    
    1557.786    
    1871.263    
    2028.064    
    1484.190    
    876.0411    
    1241.760    
    1845.564    
    1794.344    
    923.1443    
    1441.422    

   0.0000000    
   0.0000000    
   0.0000000    
   0.0000000    
   0.0000000    
   0.0000000    
   0.0000000    
   0.0000000    
   0.0000000    
   0.0000000    
   0.0000000    
   0.0000000    
    58.80523    
    133.3306    
    203.5679    
    292.5964    
    422.9512    
    630.4758    
    1048.451    
    1105.518    
    985.6632    
    1010.960    
    716.8376    
    417.7884    
    192.1192    
    96.11958    
    130.1778    
    206.1986    
    474.3330    
    978.0699    
    1463.612    
    1603.882    
    1463.727    
    1732.481    
    2028.859    
    2171.326    
    1944.422    
    1382.605    
    1484.453    
    1827.220    
    2084.240    
    1246.743    
    1053.621    

   0.0000000    
   0.0000000    
   0.0000000    
   0.0000000    
   0.0000000    
   0.0000000    
   0.0000000    
   0.0000000    
   0.0000000    
   0.0000000    
   0.0000000    
   0.8958167    
   0.0000000    
    32.63026    
    193.7376    
    215.2076    
    359.4438    
    640.7946    
    846.6563    
    949.3221    
    835.8726    
    911.6672    
    731.9182    
    338.3932    
    176.1478    
    91.60600    
    143.1664    
    251.7695    
    419.1001    
    781.3128    
    1298.075    
    1838.158    
    1989.151    
    2307.732    
    2521.466    
    2340.803    
    2259.053    
    1783.222    
    1772.827    
    2031.503    
    1997.016    
    1278.932    
    1117.299    

   0.0000000    
   0.0000000    
   0.0000000    
   0.0000000    
   0.0000000    
   0.0000000    
   0.0000000    
   0.0000000    
   0.0000000    
   0.0000000    
   0.0000000    
   1.1877441E-04
   0.0000000    
    40.79715    
    139.2638    
    176.8058    
    302.9434    
    549.5724    
    779.0294    
    851.8427    
    739.8817    
    914.3017    
    710.0063    
    186.8516    
    95.76435    
    94.02098    
    130.0860    
    218.1614    
    299.7042    
    556.7791    
    912.2927    
    1601.546    
    2006.853    
    2333.708    
    2709.727    
    2519.682    
    2507.565    
    1927.962    
    1815.019    
    2115.700    
    1757.376    
    1199.239    
    1327.360    

   0.0000000    
   0.0000000    
   0.0000000    
   0.0000000    
   0.0000000    
   0.0000000    
   0.0000000    
   0.0000000    
   0.0000000    
   0.0000000    
   0.0000000    
   0.0000000    
   0.0000000    
    14.85599    
    14.31681    
    121.9898    
    330.7427    
    576.4335    
    875.0546    
    831.0506    
    766.8839    
    906.1327    
    537.6751    
    116.7523    
    84.69067    
    86.10561    
    101.9405    
    147.9384    
    199.0736    
    297.5833    
    595.8322    
    1294.750    
    2013.329    
    2334.355    
    2472.994    
    2616.039    
    2861.116    
    2221.976    
    1566.952    
    1768.712    
    1795.523    
    1670.640    
    1774.868    

   0.0000000    
   0.0000000    
   0.0000000    
   0.0000000    
   0.0000000    
   0.0000000    
   0.0000000    
   0.0000000    
   0.0000000    
   0.0000000    
   0.0000000    
   0.0000000    
   0.5800025    
   0.0000000    
    31.43578    
    150.8182    
    438.9962    
    707.3256    
    851.3624    
    766.6240    
    732.3237    
    771.1038    
    412.9417    
    132.4654    
    86.09492    
    73.65093    
    78.50483    
    98.78623    
    137.5710    
    189.8359    
    372.5887    
    945.9611    
    1842.506    
    2308.894    
    2340.881    
    2688.621    
    3057.328    
    2759.742    
    1651.307    
    1485.027    
    2143.231    
    2058.947    
    1900.904    

   0.0000000    
   0.0000000    
   0.0000000    
   0.0000000    
   0.0000000    
   0.0000000    
   0.0000000    
   0.0000000    
   0.0000000    
   0.0000000    
   0.0000000    
   0.0000000    
   0.0000000    
    7.888104    
    174.2557    
    326.4120    
    500.5456    
    676.8796    
    683.5146    
    625.8883    
    650.2660    
    571.3162    
    288.3783    
    134.2729    
    83.04015    
    66.66489    
    68.31194    
    83.11851    
    107.0605    
    144.8838    
    237.4924    
    580.3983    
    1386.340    
    2313.001    
    2804.686    
    2992.170    
    3184.309    
    3238.394    
    2007.124    
    1639.841    
    2349.244    
    1664.982    
    1347.940    

   0.0000000    
   0.0000000    
   0.0000000    
   0.0000000    
   0.0000000    
   0.0000000    
   0.0000000    
   0.0000000    
   0.0000000    
   0.0000000    
   0.0000000    
   0.0000000    
   0.0000000    
    12.29980    
    127.2430    
    362.0357    
    493.2518    
    517.3192    
    516.1501    
    538.2329    
    642.6449    
    538.1653    
    271.1481    
    122.1905    
    73.72473    
    58.65414    
    63.50135    
    75.94424    
    89.04713    
    101.9270    
    210.8480    
    579.9675    
    1383.446    
    2448.473    
    3228.127    
    3315.233    
    3481.855    
    3589.283    
    2180.808    
    1967.401    
    2237.086    
    1133.664    
    1282.116    

   0.0000000    
   0.0000000    
   0.0000000    
   0.0000000    
   0.0000000    
   0.0000000    
   0.0000000    
   0.0000000    
   0.0000000    
   0.0000000    
   0.0000000    
   0.0000000    
   0.3511737    
   0.0000000    
    16.74232    
    299.5234    
    472.8173    
    385.1880    
    398.1694    
    503.3745    
    622.8558    
    594.0872    
    356.3114    
    144.2251    
    75.92025    
    49.48782    
    57.66040    
    67.36909    
    78.17708    
    84.58411    
    170.4233    
    537.3333    
    1178.611    
    1991.188    
    2879.762    
    3482.961    
    3781.375    
    3669.644    
    2219.528    
    1966.027    
    2163.837    
    1244.207    
    1583.592    

   0.0000000    
   0.0000000    
   0.0000000    
   0.0000000    
   0.0000000    
   0.0000000    
   0.0000000    
   0.0000000    
   0.0000000    
   0.0000000    
   0.0000000    
   0.0000000    
   0.0000000    
   0.0000000    
    83.79212    
    400.1848    
    529.6986    
    360.6095    
    360.2168    
    517.0297    
    656.0494    
    727.3551    
    492.4065    
    206.0987    
    97.36578    
    46.39573    
    56.88518    
    63.25393    
    76.64039    
    85.02248    
    139.8571    
    367.3414    
    775.2112    
    1471.723    
    2526.795    
    3387.746    
    3756.084    
    3717.680    
    2316.089    
    1763.597    
    2419.796    
    1922.577    
    1656.393    

   0.0000000    
   0.0000000    
   0.0000000    
   0.0000000    
   0.0000000    
   0.0000000    
   0.0000000    
   0.0000000    
   0.0000000    
   0.0000000    
   0.0000000    
   0.0000000    
   0.2394938    
   0.0000000    
    236.8725    
    579.2680    
    545.1748    
    369.2499    
    391.5611    
    597.3887    
    853.1467    
    880.9914    
    507.5309    
    213.0756    
    94.76123    
    52.51083    
    60.78648    
    63.98526    
    74.01181    
    79.84673    
    136.7958    
    399.8648    
    811.6514    
    1573.916    
    2607.283    
    3007.796    
    3216.262    
    3645.685    
    2770.507    
    1951.323    
    2644.872    
    2527.160    
    1717.817    

   0.0000000    
   0.0000000    
   0.0000000    
   0.0000000    
   0.0000000    
   0.0000000    
   0.0000000    
   0.0000000    
   0.0000000    
   0.0000000    
   0.0000000    
   0.0000000    
   0.0000000    
    12.41971    
    412.7239    
    625.9199    
    425.9733    
    354.7634    
    442.5477    
    702.4935    
    911.9941    
    698.5276    
    313.2962    
    161.6048    
    91.28214    
    65.03643    
    60.40108    
    64.52500    
    74.65194    
    82.21414    
    140.1036    
    427.4147    
    957.7495    
    1775.615    
    2377.234    
    2689.291    
    3103.956    
    3563.828    
    3366.054    
    2315.217    
    2330.306    
    2647.113    
    1894.780    

   0.0000000    
   0.0000000    
   0.0000000    
   0.0000000    
   0.0000000    
   0.0000000    
   0.0000000    
   0.0000000    
   0.0000000    
   0.0000000    
   0.0000000    
   0.0000000    
   0.0000000    
    143.2636    
    540.4642    
    578.1968    
    441.8426    
    399.5142    
    447.2369    
    773.4260    
    891.8268    
    579.0158    
    308.6471    
    187.2793    
    93.84142    
    71.46499    
    60.37536    
    66.56043    
    80.94180    
    88.98005    
    145.2445    
    453.5410    
    1024.963    
    1634.463    
    2144.641    
    2707.211    
    3203.424    
    3567.719    
    3665.059    
    2448.177    
    1879.817    
    2424.104    
    2050.083    

   0.0000000    
   0.0000000    
   0.0000000    
   0.0000000    
   0.0000000    
   0.0000000    
   0.0000000    
   0.0000000    
   0.0000000    
   0.0000000    
   0.0000000    
   0.0000000    
   0.0000000    
    309.1765    
    689.7953    
    526.6347    
    502.7636    
    447.6684    
    393.6218    
    755.1024    
    955.7108    
    874.6200    
    657.6218    
    280.7722    
    70.69758    
    66.92044    
    59.85595    
    68.24261    
    82.98422    
    88.72767    
    201.1710    
    474.1595    
    879.8310    
    1466.645    
    2251.622    
    2849.474    
    3266.524    
    3689.495    
    3756.670    
    2646.429    
    1970.516    
    2474.293    
    2380.775    

   0.0000000    
   0.0000000    
   0.0000000    
   0.0000000    
   0.0000000    
   0.0000000    
   0.0000000    
   0.0000000    
   0.0000000    
   0.0000000    
   0.0000000    
   0.0000000    
   0.0000000    
    371.4931    
    788.8668    
    602.0335    
    506.7851    
    392.0797    
    379.2363    
    787.8565    
    1144.430    
    1223.078    
    817.6048    
    248.8705    
    65.61971    
    60.60630    
    62.79797    
    71.15130    
    83.97359    
    94.26468    
    239.4267    
    498.9495    
    814.7785    
    1573.611    
    2446.291    
    2942.475    
    3391.874    
    3789.319    
    3533.360    
    2430.970    
    1907.551    
    2633.541    
    2938.738    

   0.0000000    
   0.0000000    
   0.0000000    
   0.0000000    
   0.0000000    
   0.0000000    
   0.0000000    
   0.0000000    
   0.0000000    
   0.0000000    
   0.0000000    
   0.0000000    
   0.0000000    
    410.3615    
    975.4786    
    928.4349    
    592.3497    
    309.7802    
    428.9081    
    857.0797    
    1231.321    
    1176.018    
    678.3550    
    206.1801    
    59.37497    
    55.47338    
    66.62709    
    77.16907    
    82.63840    
    121.6435    
    252.4669    
    635.1119    
    1163.926    
    1834.306    
    2570.727    
    2960.504    
    3291.294    
    3708.760    
    3320.190    
    2084.368    
    1456.435    
    2547.615    
    3349.361    

   0.0000000    
   0.0000000    
   0.0000000    
   0.0000000    
   0.0000000    
   0.0000000    
   0.0000000    
   0.0000000    
   0.0000000    
   0.0000000    
   0.0000000    
   0.2674420    
   0.0000000    
    462.9018    
    1120.927    
    1067.732    
    604.2906    
    270.9204    
    459.8929    
    861.3860    
    1063.709    
    855.2505    
    475.5884    
    174.4911    
    54.05476    
    53.23065    
    66.20069    
    79.62625    
    90.93021    
    142.2063    
    314.1562    
    698.8090    
    1223.699    
    1906.446    
    2628.485    
    2880.712    
    3117.562    
    3630.067    
    3515.114    
    2413.505    
    1504.445    
    2496.435    
    3513.626    

   0.0000000    
   0.0000000    
   0.0000000    
   0.0000000    
   0.0000000    
   0.0000000    
   0.0000000    
   0.0000000    
   0.0000000    
   0.0000000    
   0.0000000    
   0.0000000    
   0.0000000    
    508.8392    
    1186.043    
    1083.853    
    528.6275    
    303.4997    
    546.4610    
    859.2672    
    906.2797    
    654.7911    
    360.0109    
    103.7253    
    62.49021    
    52.43037    
    63.96261    
    80.70742    
    102.0352    
    198.6027    
    436.1432    
    707.3086    
    1198.236    
    1850.912    
    2382.460    
    2645.410    
    2985.338    
    3548.620    
    3485.280    
    2658.061    
    1967.464    
    2501.306    
    3470.046    

   0.0000000    
   0.0000000    
   0.0000000    
   0.0000000    
   0.0000000    
   0.0000000    
   0.0000000    
   0.0000000    
   0.0000000    
   0.0000000    
   0.0000000    
   0.0000000    
    41.78834    
    670.8970    
    1183.176    
    1099.377    
    557.5889    
    391.2766    
    685.5298    
    860.4495    
    924.8209    
    661.1896    
    335.6520    
    90.16349    
    54.21028    
    47.88137    
    63.90318    
    82.65697    
    115.0223    
    271.6032    
    526.5662    
    822.0312    
    1468.130    
    2018.745    
    2090.388    
    2298.219    
    2864.395    
    3320.058    
    2918.731    
    2514.731    
    2475.830    
    2433.586    
    3100.598    

   0.0000000    
   0.0000000    
   0.0000000    
   0.0000000    
   0.0000000    
   0.0000000    
   0.0000000    
   0.0000000    
   0.0000000    
   0.0000000    
   0.0000000    
   0.0000000    
    114.9668    
    730.9214    
    935.1998    
    828.5973    
    530.2668    
    489.7121    
    735.3033    
    733.1265    
    946.8018    
    730.2613    
    297.7200    
    87.52766    
    42.59285    
    49.67677    
    65.67550    
    79.92577    
    142.2718    
    293.4932    
    519.6222    
    901.0024    
    1593.061    
    2230.014    
    2443.452    
    2554.489    
    2918.098    
    3050.354    
    2600.581    
    2638.693    
    2674.365    
    2275.351    
    2534.143    

   0.0000000    
   0.0000000    
   0.0000000    
   0.0000000    
   0.0000000    
   0.0000000    
   0.0000000    
   0.0000000    
   0.0000000    
   0.0000000    
   0.0000000    
   0.0000000    
    34.86300    
    475.7812    
    621.6253    
    453.5829    
    393.3084    
    580.2442    
    626.1959    
    602.9803    
    825.3813    
    577.1575    
    234.1646    
    70.85267    
    38.28712    
    49.57071    
    61.75231    
    74.45624    
    153.1229    
    370.1291    
    577.5214    
    1019.546    
    1688.974    
    2321.146    
    2914.572    
    3218.089    
    3398.065    
    3073.422    
    2630.330    
    2721.605    
    2500.988    
    2262.952    
    2282.316    

   0.0000000    
   0.0000000    
   0.0000000    
   0.0000000    
   0.0000000    
   0.0000000    
   0.0000000    
   0.0000000    
   0.0000000    
   0.0000000    
   0.0000000    
   0.1925645    
   0.0000000    
    142.8810    
    266.5203    
    152.0528    
    218.8589    
    523.6117    
    420.8204    
    535.4258    
    765.8766    
    408.1723    
    132.2241    
    38.57524    
    32.29491    
    40.71400    
    55.60744    
    72.93108    
    167.7871    
    474.8234    
    780.5421    
    1172.374    
    1688.518    
    2183.401    
    2688.343    
    3173.438    
    3559.867    
    3256.726    
    2550.075    
    2321.356    
    2316.483    
    2357.869    
    2302.273    

   0.0000000    
   0.0000000    
   0.0000000    
   0.0000000    
   0.0000000    
   0.0000000    
   0.0000000    
   0.0000000    
   0.0000000    
   0.0000000    
   0.0000000    
   9.5166646E-02
   0.0000000    
    12.04550    
    30.92977    
    12.59998    
    105.3223    
    298.9140    
    248.3844    
    410.7241    
    636.9825    
    404.7993    
    128.8868    
    21.68764    
    27.16785    
    38.11253    
    59.70245    
    101.7143    
    199.5554    
    529.0686    
    873.8759    
    1075.551    
    1541.781    
    2145.758    
    2558.586    
    2913.534    
    3319.077    
    3378.984    
    2596.546    
    2026.765    
    2159.922    
    2361.534    
    2384.288    

   0.0000000    
   0.0000000    
   0.0000000    
   0.0000000    
   0.0000000    
   0.0000000    
   0.0000000    
   0.0000000    
   0.0000000    
   0.0000000    
   0.0000000    
   0.0000000    
   0.4008621    
   0.0000000    
   0.0000000    
   0.0000000    
    90.69001    
    238.0567    
    315.4273    
    442.9051    
    559.3005    
    448.1996    
    176.7950    
    20.04721    
    27.33135    
    42.01894    
    64.28535    
    98.68856    
    201.1376    
    493.8969    
    816.0484    
    1078.447    
    1475.367    
    2091.429    
    2584.522    
    2814.260    
    3151.615    
    3391.648    
    2813.337    
    2344.392    
    2448.238    
    2447.612    
    2520.954    

   0.0000000    
   0.0000000    
   0.0000000    
   0.0000000    
   0.0000000    
   0.0000000    
   0.0000000    
   0.0000000    
   0.0000000    
   0.0000000    
   0.0000000    
   0.0000000    
   2.2482540E-02
   0.4227559    
   0.0000000    
    14.30527    
    269.7584    
    422.8249    
    447.1572    
    617.3777    
    661.7721    
    531.7376    
    253.2901    
    41.66175    
    23.38010    
    44.70496    
    63.98853    
    71.40176    
    174.0792    
    451.4900    
    845.5775    
    1151.383    
    1382.336    
    1785.380    
    2294.444    
    2766.620    
    3158.159    
    3223.570    
    2661.760    
    2522.770    
    2683.067    
    2385.482    
    2510.850    

   0.0000000    
   0.0000000    
   0.0000000    
   0.0000000    
   0.0000000    
   0.0000000    
   0.0000000    
   0.0000000    
   0.0000000    
   0.0000000    
   0.0000000    
   0.0000000    
   8.2034051E-02
   0.0000000    
    79.22440    
    173.8122    
    528.4313    
    571.8328    
    467.2960    
    773.2009    
    836.8892    
    666.8158    
    360.4469    
    97.26059    
    13.42101    
    37.21064    
    55.74778    
    81.16325    
    204.7861    
    471.2520    
    789.0358    
    1111.606    
    1459.485    
    1838.956    
    2301.724    
    2823.346    
    3166.288    
    3078.933    
    2625.554    
    2500.158    
    2403.109    
    2103.820    
    2548.501    

   0.0000000    
   0.0000000    
   0.0000000    
   0.0000000    
   0.0000000    
   0.0000000    
   0.0000000    
   0.0000000    
   0.0000000    
   0.0000000    
   0.0000000    
   0.0000000    
   0.0000000    
   0.0000000    
    262.8492    
    482.8849    
    622.3248    
    463.5961    
    430.7643    
    872.7223    
    991.5461    
    851.0762    
    485.9366    
    123.9868    
    6.578310    
    31.46857    
    49.44535    
    115.3520    
    263.0006    
    447.5286    
    710.8919    
    1177.365    
    1621.299    
    2036.439    
    2506.963    
    2913.191    
    3168.865    
    2987.661    
    2900.997    
    2892.738    
    2515.766    
    2136.963    
    2394.913    

   0.0000000    
   0.0000000    
   0.0000000    
   0.0000000    
   0.0000000    
   0.0000000    
   0.0000000    
   0.0000000    
   0.0000000    
   0.0000000    
   0.0000000    
   0.0000000    
   0.0000000    
    28.23963    
    346.0961    
    668.3329    
    548.6204    
    170.3742    
    345.7179    
    891.0887    
    1036.716    
    876.9471    
    429.6178    
    61.41819    
    9.944680    
    34.50391    
    47.28933    
    165.6466    
    356.5487    
    468.0352    
    709.6975    
    1123.035    
    1490.364    
    1880.470    
    2363.946    
    2732.654    
    3037.098    
    2983.794    
    2805.869    
    2823.025    
    2654.841    
    2313.864    
    2024.356    

   0.0000000    
   0.0000000    
   0.0000000    
   0.0000000    
   0.0000000    
   0.0000000    
   0.0000000    
   0.0000000    
   0.0000000    
   0.0000000    
   0.0000000    
   0.0000000    
   0.0000000    
    31.63784    
    236.0812    
    575.5137    
    425.5616    
    14.01490    
    268.2085    
    761.9712    
    904.2898    
    673.0923    
    229.6440    
    3.769662    
    13.10141    
    29.71368    
    41.97138    
    185.6407    
    454.8379    
    540.7864    
    681.7005    
    1074.180    
    1452.090    
    1836.365    
    2154.288    
    2476.762    
    2877.469    
    2889.539    
    2383.827    
    2201.168    
    2254.038    
    2080.537    
    1814.083    

   0.0000000    
   0.0000000    
   0.0000000    
   0.0000000    
   0.0000000    
   0.0000000    
   0.0000000    
   0.0000000    
   0.0000000    
   0.0000000    
   0.0000000    
   0.0000000    
   0.0000000    
   0.0000000    
    128.0621    
    436.1331    
    308.9340    
   0.0000000    
    219.1611    
    456.6106    
    484.6258    
    370.5349    
    100.9687    
   0.0000000    
    9.390886    
    20.69324    
    42.28047    
    151.7516    
    424.7050    
    567.8514    
    697.7809    
    1122.437    
    1552.138    
    1954.546    
    2235.336    
    2474.490    
    2764.843    
    2653.052    
    2242.459    
    2090.907    
    1863.740    
    1642.835    
    1610.169    

   0.0000000    
   0.0000000    
   0.0000000    
   0.0000000    
   0.0000000    
   0.0000000    
   0.0000000    
   0.0000000    
   0.0000000    
   0.0000000    
   0.0000000    
   0.0000000    
   0.1931608    
   0.0000000    
    101.1043    
    330.0205    
    194.3773    
   0.0000000    
    221.6232    
    294.8952    
    298.2489    
    264.2313    
    42.06398    
   0.0000000    
    5.443043    
    15.87146    
    43.73906    
    104.8174    
    292.0981    
    482.9477    
    675.7842    
    1036.925    
    1433.489    
    1856.313    
    2318.713    
    2609.076    
    2702.666    
    2454.860    
    2194.877    
    2371.963    
    2034.057    
    1639.607    
    1551.913    

   0.0000000    
   0.0000000    
   0.0000000    
   0.0000000    
   0.0000000    
   0.0000000    
   0.0000000    
   0.0000000    
   0.0000000    
   0.0000000    
   0.0000000    
   0.0000000    
   0.0000000    
   0.0000000    
    80.74011    
    241.4440    
    128.0792    
    9.637817    
    229.1331    
    400.6089    
    479.4709    
    296.6683    
    15.34775    
   0.0000000    
    3.643470    
    13.79348    
    38.69443    
    78.57880    
    185.4378    
    384.7436    
    662.0486    
    979.5725    
    1328.164    
    1794.950    
    2247.832    
    2606.706    
    2753.251    
    2520.044    
    2032.648    
    2075.286    
    2293.043    
    1976.063    
    1588.331    

   0.0000000    
   0.0000000    
   0.0000000    
   0.0000000    
   0.0000000    
   0.0000000    
   0.0000000    
   0.0000000    
   0.0000000    
   0.0000000    
   0.0000000    
   0.0000000    
   0.0000000    
   0.0000000    
    33.71303    
    147.3385    
    104.4283    
    81.49494    
    275.9545    
    375.4640    
    395.6766    
    215.4179    
    6.860321    
    1.751995    
    1.563866    
    10.08260    
    28.83015    
    63.72815    
    139.4372    
    328.1494    
    614.0573    
    921.8411    
    1304.756    
    1726.606    
    2015.460    
    2398.949    
    2643.918    
    2699.625    
    2064.983    
    1596.877    
    2172.070    
    2255.758    
    1770.154    

   0.0000000    
   0.0000000    
   0.0000000    
   0.0000000    
   0.0000000    
   0.0000000    
   0.0000000    
   0.0000000    
   0.0000000    
   0.0000000    
   0.0000000    
   0.0000000    
   0.0000000    
   0.6342030    
   0.0000000    
    30.59885    
    71.24245    
    126.0346    
    268.8529    
    214.0100    
    116.2355    
    89.27345    
    31.14683    
    15.10943    
   0.0000000    
    5.934546    
    21.93365    
    47.41458    
    111.6381    
    283.2449    
    522.0080    
    786.5421    
    1134.054    
    1489.206    
    1818.642    
    2349.669    
    2551.550    
    2465.437    
    2205.514    
    1810.245    
    1876.433    
    2084.181    
    1839.776    

   0.0000000    
   0.0000000    
   0.0000000    
   0.0000000    
   0.0000000    
   0.0000000    
   0.0000000    
   0.0000000    
   0.0000000    
   0.0000000    
   0.0000000    
   0.0000000    
   0.0000000    
   0.1961254    
   0.0000000    
    97.30659    
    184.9684    
    102.4627    
    108.2842    
    149.4716    
    54.52599    
    4.105440    
    33.68234    
    13.63654    
   0.0000000    
    3.824255    
    15.87095    
    36.16270    
    112.6478    
    305.7664    
    491.5291    
    693.5815    
    1051.747    
    1426.702    
    1747.845    
    2217.670    
    2434.817    
    2138.216    
    2253.202    
    2133.771    
    1814.367    
    1932.620    
    1794.537    

   0.0000000    
   0.0000000    
   0.0000000    
   0.0000000    
   0.0000000    
   0.0000000    
   0.0000000    
   0.0000000    
   0.0000000    
   0.0000000    
   0.0000000    
   0.0000000    
   7.5723402E-02
   0.0000000    
   0.0000000    
    194.9612    
    353.2493    
    137.8387    
   0.0000000    
    111.6686    
    181.7198    
    120.7094    
    62.93640    
    7.748136    
    7.018670    
    3.928118    
    11.59228    
    35.74397    
    97.75603    
    275.7560    
    453.1676    
    656.1418    
    1046.021    
    1397.829    
    1656.783    
    2039.256    
    2335.924    
    2178.377    
    2318.849    
    2472.070    
    2120.992    
    1930.018    
    1906.494    

   0.0000000    
   0.0000000    
   0.0000000    
   0.0000000    
   0.0000000    
   0.0000000    
   0.0000000    
   0.0000000    
   0.0000000    
   0.0000000    
   0.0000000    
   0.0000000    
   0.0000000    
   0.0000000    
    49.48634    
    197.5938    
    318.5687    
    195.5735    
    38.82326    
    91.75467    
    276.1419    
    439.8081    
    243.5401    
    12.31295    
    16.12711    
    7.186028    
    8.447800    
    27.68679    
    73.80763    
    218.1499    
    410.4084    
    635.6219    
    946.8204    
    1274.676    
    1644.619    
    2006.652    
    2325.882    
    2308.383    
    2269.358    
    2660.333    
    2278.078    
    1697.460    
    1797.509    

   0.0000000    
   0.0000000    
   0.0000000    
   0.0000000    
   0.0000000    
   0.0000000    
   0.0000000    
   0.0000000    
   0.0000000    
   0.0000000    
   0.0000000    
   0.0000000    
   0.0000000    
   0.0000000    
    67.41299    
    171.5132    
    213.2934    
    229.6100    
    278.8035    
    274.6327    
    374.1957    
    564.0770    
    404.7879    
    108.2646    
    17.98165    
    12.95545    
    7.742396    
    17.77336    
    45.28243    
    185.9373    
    412.3411    
    602.0895    
    864.1713    
    1221.526    
    1651.079    
    1995.513    
    2279.884    
    2305.299    
    2072.743    
    2297.169    
    2185.825    
    1666.779    
    1657.924    

   0.0000000    
   0.0000000    
   0.0000000    
   0.0000000    
   0.0000000    
   0.0000000    
   0.0000000    
   0.0000000    
   0.0000000    
   0.0000000    
   0.0000000    
   0.0000000    
   7.5723402E-02
   0.0000000    
    16.00196    
    90.81758    
    136.2385    
    196.3417    
    390.4280    
    474.7471    
    495.2500    
    496.5143    
    487.0480    
    268.7210    
    19.06639    
    24.46323    
    6.991470    
    12.39555    
    18.78774    
    140.8537    
    397.2718    
    634.9780    
    883.1503    
    1202.436    
    1563.424    
    1980.767    
    2324.872    
    2376.045    
    2172.625    
    2164.627    
    2094.027    
    1738.513    
    1660.867    

   0.0000000    
   0.0000000    
   0.0000000    
   0.0000000    
   0.0000000    
   0.0000000    
   0.0000000    
   0.0000000    
   0.0000000    
   0.0000000    
   0.0000000    
   0.0000000    
   0.0000000    
   0.0000000    
   0.0000000    
    66.36308    
    147.4430    
    123.7607    
    295.1140    
    522.5731    
    540.0309    
    436.0446    
    475.1680    
    390.6768    
    110.9109    
    24.57282    
    6.330640    
    11.02822    
    14.06710    
    98.31104    
    340.8629    
    638.0501    
    887.4429    
    1169.819    
    1508.527    
    1931.038    
    2275.215    
    2290.722    
    2125.146    
    2177.041    
    2094.844    
    1885.052    
    1809.265    

   0.0000000    
   0.0000000    
   0.0000000    
   0.0000000    
   0.0000000    
   0.0000000    
   0.0000000    
   0.0000000    
   0.0000000    
   0.0000000    
   0.0000000    
   0.0000000    
   0.0000000    
   0.2040449    
   0.0000000    
    108.0856    
    229.7781    
    139.6170    
    196.2903    
    555.2635    
    618.6271    
    436.3545    
    511.4218    
    495.0472    
    213.4333    
    21.50077    
    2.392972    
    2.768111    
    9.597358    
    65.91553    
    295.9538    
    603.2570    
    812.5442    
    1099.083    
    1471.848    
    1855.741    
    2168.734    
    2151.052    
    1854.402    
    1743.727    
    1863.761    
    1940.081    
    1926.308    

