    74.65651    
    69.93210    
    62.80445    
    128.1743    
    253.5577    
    258.6703    
    226.3854    
    247.8253    
    272.3401    
    292.5383    
    323.7127    
    382.9433    
    399.7252    
    420.0158    
    460.2561    
    446.6738    
    453.2793    
    493.6505    
    602.7687    
    686.9114    
    559.8535    
    545.9944    
    701.3607    
    779.0903    
    862.7366    
    992.0546    
    1013.795    
    929.4828    
    816.9076    
    801.3853    
    876.4283    
    875.3712    
    817.1431    
    621.0529    
    455.8249    
    433.6411    
    393.6393    
    358.2208    
    347.8748    
    347.8358    
    331.5779    
    340.3398    
    334.8808    
    282.9026    
    294.5051    
    326.7880    
    285.0921    
    216.0973    
    172.7526    
    151.5810    
    138.7957    
    130.2900    
    124.8498    
    118.1082    
    112.1053    
    108.2528    
    103.1979    
    97.97261    
    92.84563    
    87.51452    
    81.97800    
    77.13919    
    73.34737    
    69.37231    
    65.27361    
    61.49820    
    57.90469    
    54.63340    
    52.07497    
    49.72187    

    68.93564    
    68.19535    
    62.56181    
    128.1837    
    248.9079    
    268.1482    
    240.6612    
    278.8691    
    356.7610    
    359.1433    
    307.6252    
    400.0947    
    442.6764    
    418.2207    
    476.2335    
    508.0681    
    520.6340    
    525.0502    
    564.6907    
    612.1194    
    554.8809    
    559.9439    
    706.3185    
    739.9755    
    826.0786    
    1004.842    
    979.8683    
    836.9249    
    814.8698    
    912.6927    
    927.7734    
    866.4136    
    769.7651    
    612.1432    
    475.7188    
    401.3771    
    361.7829    
    347.5465    
    349.8684    
    362.9260    
    378.2389    
    359.8885    
    325.8155    
    355.4731    
    451.2043    
    448.4192    
    319.8688    
    225.0232    
    187.9112    
    163.1162    
    142.3140    
    129.7163    
    123.6590    
    117.4689    
    111.6374    
    106.3207    
    101.2691    
    97.14253    
    91.81327    
    86.99243    
    81.89092    
    76.69595    
    72.79782    
    69.07054    
    64.92030    
    61.17460    
    57.58086    
    54.09663    
    51.43571    
    49.42587    

    65.07952    
    66.73055    
    59.52393    
    101.2751    
    211.4550    
    266.2479    
    258.4597    
    327.4982    
    489.9994    
    566.5952    
    403.6247    
    360.6905    
    423.8789    
    412.9249    
    465.2844    
    523.8730    
    521.9297    
    490.8425    
    578.3618    
    614.3000    
    550.4129    
    556.8471    
    659.0646    
    732.8936    
    819.8861    
    954.0673    
    934.3903    
    920.3461    
    960.7661    
    975.9099    
    918.6380    
    749.4086    
    614.1809    
    528.2856    
    450.1415    
    394.4090    
    365.7236    
    366.3018    
    394.2961    
    437.4546    
    469.9386    
    490.9700    
    474.8967    
    494.5632    
    538.2162    
    460.7854    
    322.3759    
    235.4333    
    202.7033    
    174.7699    
    147.6108    
    129.8204    
    120.9427    
    115.2763    
    110.4003    
    104.7091    
    99.77221    
    95.68063    
    90.74728    
    85.63792    
    81.07001    
    76.47383    
    72.12047    
    68.70786    
    64.91954    
    60.91002    
    57.23101    
    53.74834    
    51.02720    
    49.02350    

    62.31506    
    62.44976    
    53.24391    
    92.07707    
    191.4657    
    275.8710    
    310.6878    
    407.2597    
    655.3033    
    777.3698    
    579.7217    
    368.2961    
    373.6214    
    417.4080    
    442.2753    
    513.7012    
    520.9885    
    479.8524    
    580.0052    
    576.6939    
    489.4878    
    571.1472    
    732.2441    
    863.2560    
    877.3731    
    829.2977    
    827.6254    
    918.4582    
    909.4568    
    915.6495    
    852.0495    
    637.6200    
    531.0365    
    472.3634    
    419.7546    
    385.9724    
    370.3654    
    380.7681    
    434.4083    
    496.4536    
    521.0865    
    578.2045    
    593.7474    
    577.3204    
    551.0630    
    432.5995    
    324.8339    
    254.8218    
    208.1804    
    179.0619    
    151.5094    
    129.8687    
    118.1127    
    112.4256    
    107.2262    
    102.6451    
    97.82193    
    92.63966    
    88.03905    
    83.39230    
    79.25329    
    75.20916    
    71.17574    
    67.71411    
    63.99721    
    60.31179    
    56.68241    
    53.03714    
    50.12761    
    47.81808    

    58.93708    
    57.91351    
    60.97969    
    125.0688    
    231.9379    
    304.4082    
    375.7812    
    463.9271    
    702.3643    
    811.1320    
    694.1903    
    472.6484    
    356.8309    
    452.6760    
    492.7166    
    522.7512    
    532.1921    
    496.2899    
    496.8790    
    505.7229    
    554.1260    
    670.6940    
    805.3081    
    988.2806    
    1002.946    
    858.9914    
    781.1549    
    763.7742    
    804.7443    
    834.7368    
    743.3715    
    616.9529    
    530.4925    
    461.5772    
    411.6345    
    385.9375    
    380.5740    
    413.2987    
    499.5793    
    555.8561    
    577.5754    
    637.7301    
    655.8222    
    630.1268    
    585.6456    
    465.2671    
    338.5586    
    259.4642    
    208.6414    
    178.6376    
    152.9275    
    130.1641    
    116.0157    
    109.6651    
    104.8348    
    100.4727    
    95.74686    
    90.31137    
    85.17897    
    80.85378    
    77.03614    
    73.24082    
    70.02658    
    66.73767    
    62.52545    
    58.85734    
    55.69199    
    52.34163    
    49.24800    
    46.79946    

    55.02033    
    59.23550    
    77.45299    
    147.5414    
    279.5995    
    389.0045    
    449.3464    
    481.4028    
    636.8235    
    725.9437    
    667.4353    
    517.9269    
    356.0385    
    430.1201    
    490.8043    
    463.2982    
    490.8680    
    490.6961    
    436.2060    
    501.8050    
    652.9678    
    816.5609    
    948.5518    
    1047.062    
    1021.127    
    889.2888    
    783.7123    
    712.2823    
    750.3588    
    708.3928    
    636.8555    
    605.0118    
    509.5906    
    434.6046    
    402.0500    
    388.9119    
    401.6344    
    469.5826    
    547.8940    
    605.9084    
    658.8870    
    691.5998    
    688.9554    
    649.5646    
    595.0519    
    483.6054    
    367.8454    
    288.6772    
    217.7872    
    179.5387    
    152.9556    
    129.5005    
    113.4477    
    105.7250    
    101.3350    
    97.47836    
    92.81844    
    87.52171    
    82.77437    
    78.54855    
    74.76850    
    71.37626    
    68.03696    
    64.78696    
    61.25913    
    57.76223    
    54.65705    
    51.41785    
    48.51511    
    46.10406    

    55.98933    
    68.73162    
    87.01108    
    166.2515    
    313.2263    
    420.5463    
    460.6900    
    496.5761    
    571.8452    
    621.8784    
    590.6412    
    481.7346    
    380.2590    
    399.4233    
    407.6317    
    395.3009    
    460.8178    
    482.3688    
    460.8051    
    548.5388    
    648.8955    
    881.3586    
    1064.666    
    1059.606    
    996.5415    
    859.3173    
    766.0449    
    695.7875    
    687.4479    
    640.9678    
    560.1689    
    502.0863    
    441.0941    
    411.4531    
    401.9732    
    393.9298    
    421.5105    
    504.5590    
    536.2427    
    582.9625    
    667.0159    
    704.6191    
    694.1741    
    638.9612    
    582.8998    
    527.9178    
    441.6738    
    324.3497    
    234.2487    
    182.3613    
    152.4332    
    128.3369    
    111.0912    
    101.9265    
    97.79649    
    93.69371    
    88.45145    
    83.70069    
    79.88591    
    76.36826    
    72.93608    
    69.57399    
    66.16354    
    62.89682    
    59.82951    
    56.84590    
    53.42586    
    50.10545    
    47.55811    
    45.30404    

    59.90605    
    77.73980    
    92.68185    
    178.5220    
    345.7918    
    422.2007    
    459.3794    
    538.4321    
    577.6757    
    550.6461    
    567.5439    
    500.1974    
    429.0132    
    447.5432    
    412.4173    
    417.1158    
    468.0781    
    482.2779    
    467.0677    
    519.1830    
    623.6547    
    856.8578    
    990.6973    
    1028.352    
    996.9936    
    936.6620    
    863.2521    
    719.7615    
    700.3477    
    623.8517    
    502.3536    
    449.5747    
    437.4310    
    429.0564    
    413.9233    
    401.3511    
    427.0407    
    516.2902    
    542.9618    
    546.1367    
    611.9613    
    672.1519    
    663.0813    
    581.2258    
    530.4525    
    507.8207    
    445.2014    
    336.9765    
    238.1727    
    181.7649    
    150.3735    
    127.8212    
    109.8055    
    98.10204    
    93.52781    
    90.14051    
    85.11472    
    80.64323    
    77.38160    
    74.12687    
    71.09990    
    68.16799    
    65.02877    
    62.00397    
    58.49834    
    55.21070    
    52.01927    
    49.11218    
    46.78059    
    44.43475    

    59.34769    
    83.39021    
    121.6858    
    204.3191    
    357.8848    
    436.4100    
    466.2794    
    531.0931    
    552.3240    
    505.3962    
    517.8867    
    488.7197    
    476.1894    
    529.4329    
    491.8417    
    451.8070    
    488.5463    
    508.6514    
    469.8611    
    513.9907    
    618.1887    
    793.9444    
    932.8840    
    1017.237    
    1068.097    
    1035.379    
    903.8906    
    729.0475    
    628.6972    
    562.4294    
    508.9979    
    516.7204    
    505.1303    
    465.0982    
    441.8542    
    410.2188    
    435.7711    
    517.3794    
    528.4378    
    500.2492    
    531.8247    
    609.6450    
    643.7504    
    546.8321    
    481.5431    
    450.6644    
    406.8962    
    338.9473    
    235.4294    
    180.6009    
    153.9422    
    131.6159    
    110.7323    
    95.30648    
    88.64251    
    86.13497    
    82.81190    
    78.80618    
    75.30063    
    71.99287    
    69.09212    
    66.58996    
    63.75636    
    60.77525    
    57.42645    
    53.89502    
    50.96943    
    48.16173    
    45.96662    
    44.20912    

    59.88840    
    87.16150    
    158.2270    
    279.0973    
    398.4071    
    442.8143    
    464.7452    
    521.4338    
    574.4122    
    572.2064    
    538.8007    
    480.6992    
    476.5023    
    564.5509    
    549.3788    
    463.6161    
    519.7032    
    527.2693    
    494.1906    
    596.1623    
    690.0859    
    807.4741    
    907.0683    
    986.9921    
    1069.765    
    1010.911    
    874.7575    
    698.3513    
    557.0564    
    571.5009    
    650.9838    
    642.5101    
    549.9030    
    528.3186    
    517.6444    
    455.9745    
    457.0516    
    480.8398    
    450.6026    
    453.9896    
    492.8340    
    572.0931    
    624.6335    
    565.7563    
    526.7814    
    540.0012    
    467.1463    
    333.1801    
    241.4247    
    188.7932    
    163.0738    
    138.0892    
    114.6849    
    95.32265    
    85.00394    
    81.55927    
    79.04774    
    75.74896    
    72.37758    
    69.38933    
    66.68290    
    64.27332    
    61.95522    
    59.17587    
    56.23670    
    52.99255    
    50.12017    
    47.48508    
    45.37085    
    44.09920    

    64.15684    
    90.27410    
    196.2662    
    381.2025    
    470.0017    
    479.2552    
    528.6121    
    596.3380    
    659.0287    
    644.8717    
    556.7281    
    500.2383    
    478.2591    
    519.4863    
    528.6218    
    478.3565    
    507.6065    
    475.7613    
    485.3602    
    605.7448    
    721.9689    
    820.4362    
    918.6107    
    975.0742    
    952.8033    
    912.0597    
    809.7057    
    694.5926    
    656.2508    
    661.9730    
    745.8326    
    717.8167    
    593.9089    
    660.0620    
    671.2943    
    531.2605    
    487.1577    
    464.8232    
    400.3140    
    418.9797    
    476.8618    
    533.4203    
    552.0461    
    532.4357    
    530.7402    
    533.9206    
    452.8109    
    317.2617    
    231.1002    
    188.7523    
    164.2497    
    140.2637    
    116.7494    
    95.95528    
    82.12069    
    76.82507    
    74.37016    
    71.94364    
    69.40743    
    66.57128    
    64.00541    
    61.77652    
    59.75742    
    57.85108    
    55.33246    
    52.20663    
    49.17984    
    46.77582    
    44.70685    
    43.12745    

    74.21491    
    102.6210    
    218.9110    
    441.2661    
    568.6030    
    571.2376    
    594.4919    
    618.8623    
    627.5699    
    615.8352    
    573.4218    
    537.1021    
    560.1782    
    549.3363    
    486.5026    
    466.0335    
    407.2807    
    417.2526    
    479.0390    
    565.0754    
    697.2488    
    794.8335    
    980.4906    
    1040.686    
    932.3415    
    829.0319    
    708.8424    
    669.2069    
    719.0530    
    722.3663    
    759.1963    
    736.0708    
    680.3510    
    838.1214    
    851.2709    
    617.8405    
    508.5043    
    470.7313    
    391.8363    
    381.7522    
    439.9496    
    487.4837    
    478.8573    
    473.4360    
    480.9532    
    449.6343    
    377.0162    
    283.1908    
    209.1812    
    172.7902    
    153.4497    
    134.6078    
    113.7009    
    94.13445    
    79.48579    
    72.94602    
    70.24280    
    67.91262    
    65.95126    
    63.70708    
    61.38636    
    59.20530    
    57.27364    
    55.96597    
    53.91349    
    50.98837    
    48.21230    
    45.54538    
    43.09932    
    42.30714    

    88.77316    
    113.4198    
    195.3567    
    396.8892    
    587.5753    
    627.4221    
    608.5200    
    612.9012    
    616.3338    
    637.2031    
    667.6458    
    650.7497    
    652.1946    
    592.5616    
    485.9106    
    412.7776    
    388.3260    
    537.0976    
    617.1437    
    652.9518    
    701.8222    
    750.0874    
    957.5426    
    1089.005    
    989.6777    
    816.3529    
    690.3716    
    644.3665    
    689.7786    
    764.6772    
    838.0985    
    805.1496    
    782.5373    
    943.1056    
    968.2449    
    724.0895    
    496.0248    
    411.7745    
    376.2416    
    365.2258    
    412.7960    
    452.4612    
    433.7833    
    416.6115    
    399.4115    
    375.6093    
    331.8452    
    249.1678    
    192.7531    
    160.9021    
    139.4816    
    123.1629    
    106.4841    
    90.18677    
    76.62357    
    69.48980    
    66.26698    
    63.69769    
    62.04300    
    60.53410    
    58.66911    
    56.56829    
    54.75853    
    53.07508    
    51.13102    
    49.10266    
    46.97259    
    44.16319    
    41.66766    
    41.52467    

    104.7407    
    128.0565    
    189.8089    
    308.0152    
    451.6092    
    572.1534    
    631.2174    
    681.6458    
    717.7668    
    715.1568    
    700.4030    
    680.1006    
    658.9094    
    620.8172    
    522.9849    
    369.9973    
    443.0346    
    660.0213    
    740.9612    
    726.7648    
    660.7636    
    707.7213    
    909.0464    
    1002.308    
    899.5582    
    755.0605    
    653.7168    
    656.0246    
    706.5424    
    770.8160    
    886.1164    
    936.9838    
    926.2965    
    992.9000    
    900.0235    
    672.8360    
    509.5004    
    406.0678    
    363.4642    
    333.4746    
    358.9046    
    390.1215    
    392.6554    
    371.1783    
    333.2986    
    294.8086    
    259.6526    
    211.1778    
    169.7599    
    148.0188    
    128.8515    
    113.1513    
    98.02178    
    85.29614    
    74.86034    
    67.50453    
    63.68814    
    60.96718    
    59.00964    
    57.69671    
    56.20660    
    54.25734    
    52.36845    
    50.51212    
    48.53431    
    46.93409    
    45.07548    
    42.45770    
    40.96250    
    41.04778    

    124.0349    
    158.8814    
    214.3087    
    272.2936    
    349.5004    
    497.2460    
    663.2307    
    753.0424    
    770.9663    
    734.4955    
    690.3022    
    660.0871    
    622.8562    
    582.9958    
    475.7701    
    345.1506    
    407.2605    
    585.4387    
    712.7245    
    702.8953    
    592.3900    
    640.2057    
    825.2388    
    820.1967    
    693.8581    
    648.0293    
    639.8480    
    729.8185    
    817.1103    
    850.9151    
    920.9222    
    944.5374    
    942.4790    
    937.1752    
    812.9473    
    709.1558    
    610.4944    
    461.5935    
    364.8292    
    319.1312    
    306.7762    
    302.5809    
    303.9172    
    299.5224    
    290.4587    
    245.8148    
    199.8204    
    177.8452    
    153.6031    
    134.9549    
    120.9798    
    107.5063    
    94.77110    
    84.45505    
    76.14457    
    68.45436    
    62.91076    
    59.29736    
    56.75478    
    55.44196    
    54.05147    
    52.16820    
    50.21532    
    48.35771    
    46.67999    
    44.77190    
    42.93584    
    41.16470    
    40.40895    
    40.65016    

    136.8216    
    181.9417    
    233.9619    
    284.9089    
    365.9686    
    511.1008    
    685.9976    
    767.5257    
    746.8676    
    725.3030    
    726.5036    
    681.3769    
    632.7756    
    532.2689    
    398.0716    
    339.7720    
    385.6596    
    581.0664    
    704.6559    
    637.7652    
    521.8167    
    556.8211    
    706.1956    
    669.4249    
    593.7747    
    633.6978    
    660.6360    
    739.9595    
    854.8014    
    933.5106    
    911.4287    
    846.6067    
    907.0707    
    956.2711    
    917.2488    
    840.8639    
    683.1862    
    538.3603    
    414.6706    
    334.3908    
    311.1146    
    276.3425    
    254.5578    
    248.3658    
    233.8982    
    220.0809    
    205.9805    
    186.7633    
    162.3819    
    135.7740    
    118.4393    
    105.0847    
    94.98791    
    85.98019    
    77.58626    
    69.66301    
    62.63445    
    57.96230    
    54.77666    
    52.91365    
    51.47956    
    49.87809    
    47.97580    
    46.10320    
    44.62172    
    42.70541    
    41.18711    
    40.35244    
    39.72852    
    39.78116    

    128.6230    
    184.3333    
    243.7376    
    304.9373    
    406.1294    
    576.0306    
    725.0468    
    762.9172    
    752.6393    
    768.8411    
    764.5732    
    700.4530    
    642.8770    
    541.9234    
    397.9270    
    352.6750    
    503.7639    
    695.7820    
    669.5245    
    530.9959    
    462.9239    
    492.1213    
    571.1768    
    560.2429    
    615.9302    
    718.1956    
    704.9244    
    718.8409    
    783.0316    
    875.7490    
    861.9777    
    813.2019    
    887.5400    
    1010.570    
    981.1258    
    784.1896    
    751.1005    
    721.7067    
    501.3924    
    352.7527    
    321.1966    
    302.3008    
    282.3051    
    264.9603    
    248.6651    
    258.2938    
    248.2486    
    212.4775    
    182.7254    
    147.4476    
    120.4777    
    103.4496    
    91.65198    
    84.08424    
    76.10562    
    68.38139    
    61.66791    
    56.41981    
    52.89571    
    50.65047    
    48.88396    
    47.38703    
    45.72419    
    44.11057    
    42.54278    
    40.94826    
    39.88369    
    39.13716    
    38.93750    
    39.18587    

    118.9743    
    174.6757    
    256.8749    
    360.7594    
    432.4601    
    590.8015    
    748.8116    
    782.8583    
    787.2367    
    783.8547    
    773.2243    
    711.9408    
    603.2302    
    499.1785    
    367.7751    
    354.7596    
    556.6990    
    694.7556    
    607.9222    
    462.1350    
    421.3991    
    474.7015    
    545.2429    
    530.4183    
    603.1142    
    746.5552    
    766.9286    
    745.8996    
    751.8742    
    808.3116    
    816.4178    
    830.5782    
    925.8998    
    965.3802    
    898.7225    
    767.0192    
    792.3881    
    714.7245    
    548.6971    
    461.6746    
    347.9572    
    320.3015    
    309.1342    
    303.7140    
    283.9449    
    289.6629    
    279.7755    
    228.4858    
    194.1518    
    156.3018    
    125.1248    
    103.8968    
    87.11930    
    78.40145    
    72.24656    
    65.60357    
    59.82703    
    54.81124    
    50.86616    
    48.66173    
    47.00142    
    45.44723    
    44.00960    
    42.44920    
    41.08797    
    39.78897    
    38.93459    
    38.34958    
    38.33957    
    38.87660    

    118.7787    
    171.4414    
    259.7350    
    403.8412    
    476.6334    
    564.2045    
    722.4816    
    798.8020    
    797.2446    
    757.7863    
    749.7158    
    738.9035    
    673.6104    
    516.9066    
    329.5010    
    340.3793    
    486.5674    
    583.2604    
    542.8710    
    427.6253    
    408.1738    
    528.6030    
    654.9062    
    650.7495    
    635.7264    
    718.0699    
    791.1902    
    760.5405    
    741.4510    
    763.2520    
    794.2877    
    862.0565    
    960.0849    
    981.2930    
    870.6605    
    787.8177    
    732.4554    
    605.7155    
    698.0367    
    645.2866    
    411.7498    
    388.4158    
    366.1998    
    352.9953    
    325.5158    
    310.9908    
    293.1643    
    248.3697    
    216.3580    
    174.9546    
    128.5571    
    101.5602    
    83.04518    
    71.44714    
    66.57780    
    62.04992    
    57.25844    
    52.97119    
    49.12355    
    46.55511    
    44.92287    
    43.43153    
    42.05468    
    40.89690    
    39.98063    
    39.01221    
    38.32915    
    37.78901    
    37.50703    
    38.11871    

    111.4471    
    191.5064    
    269.3927    
    376.9962    
    515.8018    
    605.5065    
    722.5781    
    819.2419    
    848.2808    
    845.4644    
    813.3763    
    791.6086    
    690.1602    
    480.5611    
    308.2692    
    319.2934    
    457.0439    
    537.7302    
    474.2170    
    397.7850    
    443.0777    
    569.4868    
    719.1400    
    777.1103    
    715.0643    
    686.1980    
    741.1310    
    749.4346    
    739.8413    
    766.4089    
    793.6548    
    830.0228    
    867.4205    
    951.8193    
    889.4126    
    782.2756    
    690.9438    
    641.9512    
    861.8361    
    814.7905    
    566.6107    
    482.1490    
    419.2518    
    389.2889    
    361.3622    
    314.2178    
    302.8100    
    287.8054    
    247.9538    
    202.5537    
    134.0016    
    89.98177    
    75.63457    
    65.48386    
    61.04325    
    57.73942    
    53.52372    
    49.80906    
    46.99704    
    44.54866    
    42.58192    
    41.14064    
    40.21863    
    39.49003    
    38.79105    
    38.01329    
    37.60157    
    36.97687    
    36.36956    
    37.00736    

    103.9919    
    198.3983    
    308.3993    
    394.9051    
    522.3174    
    662.7855    
    784.3292    
    855.1445    
    912.3603    
    951.5790    
    900.8400    
    782.1775    
    555.8250    
    377.0718    
    285.2144    
    307.2410    
    455.6072    
    505.5455    
    424.2222    
    405.2048    
    473.7393    
    594.5139    
    733.0172    
    767.9235    
    760.3716    
    721.9992    
    714.2866    
    735.9372    
    754.5296    
    784.4174    
    800.2286    
    837.2234    
    896.8554    
    943.0890    
    896.5416    
    804.5844    
    689.1356    
    708.6341    
    885.4276    
    845.8106    
    671.8976    
    537.2725    
    442.1272    
    408.7364    
    363.5901    
    310.1779    
    320.3318    
    305.4848    
    248.3452    
    209.3625    
    137.1394    
    78.80582    
    67.57255    
    60.01558    
    56.91478    
    54.02715    
    49.88782    
    46.77706    
    44.25448    
    42.22573    
    40.70692    
    39.67939    
    39.02651    
    38.27869    
    37.54828    
    37.09828    
    36.98230    
    36.20887    
    35.86275    
    36.33990    

    145.5502    
    245.8024    
    356.5715    
    434.7162    
    515.4175    
    644.4564    
    758.6614    
    806.5020    
    853.8062    
    924.7040    
    892.9751    
    698.2896    
    491.5567    
    365.9507    
    265.6126    
    284.5545    
    446.9349    
    478.7321    
    392.8900    
    394.6256    
    408.9872    
    522.3115    
    590.9419    
    594.0047    
    712.0762    
    757.5840    
    715.5225    
    690.9193    
    740.1843    
    862.4390    
    852.4133    
    794.5958    
    875.2523    
    852.8728    
    788.3199    
    800.2355    
    760.4838    
    779.4911    
    815.3592    
    674.3232    
    540.8222    
    487.7125    
    441.1106    
    423.4232    
    378.7914    
    326.0486    
    331.5526    
    298.6767    
    225.7370    
    198.7276    
    141.9590    
    83.27248    
    66.92207    
    56.70056    
    52.69418    
    50.07998    
    47.04079    
    44.51041    
    42.06126    
    40.30112    
    39.29303    
    38.42234    
    37.66879    
    37.03034    
    36.52477    
    36.52877    
    36.44298    
    35.64639    
    34.99233    
    36.01159    

    228.3889    
    320.6931    
    363.5835    
    356.2137    
    400.4711    
    516.0203    
    597.8054    
    678.9286    
    735.5110    
    803.3767    
    803.6055    
    596.7525    
    468.5761    
    364.1088    
    246.5112    
    275.7308    
    400.1420    
    422.1746    
    339.3484    
    337.8672    
    342.4628    
    391.9577    
    503.7382    
    532.2617    
    581.0216    
    661.8116    
    635.7216    
    624.1435    
    659.8452    
    794.4675    
    800.7389    
    737.9989    
    788.1188    
    707.8049    
    657.7996    
    772.7250    
    889.1131    
    800.0297    
    630.5981    
    538.4139    
    465.6879    
    434.4607    
    428.5449    
    424.3078    
    373.8320    
    307.8843    
    325.4111    
    309.4497    
    219.1740    
    186.0175    
    146.6223    
    92.00996    
    71.24380    
    56.43787    
    49.38229    
    46.56472    
    43.94526    
    41.59675    
    39.91748    
    38.61343    
    37.68061    
    36.61156    
    36.07235    
    35.79448    
    35.38201    
    35.57576    
    35.48026    
    34.60347    
    39.11493    
    43.10001    

    200.4968    
    248.8567    
    281.7682    
    296.1875    
    346.1850    
    435.9738    
    508.1772    
    615.8311    
    725.1399    
    733.0546    
    670.0256    
    532.5153    
    412.9740    
    305.5884    
    235.0767    
    283.4868    
    355.6731    
    327.8614    
    282.7617    
    333.8972    
    423.1423    
    438.2092    
    557.0460    
    582.1506    
    529.4053    
    602.5598    
    629.6539    
    696.3776    
    699.7596    
    655.7114    
    647.7846    
    706.4211    
    709.2316    
    628.0936    
    715.8190    
    862.1956    
    933.7853    
    791.7234    
    577.4549    
    550.4520    
    508.6401    
    440.3541    
    393.5001    
    367.5015    
    327.6453    
    282.6426    
    284.9197    
    279.8942    
    241.0253    
    211.8484    
    150.5355    
    87.31671    
    70.48211    
    55.49257    
    47.01881    
    43.72683    
    41.25401    
    39.47478    
    37.70419    
    36.15586    
    35.29137    
    34.67677    
    34.38391    
    34.39151    
    34.45533    
    34.12859    
    37.50396    
    40.83701    
    47.19130    
    50.53222    

    139.6047    
    195.6515    
    274.6743    
    338.7580    
    434.1913    
    568.8526    
    631.6982    
    696.2054    
    792.1640    
    761.3093    
    679.7651    
    527.6407    
    357.1269    
    262.1901    
    217.7526    
    272.8804    
    320.5207    
    278.7037    
    292.1770    
    405.6760    
    510.2535    
    521.6017    
    571.4219    
    550.5562    
    517.9096    
    617.1508    
    725.9553    
    801.6855    
    729.1000    
    630.7168    
    590.0659    
    587.0399    
    591.8191    
    625.4412    
    807.3419    
    877.3015    
    768.4551    
    690.8411    
    588.8571    
    518.9568    
    460.9217    
    389.3065    
    338.3994    
    310.3829    
    307.6929    
    295.2841    
    302.5272    
    294.8597    
    250.7199    
    219.8472    
    145.7498    
    74.22054    
    62.98172    
    51.29859    
    43.69243    
    40.66474    
    39.33963    
    37.73314    
    35.99903    
    34.61931    
    33.90922    
    33.89559    
    33.68194    
    32.90248    
    35.01402    
    38.26971    
    43.46051    
    47.75926    
    47.25668    
    47.11890    

    145.3956    
    238.9888    
    357.7776    
    393.9079    
    510.5517    
    714.2872    
    784.9241    
    814.6998    
    855.2167    
    799.0842    
    665.9763    
    479.6891    
    322.3154    
    245.6933    
    214.3102    
    257.1659    
    283.9797    
    261.4341    
    316.5101    
    471.9075    
    537.8625    
    537.6067    
    572.8504    
    533.8495    
    498.6485    
    560.5171    
    676.6790    
    751.9633    
    718.6486    
    670.8420    
    617.2448    
    545.7417    
    542.8481    
    635.4646    
    782.2639    
    730.4833    
    562.7160    
    523.0917    
    466.1786    
    404.6709    
    367.4837    
    323.5281    
    299.0530    
    285.1042    
    291.1462    
    303.3575    
    342.4954    
    327.7222    
    253.6673    
    205.5008    
    126.2170    
    62.32820    
    53.06394    
    45.53568    
    40.39286    
    37.53931    
    36.42235    
    35.53044    
    34.74308    
    33.96935    
    33.55465    
    32.90074    
    32.60537    
    38.24827    
    44.41484    
    45.77366    
    45.26699    
    44.69158    
    43.46316    
    41.82261    

    133.4099    
    238.8940    
    365.4982    
    428.8049    
    602.7191    
    801.3480    
    816.7211    
    785.4055    
    783.7245    
    674.8239    
    458.9302    
    346.3287    
    295.0177    
    240.3879    
    219.9205    
    236.9243    
    241.5460    
    254.6375    
    350.4887    
    517.1288    
    597.2218    
    624.6459    
    603.9547    
    510.5154    
    505.1068    
    543.7188    
    562.2172    
    641.5223    
    763.9428    
    735.8250    
    642.0174    
    562.7137    
    510.9324    
    586.4802    
    681.7927    
    648.1206    
    537.7542    
    449.5121    
    389.3920    
    355.7893    
    324.6169    
    302.9509    
    278.8828    
    265.5248    
    264.6866    
    288.4431    
    320.4626    
    288.2947    
    254.3988    
    203.6894    
    105.4935    
    53.89475    
    46.45372    
    41.22665    
    38.03837    
    35.64867    
    34.24308    
    33.94390    
    33.82058    
    33.04738    
    31.72128    
    33.41268    
    37.31329    
    46.40768    
    51.55810    
    47.97509    
    43.41286    
    41.09270    
    41.47969    
    39.38883    

    123.9563    
    202.0727    
    319.9351    
    406.2336    
    526.6911    
    743.1218    
    821.6418    
    742.6464    
    639.1288    
    521.1940    
    393.7265    
    300.5024    
    280.2554    
    262.5161    
    228.0679    
    218.8443    
    216.3207    
    251.7129    
    364.4973    
    521.9930    
    560.1082    
    546.8048    
    570.2017    
    494.3229    
    498.1134    
    595.2656    
    573.8678    
    592.8206    
    721.2110    
    768.4714    
    711.2123    
    580.6139    
    487.2887    
    532.1838    
    609.9703    
    616.5281    
    532.7025    
    465.7606    
    422.1104    
    353.6013    
    302.3553    
    270.5612    
    264.1066    
    272.5776    
    240.1639    
    248.7810    
    286.2920    
    248.7614    
    220.3971    
    163.9527    
    84.65468    
    53.55769    
    46.26357    
    40.91734    
    36.78384    
    34.70041    
    33.63832    
    32.78785    
    31.80982    
    33.99773    
    38.04882    
    40.49735    
    41.26147    
    43.30250    
    47.46602    
    47.36306    
    43.91418    
    40.92418    
    39.39883    
    38.26361    

    136.4153    
    210.6369    
    286.2509    
    378.8188    
    504.4378    
    708.6999    
    811.4448    
    742.8098    
    651.7986    
    547.2057    
    468.9912    
    350.7072    
    317.9780    
    321.3358    
    227.6107    
    226.1498    
    228.1056    
    235.7947    
    368.9093    
    479.2037    
    441.0154    
    399.6522    
    485.7745    
    541.5823    
    519.0864    
    625.4937    
    679.5176    
    679.8312    
    749.3016    
    757.9236    
    711.5809    
    592.3464    
    477.5274    
    478.9085    
    589.7606    
    611.9977    
    549.0981    
    496.8736    
    400.6129    
    304.8397    
    262.1005    
    245.1572    
    265.0114    
    283.7600    
    232.6594    
    218.6788    
    243.3901    
    216.6966    
    184.8381    
    123.4300    
    70.26199    
    56.68220    
    48.30167    
    42.11956    
    36.65783    
    33.56985    
    32.06369    
    31.87386    
    36.10707    
    43.35062    
    46.01389    
    43.86919    
    40.19112    
    37.58238    
    41.27300    
    44.81800    
    43.85128    
    40.59032    
    37.97223    
    37.00220    

    204.4107    
    297.5110    
    327.5386    
    452.3150    
    642.0240    
    742.2609    
    772.8285    
    784.3531    
    803.2527    
    649.9826    
    441.0829    
    331.7006    
    318.0725    
    292.4884    
    204.9374    
    248.6124    
    243.1150    
    236.7645    
    356.3167    
    406.4430    
    356.1127    
    356.8819    
    459.1836    
    564.0131    
    545.3233    
    577.4730    
    638.6469    
    700.7897    
    804.1551    
    705.5632    
    593.8915    
    541.4498    
    454.3622    
    456.3212    
    540.4202    
    591.7310    
    540.9125    
    424.0263    
    317.2365    
    259.1181    
    252.0104    
    254.8778    
    259.9278    
    258.0364    
    218.6634    
    190.3831    
    191.4472    
    173.3374    
    139.9731    
    97.42349    
    66.43482    
    57.51815    
    49.38713    
    42.07070    
    36.71858    
    32.64241    
    33.05215    
    34.39760    
    40.43589    
    43.46418    
    37.60390    
    37.98273    
    39.77069    
    37.48742    
    36.38994    
    39.59980    
    41.71351    
    40.22992    
    37.60596    
    35.35178    

    293.9192    
    397.3802    
    471.7906    
    628.0248    
    706.5096    
    692.0051    
    734.7852    
    794.9093    
    782.7673    
    607.5991    
    377.5395    
    287.0061    
    281.6212    
    214.8905    
    182.7797    
    259.6168    
    258.3092    
    255.7948    
    338.2903    
    342.8198    
    310.2752    
    354.9611    
    473.4086    
    561.3666    
    530.4479    
    511.7303    
    545.3820    
    614.9182    
    791.0938    
    770.7783    
    580.1571    
    492.9778    
    439.3861    
    438.2537    
    468.6783    
    509.6160    
    484.1953    
    425.5421    
    362.5853    
    271.2175    
    267.9129    
    268.8935    
    245.4167    
    218.6670    
    176.0020    
    160.9687    
    162.7588    
    146.8217    
    114.2861    
    83.12338    
    65.40743    
    58.15855    
    50.12579    
    41.96067    
    36.67379    
    35.55740    
    36.95297    
    35.74802    
    35.74825    
    33.07541    
    29.39625    
    31.52358    
    36.29025    
    38.39923    
    35.59556    
    35.17268    
    37.89486    
    39.16775    
    36.99280    
    34.79085    

    342.6093    
    429.1732    
    585.9029    
    724.1873    
    711.9336    
    623.5178    
    594.6634    
    569.2629    
    530.6450    
    454.5477    
    372.7155    
    317.1304    
    300.7756    
    226.7900    
    176.2192    
    250.1491    
    251.3794    
    244.0680    
    304.8286    
    288.4773    
    275.5374    
    351.0076    
    495.5002    
    574.0875    
    537.8314    
    519.4880    
    581.4552    
    631.9249    
    804.4534    
    903.4178    
    667.4109    
    525.8998    
    499.4467    
    439.5126    
    446.1118    
    498.0053    
    507.1958    
    466.7278    
    426.9916    
    332.3197    
    251.3511    
    231.2349    
    212.1586    
    191.2846    
    158.3267    
    153.0730    
    152.7902    
    140.2299    
    115.0515    
    79.62670    
    60.78446    
    55.20625    
    48.25312    
    43.66599    
    40.38337    
    38.46346    
    36.74427    
    33.10137    
    31.29129    
    30.21539    
    29.87263    
    29.40394    
    31.90341    
    35.98817    
    35.87899    
    34.02071    
    34.25971    
    36.28561    
    36.29749    
    34.23278    

    279.7716    
    350.3248    
    560.1514    
    713.2266    
    706.7523    
    632.1308    
    584.1111    
    545.2982    
    529.1434    
    463.5606    
    402.3820    
    367.1978    
    321.7944    
    229.7324    
    189.0335    
    210.4138    
    190.0550    
    238.4827    
    294.9613    
    267.0136    
    268.0742    
    336.3282    
    491.0849    
    623.4252    
    594.0268    
    518.0713    
    562.0418    
    646.4257    
    827.1912    
    944.4182    
    714.1802    
    551.0634    
    522.8017    
    426.0755    
    410.0091    
    471.2270    
    508.4766    
    442.5019    
    380.4156    
    327.6517    
    218.9783    
    188.1810    
    207.7245    
    198.0161    
    162.9165    
    152.8083    
    144.4739    
    128.9231    
    104.3946    
    74.19290    
    58.58505    
    52.70475    
    47.80851    
    44.24873    
    41.80855    
    37.86140    
    34.39574    
    31.33592    
    29.86261    
    29.90128    
    30.00944    
    30.00287    
    29.80883    
    31.17159    
    33.84529    
    34.56849    
    33.26057    
    33.36618    
    34.14315    
    32.74677    

    227.7051    
    325.0280    
    509.3760    
    652.5361    
    737.9979    
    711.9662    
    684.9899    
    712.3154    
    732.0236    
    575.4931    
    407.2451    
    385.6512    
    330.2087    
    204.0515    
    178.2323    
    171.5996    
    170.9231    
    263.7904    
    303.1879    
    261.3219    
    262.5587    
    347.5403    
    496.7131    
    613.1087    
    586.3677    
    519.3135    
    521.3544    
    588.0371    
    823.4510    
    923.4337    
    681.3293    
    499.3470    
    444.9426    
    395.1984    
    372.8718    
    422.7427    
    463.7901    
    383.8762    
    285.4381    
    236.9084    
    197.5163    
    199.9775    
    249.5228    
    255.2648    
    196.5109    
    166.2450    
    153.3143    
    131.5074    
    101.3674    
    70.00853    
    55.31997    
    47.75999    
    46.54052    
    44.09847    
    40.35470    
    37.54313    
    33.69258    
    30.78903    
    29.84340    
    30.00305    
    30.00000    
    30.00323    
    29.99276    
    29.56731    
    31.45385    
    33.66554    
    32.93344    
    31.72355    
    31.40137    
    31.04370    

    220.6679    
    285.7958    
    423.7223    
    582.7493    
    704.8598    
    692.7348    
    657.6688    
    651.8862    
    682.3731    
    546.2170    
    374.0347    
    317.1830    
    269.8133    
    191.9532    
    149.7477    
    163.8686    
    192.2209    
    253.8707    
    255.3761    
    219.3676    
    233.5863    
    349.4616    
    528.6235    
    597.0430    
    581.8706    
    556.2663    
    516.3214    
    558.9128    
    805.8187    
    876.3198    
    634.3254    
    474.7147    
    478.1271    
    456.4933    
    392.1354    
    446.2129    
    438.4603    
    313.0663    
    240.9573    
    201.0206    
    159.8445    
    188.1315    
    236.1961    
    238.8918    
    176.4859    
    132.3282    
    136.0825    
    118.1818    
    87.54513    
    64.99326    
    54.40160    
    45.09500    
    42.08327    
    43.13122    
    40.85717    
    37.26218    
    33.17267    
    30.54388    
    29.90302    
    30.00009    
    30.00000    
    30.00000    
    29.99556    
    29.95001    
    30.68601    
    32.15901    
    32.37247    
    31.21577    
    30.33606    
    30.01272    

    242.6068    
    318.8888    
    418.7481    
    504.8965    
    594.1917    
    666.5079    
    638.2527    
    520.3860    
    473.6146    
    409.5399    
    322.6195    
    266.8975    
    233.2146    
    179.1563    
    129.5392    
    162.8033    
    189.2738    
    222.4374    
    230.5312    
    203.2749    
    213.9543    
    333.3663    
    485.2163    
    639.9957    
    719.5394    
    654.8571    
    541.5940    
    585.9130    
    844.8253    
    846.6698    
    624.0224    
    591.7044    
    664.6160    
    584.1352    
    400.7663    
    405.3399    
    432.3933    
    299.7861    
    219.1470    
    192.9987    
    153.6111    
    192.8930    
    216.0424    
    184.5195    
    152.9171    
    127.1495    
    124.1492    
    109.4045    
    83.90028    
    65.05315    
    56.78234    
    49.44107    
    42.02430    
    40.00133    
    39.42680    
    36.81006    
    33.37414    
    30.60983    
    29.90401    
    29.99918    
    30.00000    
    30.00000    
    29.99557    
    30.01434    
    30.17775    
    30.98118    
    31.39064    
    30.69192    
    30.08409    
    29.96062    

    289.1054    
    355.0955    
    398.1517    
    438.2278    
    601.5894    
    742.7176    
    702.7005    
    564.2053    
    424.9716    
    361.8156    
    310.8311    
    233.0615    
    200.3222    
    151.2951    
    121.2077    
    155.5786    
    175.8307    
    198.8864    
    219.5366    
    201.7424    
    208.3703    
    312.2291    
    467.3651    
    691.3892    
    786.6778    
    742.3395    
    620.3489    
    580.9237    
    826.7317    
    885.6311    
    781.0361    
    744.9413    
    650.1854    
    525.2546    
    353.0259    
    350.7568    
    380.0767    
    252.6685    
    182.8038    
    170.5057    
    190.2394    
    235.0681    
    242.1111    
    203.0915    
    177.8134    
    168.5724    
    149.3801    
    120.6885    
    93.15214    
    66.19727    
    55.99075    
    51.34703    
    44.92185    
    39.81495    
    37.53521    
    35.78699    
    33.19843    
    30.64541    
    29.90344    
    29.99918    
    30.00000    
    30.00000    
    29.99775    
    30.02104    
    29.99929    
    30.09927    
    30.23703    
    30.30798    
    30.20740    
    30.04331    

    255.1268    
    286.9782    
    414.7340    
    577.3594    
    732.1375    
    742.6674    
    694.8028    
    633.9837    
    489.6532    
    390.8422    
    295.8611    
    183.7756    
    145.9805    
    125.6488    
    119.5919    
    143.4134    
    147.9866    
    160.8812    
    186.9764    
    189.1902    
    229.2496    
    323.7295    
    477.7032    
    697.4026    
    713.9410    
    727.8170    
    760.4622    
    680.5463    
    813.4952    
    899.1301    
    817.2128    
    713.1298    
    577.0725    
    451.2501    
    311.2150    
    288.6212    
    308.0468    
    237.1568    
    180.8873    
    182.8028    
    243.1797    
    274.7946    
    259.3887    
    217.5264    
    177.6662    
    175.4408    
    155.3196    
    120.0383    
    90.85535    
    62.85369    
    53.72878    
    49.79364    
    45.07175    
    40.33950    
    36.28261    
    34.53075    
    32.31681    
    30.20721    
    29.94907    
    30.00009    
    29.99816    
    30.01266    
    30.07259    
    29.86084    
    29.71136    
    29.62777    
    29.40105    
    29.54489    
    29.61174    
    29.49195    

    231.7499    
    293.5276    
    494.5490    
    576.9420    
    651.1506    
    621.9443    
    539.7088    
    518.8839    
    427.1234    
    321.1657    
    243.6364    
    182.4777    
    128.5403    
    106.5606    
    106.5977    
    122.1638    
    125.1365    
    135.4520    
    160.5050    
    178.3759    
    231.6344    
    354.8747    
    422.6604    
    541.8517    
    697.3877    
    794.1475    
    880.4243    
    848.2607    
    801.1986    
    732.8415    
    568.2426    
    495.7110    
    494.7817    
    391.9023    
    274.9638    
    254.3821    
    256.4102    
    220.9150    
    187.0393    
    208.4222    
    248.0071    
    274.7915    
    275.9202    
    217.2101    
    182.2390    
    170.4959    
    134.8990    
    108.6681    
    82.63899    
    58.15833    
    49.75162    
    46.34908    
    42.67769    
    38.66318    
    35.56246    
    33.01389    
    31.05803    
    30.07611    
    29.97679    
    30.00457    
    30.05522    
    29.95066    
    29.65651    
    29.27738    
    29.15044    
    29.05676    
    28.89816    
    29.02826    
    29.02857    
    28.93366    

    229.4758    
    246.3015    
    397.1920    
    417.9335    
    485.3304    
    527.0411    
    427.5459    
    385.7368    
    307.1165    
    199.9891    
    185.0097    
    153.7511    
    97.96268    
    90.57728    
    95.59705    
    101.4394    
    105.8785    
    112.7379    
    125.1902    
    143.5594    
    176.8020    
    293.9840    
    346.7663    
    420.9160    
    680.9836    
    804.8924    
    842.8150    
    875.9055    
    717.6183    
    530.9971    
    426.3494    
    382.9885    
    396.6624    
    349.4516    
    311.1661    
    324.8244    
    296.8767    
    237.7596    
    205.9625    
    241.3907    
    260.8242    
    277.6520    
    287.0766    
    222.2440    
    180.3532    
    152.6428    
    114.1031    
    91.65997    
    69.90656    
    54.41788    
    44.69783    
    41.31711    
    40.25000    
    36.71212    
    34.32479    
    31.88404    
    30.19323    
    29.96595    
    30.02924    
    30.01616    
    29.73187    
    29.36692    
    29.06753    
    28.93123    
    28.90860    
    29.08116    
    29.46459    
    29.58884    
    29.22038    
    28.94037    

    188.1142    
    214.1309    
    311.5339    
    356.8780    
    429.1710    
    472.3818    
    377.6920    
    280.1357    
    196.3226    
    120.9343    
    124.0157    
    132.6626    
    104.7293    
    84.47924    
    88.12815    
    86.81755    
    87.50633    
    91.20515    
    100.4093    
    115.9233    
    145.7000    
    244.0406    
    383.3650    
    476.2851    
    571.2712    
    618.7698    
    704.8778    
    828.9719    
    721.8566    
    573.2231    
    570.6144    
    572.9457    
    567.9144    
    490.3045    
    370.0925    
    296.8929    
    284.7141    
    276.3727    
    242.9127    
    280.8439    
    315.9900    
    320.1305    
    310.6030    
    233.2784    
    160.0494    
    133.0594    
    104.6387    
    80.08232    
    60.69979    
    49.95155    
    39.96416    
    34.43369    
    35.10932    
    34.93689    
    32.83768    
    31.12822    
    30.01119    
    29.97979    
    29.87159    
    29.50616    
    29.14131    
    28.93237    
    28.97049    
    29.06732    
    29.34838    
    29.77843    
    30.14169    
    30.12369    
    29.67270    
    29.14556    

    129.4890    
    175.1668    
    245.2777    
    280.0219    
    371.9110    
    371.8421    
    277.1963    
    186.4224    
    93.69331    
    74.12325    
    83.62973    
    113.6719    
    105.8928    
    81.03215    
    84.61285    
    81.15717    
    79.02224    
    80.90660    
    90.18169    
    102.8929    
    130.4182    
    238.0538    
    406.4899    
    508.0175    
    497.9785    
    518.7719    
    641.7228    
    708.8936    
    692.9240    
    740.7466    
    827.0351    
    827.4126    
    764.6260    
    615.2694    
    395.8851    
    258.2765    
    222.9519    
    212.8920    
    259.4125    
    362.6834    
    347.3769    
    272.2495    
    275.3243    
    209.9663    
    121.7241    
    104.2273    
    90.29887    
    74.01615    
    56.26841    
    42.85414    
    33.59253    
    29.99133    
    30.48715    
    31.71347    
    30.74443    
    29.88876    
    29.71395    
    29.72864    
    29.38578    
    28.98058    
    28.96679    
    28.99892    
    28.98344    
    29.37782    
    29.84796    
    29.43046    
    28.84918    
    29.01944    
    29.49837    
    29.61933    

    108.6045    
    122.3123    
    178.6503    
    240.0735    
    337.6874    
    273.9191    
    173.7710    
    127.0804    
    60.68344    
    65.06835    
    71.05009    
    79.31439    
    82.10654    
    80.27419    
    83.64217    
    80.32985    
    73.37177    
    74.02704    
    77.72665    
    84.54495    
    120.4208    
    203.1339    
    309.3691    
    388.5009    
    383.2775    
    468.8123    
    594.4307    
    580.1835    
    592.7551    
    702.9966    
    787.1390    
    832.4573    
    732.9040    
    546.3892    
    378.4272    
    305.5568    
    273.2129    
    173.0853    
    220.5780    
    321.0081    
    272.0450    
    175.9970    
    170.5737    
    142.5111    
    92.81075    
    81.67066    
    75.10130    
    64.95966    
    49.96167    
    36.44408    
    29.66918    
    29.53912    
    29.32775    
    29.07138    
    28.61788    
    28.45485    
    28.78811    
    28.89114    
    28.99266    
    29.04987    
    29.04375    
    29.05525    
    29.03495    
    29.06189    
    28.71624    
    27.77102    
    27.09258    
    27.71136    
    28.64928    
    29.55386    

    137.5373    
    154.6946    
    196.9297    
    288.3932    
    325.7991    
    215.3875    
    110.6910    
    72.64381    
    60.02599    
    65.93417    
    68.80887    
    76.92699    
    94.80150    
    95.08640    
    82.45017    
    74.45905    
    67.82468    
    67.53693    
    68.36743    
    73.32739    
    106.3781    
    196.7360    
    290.9911    
    325.9418    
    356.9489    
    421.2942    
    492.4681    
    509.0749    
    532.0443    
    556.8311    
    557.1166    
    665.0934    
    626.4513    
    439.1684    
    322.2876    
    338.9031    
    307.0534    
    165.8120    
    151.4492    
    161.6253    
    140.0923    
    117.6820    
    105.6823    
    93.23714    
    77.53828    
    70.93679    
    64.28731    
    54.76302    
    43.36073    
    33.41748    
    29.98196    
    29.18748    
    28.59844    
    28.29269    
    28.03335    
    27.84645    
    27.94254    
    27.96310    
    28.05494    
    28.60689    
    28.70591    
    28.58746    
    28.60396    
    28.04421    
    27.29029    
    26.97822    
    26.91840    
    27.12873    
    27.73196    
    28.91899    

    188.2824    
    223.2976    
    276.4922    
    325.2559    
    250.9597    
    142.1644    
    76.41328    
    56.34678    
    58.03411    
    67.58600    
    92.67665    
    106.8176    
    103.0540    
    90.76093    
    77.75034    
    68.77155    
    62.32785    
    61.66578    
    64.26691    
    70.71496    
    85.19293    
    162.5046    
    256.3797    
    274.8041    
    326.8532    
    404.1003    
    458.6563    
    462.8706    
    513.1459    
    539.8640    
    477.2335    
    525.5385    
    545.8263    
    396.2892    
    335.7911    
    371.4377    
    265.9614    
    146.6258    
    110.3989    
    99.82202    
    93.15811    
    92.17559    
    81.70864    
    68.97434    
    63.85242    
    60.29748    
    53.75906    
    47.40446    
    40.78664    
    34.24866    
    30.90855    
    28.99764    
    28.10152    
    27.91117    
    28.00357    
    27.81956    
    27.53412    
    27.24833    
    27.07674    
    27.57457    
    28.02444    
    28.12449    
    27.92334    
    27.53959    
    27.18137    
    26.96000    
    27.00504    
    26.91672    
    27.33073    
    28.26968    

    206.1127    
    233.7923    
    258.5984    
    256.1231    
    163.5560    
    105.2979    
    67.00854    
    52.77540    
    54.40480    
    86.98421    
    141.4320    
    127.2290    
    83.03939    
    69.90812    
    67.68069    
    64.23944    
    57.87561    
    57.54607    
    62.02174    
    67.76357    
    98.82082    
    154.4401    
    192.9144    
    220.8025    
    305.2703    
    403.6090    
    470.4376    
    476.7506    
    451.6417    
    478.5700    
    457.5278    
    440.4912    
    418.3773    
    312.9272    
    362.8156    
    401.1522    
    278.4851    
    165.5489    
    102.5212    
    94.95664    
    89.54015    
    93.78846    
    90.71331    
    83.96946    
    70.14619    
    52.92239    
    49.38317    
    45.18285    
    41.29529    
    36.85492    
    32.04152    
    29.24133    
    28.22630    
    27.95420    
    28.09264    
    27.71468    
    27.12309    
    26.90905    
    26.97402    
    27.08451    
    27.40766    
    27.58620    
    27.30305    
    27.22461    
    27.15919    
    26.98124    
    26.99934    
    26.99520    
    27.10949    
    27.03395    

    179.2750    
    171.6627    
    191.4448    
    183.0995    
    126.6644    
    107.7923    
    68.90396    
    50.35317    
    66.09785    
    100.1785    
    165.7994    
    142.5114    
    70.15295    
    60.33844    
    57.81958    
    56.30899    
    54.01526    
    54.96807    
    59.77352    
    61.14460    
    89.14230    
    179.6739    
    190.1497    
    242.2242    
    387.5462    
    423.9896    
    479.2389    
    517.7463    
    426.1070    
    389.7300    
    411.3888    
    399.7029    
    381.2019    
    351.6041    
    384.5756    
    420.0796    
    356.8218    
    208.9570    
    106.6829    
    96.90376    
    96.54958    
    119.7303    
    135.8980    
    119.7491    
    86.02908    
    59.18322    
    52.93957    
    48.17238    
    43.02222    
    40.06537    
    34.59043    
    29.63720    
    29.26322    
    28.71788    
    28.28398    
    27.54951    
    27.03615    
    26.88882    
    26.61822    
    26.47356    
    26.83270    
    27.05188    
    26.94721    
    26.97047    
    26.98155    
    27.00222    
    27.00714    
    26.96840    
    26.67875    
    26.37514    

    150.7275    
    116.3162    
    187.9025    
    183.0891    
    119.7035    
    116.6490    
    67.70055    
    54.19326    
    105.1123    
    153.0459    
    203.2154    
    155.6074    
    61.96739    
    51.82603    
    53.50230    
    52.49702    
    51.39402    
    53.34053    
    62.49466    
    73.00813    
    69.89701    
    138.3855    
    212.2155    
    303.2709    
    400.0291    
    356.6158    
    428.1955    
    581.6948    
    530.1119    
    384.5449    
    394.5873    
    417.5446    
    447.0768    
    456.3167    
    402.8359    
    379.1170    
    296.8826    
    197.6752    
    122.0065    
    100.0589    
    115.6750    
    174.6014    
    206.4865    
    163.5112    
    101.8323    
    67.50587    
    58.66051    
    51.32051    
    44.46041    
    42.48090    
    38.44379    
    31.79172    
    29.75635    
    29.09806    
    28.37301    
    27.44862    
    26.98232    
    26.68915    
    26.06118    
    25.85656    
    26.23860    
    26.86525    
    27.08589    
    27.02147    
    26.99719    
    27.00189    
    26.98449    
    26.96753    
    26.95234    
    27.37600    

    120.6233    
    80.32695    
    128.9673    
    147.5547    
    142.7230    
    126.3473    
    68.03152    
    64.44017    
    153.7473    
    242.1291    
    229.7118    
    122.5504    
    53.25526    
    49.92239    
    50.66009    
    49.61235    
    48.97425    
    49.73634    
    65.18909    
    111.9983    
    107.5513    
    98.85320    
    232.4765    
    382.3682    
    403.6452    
    296.3636    
    385.5197    
    613.1376    
    554.4404    
    351.1269    
    379.1559    
    437.3391    
    454.7157    
    483.5788    
    414.0720    
    307.1768    
    198.8843    
    164.0909    
    138.9885    
    116.4876    
    129.9921    
    225.7074    
    275.5494    
    192.2179    
    101.6425    
    79.64178    
    70.80732    
    51.58761    
    46.12959    
    42.93818    
    41.60548    
    35.48481    
    29.34433    
    28.56338    
    27.97562    
    27.28176    
    26.99786    
    26.51115    
    25.78221    
    25.49929    
    25.37386    
    26.01978    
    26.65146    
    26.84838    
    27.03076    
    26.94621    
    26.99763    
    27.53679    
    28.61314    
    29.27184    

    82.47210    
    69.91062    
    94.57674    
    132.4055    
    168.8946    
    145.3931    
    81.50803    
    52.89526    
    119.4970    
    175.7991    
    134.2931    
    66.41486    
    47.19326    
    47.86343    
    47.95791    
    47.11514    
    46.50453    
    45.13626    
    56.89639    
    162.7265    
    188.5847    
    99.40483    
    153.6643    
    248.8013    
    260.8378    
    220.7011    
    325.7184    
    455.9701    
    368.1282    
    248.7004    
    300.1887    
    377.6852    
    395.3315    
    443.1626    
    421.7466    
    286.4647    
    205.0766    
    207.5981    
    202.2099    
    198.1782    
    175.7424    
    240.8277    
    260.9391    
    159.0001    
    104.0293    
    109.7986    
    91.26801    
    55.67293    
    49.38030    
    44.29685    
    42.12260    
    37.12683    
    30.50488    
    28.24874    
    27.55071    
    27.05182    
    26.84456    
    26.32214    
    25.58459    
    24.86011    
    24.61906    
    25.12720    
    25.81392    
    26.46277    
    26.96015    
    27.27207    
    27.86290    
    28.35794    
    28.77865    
    29.29776    

    66.87565    
    90.04605    
    133.9542    
    175.5732    
    159.8655    
    114.5220    
    88.92031    
    83.65491    
    83.64927    
    64.08598    
    43.68357    
    42.08789    
    44.94279    
    45.61689    
    45.14066    
    44.78478    
    43.36075    
    46.87460    
    83.42076    
    214.5225    
    279.5839    
    164.1493    
    86.12148    
    106.4908    
    184.7443    
    202.3704    
    188.3975    
    205.2759    
    196.6551    
    196.1185    
    286.7472    
    388.9885    
    393.5627    
    422.6617    
    420.6272    
    390.0445    
    308.6277    
    291.9196    
    338.2805    
    292.9442    
    240.9356    
    242.4494    
    208.3699    
    139.4721    
    124.9399    
    116.9395    
    94.48488    
    64.04868    
    53.79329    
    46.85748    
    41.58356    
    37.89038    
    32.51793    
    27.90740    
    27.33727    
    27.04561    
    26.65068    
    25.98206    
    25.43321    
    24.80738    
    24.68438    
    24.99182    
    25.56026    
    26.37457    
    27.09215    
    27.71272    
    28.02287    
    27.73032    
    27.32359    
    27.46082    

    83.97975    
    79.42054    
    87.57682    
    132.0620    
    101.9884    
    73.66950    
    132.8356    
    178.1577    
    148.2758    
    65.81628    
    35.46840    
    42.58231    
    43.50450    
    43.51766    
    43.38147    
    42.74612    
    38.84193    
    39.72537    
    135.5432    
    306.1755    
    358.7205    
    224.2853    
    160.8268    
    199.4338    
    327.0196    
    391.2447    
    210.2552    
    150.1403    
    240.7675    
    244.1834    
    352.6682    
    473.8152    
    456.7150    
    486.7279    
    473.0665    
    485.5728    
    461.4344    
    425.1292    
    404.1552    
    319.3815    
    254.8073    
    225.2736    
    241.2843    
    214.5067    
    143.4029    
    102.5759    
    91.08112    
    69.96288    
    52.88801    
    46.26775    
    42.26785    
    37.44954    
    34.89476    
    30.73541    
    27.02562    
    26.72819    
    26.13547    
    25.54900    
    24.82776    
    24.70879    
    25.20159    
    25.48125    
    26.07953    
    26.76999    
    27.15115    
    27.34381    
    27.14765    
    26.83268    
    27.01835    
    27.24817    

    58.77032    
    55.29591    
    50.67606    
    64.91978    
    114.2584    
    148.7370    
    168.7009    
    179.5494    
    153.9515    
    84.75095    
    46.47280    
    43.70337    
    44.70612    
    43.29578    
    41.92676    
    46.36779    
    70.43432    
    73.14745    
    187.6171    
    365.9152    
    354.7452    
    293.3946    
    353.5833    
    385.8245    
    454.3522    
    493.1003    
    296.5444    
    242.2915    
    320.4172    
    242.0983    
    260.5685    
    401.9330    
    474.4495    
    493.6264    
    504.7944    
    510.5204    
    543.7111    
    586.7535    
    531.5090    
    425.8408    
    273.3430    
    257.7672    
    343.4795    
    280.0550    
    156.0576    
    115.8536    
    122.4813    
    81.08908    
    49.01633    
    43.70185    
    42.35915    
    37.34479    
    35.10280    
    31.96235    
    27.50345    
    26.46662    
    25.51804    
    24.87569    
    24.17189    
    24.18505    
    25.23051    
    26.01719    
    26.60748    
    27.05563    
    26.98780    
    26.94687    
    27.04174    
    27.32320    
    27.59711    
    27.94848    

    12.99589    
    32.58220    
    66.50706    
    164.1721    
    275.1074    
    243.7419    
    177.8726    
    206.9287    
    183.7491    
    113.2874    
    71.34228    
    45.75634    
    47.55818    
    44.94725    
    43.39925    
    54.88794    
    131.9851    
    180.4987    
    285.0727    
    423.8665    
    384.8171    
    377.1095    
    453.7172    
    526.8080    
    537.2664    
    439.0775    
    359.7093    
    309.9765    
    309.1578    
    279.1436    
    227.7560    
    277.0415    
    360.9601    
    397.4956    
    442.8001    
    492.5730    
    504.9680    
    549.3450    
    549.7555    
    462.3068    
    293.8742    
    320.9622    
    371.1033    
    236.9371    
    154.7937    
    153.8739    
    166.7296    
    99.93340    
    48.73769    
    44.25414    
    42.60207    
    38.82425    
    34.00523    
    34.00196    
    32.01885    
    26.78710    
    25.61260    
    24.46782    
    23.84051    
    23.44819    
    24.39131    
    26.05957    
    26.80697    
    27.03752    
    26.98807    
    26.93772    
    27.33526    
    28.00580    
    28.38525    
    28.92987    

    11.89301    
    15.43736    
    88.19225    
    286.7060    
    345.2517    
    245.7375    
    203.9419    
    245.8427    
    256.3489    
    163.7186    
    78.61139    
    49.00407    
    49.07017    
    46.94213    
    47.92847    
    64.28784    
    157.6425    
    265.6343    
    352.9956    
    425.3817    
    418.6809    
    402.1317    
    463.6377    
    562.1213    
    504.2484    
    439.0001    
    452.8514    
    334.3860    
    341.8516    
    413.4355    
    337.0030    
    259.7005    
    289.8682    
    360.6313    
    397.7872    
    454.3071    
    482.0089    
    426.3418    
    359.4253    
    342.3904    
    354.7305    
    351.9949    
    266.9677    
    183.0492    
    176.3036    
    196.8388    
    185.8047    
    115.0316    
    54.91132    
    47.07374    
    43.90253    
    40.28606    
    35.70826    
    35.05445    
    33.35778    
    28.49341    
    25.97162    
    24.32112    
    23.48706    
    22.93697    
    23.27852    
    24.89029    
    26.63927    
    27.09583    
    27.04067    
    27.03041    
    27.46637    
    28.39456    
    29.08999    
    29.67872    

    13.39810    
    21.10435    
    114.4493    
    299.5587    
    300.7707    
    187.4822    
    195.2525    
    226.2997    
    283.0272    
    207.1840    
    67.74648    
    53.28708    
    51.04936    
    49.80814    
    51.95540    
    67.45370    
    158.3177    
    285.3514    
    345.9518    
    352.7647    
    413.9209    
    428.1865    
    496.4543    
    552.6937    
    461.2908    
    512.6272    
    476.5030    
    330.1926    
    391.8474    
    430.0451    
    323.9795    
    262.8523    
    321.0565    
    395.0883    
    414.5150    
    453.0587    
    458.8419    
    407.6314    
    389.0742    
    413.2442    
    384.5169    
    282.2351    
    225.5159    
    223.0366    
    225.3773    
    211.8762    
    195.8717    
    133.3652    
    59.46125    
    50.16301    
    45.31798    
    42.55449    
    38.53032    
    33.98928    
    30.62622    
    27.27960    
    24.26835    
    23.52266    
    23.03080    
    23.03812    
    22.68533    
    23.05111    
    25.17920    
    26.96738    
    27.65052    
    27.43950    
    27.67317    
    28.42227    
    28.67030    
    29.41191    

    15.65385    
    34.25521    
    124.8796    
    311.5701    
    319.9950    
    207.8475    
    281.1439    
    389.0920    
    377.1024    
    208.9245    
    68.30580    
    56.53772    
    55.73013    
    54.38893    
    56.06268    
    67.73925    
    163.1351    
    304.0678    
    366.3977    
    360.8400    
    420.5042    
    438.4295    
    434.1714    
    496.3605    
    543.4559    
    561.3515    
    437.5525    
    365.3068    
    440.6135    
    405.6724    
    281.4579    
    312.0422    
    381.9342    
    405.7049    
    449.2083    
    463.8966    
    490.4406    
    560.1049    
    593.5648    
    513.3387    
    351.3416    
    294.2563    
    327.2774    
    305.9605    
    286.7268    
    229.0596    
    187.0016    
    131.1263    
    60.88522    
    53.79403    
    47.65035    
    43.85681    
    39.73633    
    35.17541    
    30.82522    
    25.36860    
    22.09514    
    22.47408    
    22.32983    
    22.28184    
    21.91828    
    21.62711    
    23.02696    
    25.87002    
    27.84792    
    28.25973    
    28.44769    
    28.26823    
    27.96440    
    28.80775    

    23.50030    
    58.86094    
    181.0879    
    389.8963    
    406.2428    
    320.6001    
    407.0137    
    492.5474    
    373.8416    
    160.4201    
    67.98872    
    59.13098    
    59.38317    
    58.35209    
    60.09930    
    75.40250    
    150.1768    
    322.8798    
    440.7616    
    399.5678    
    363.7562    
    406.1682    
    468.3082    
    546.2488    
    574.1437    
    505.0302    
    434.2745    
    475.4734    
    475.5356    
    356.8772    
    314.9820    
    377.9146    
    431.2120    
    440.8000    
    466.1189    
    501.2370    
    545.7790    
    589.3310    
    581.6812    
    452.0021    
    375.6913    
    424.9041    
    393.6817    
    327.3502    
    282.4115    
    220.2139    
    168.7549    
    109.7285    
    62.58614    
    57.97622    
    50.90728    
    43.54045    
    38.75746    
    34.06185    
    30.53004    
    26.42096    
    22.30670    
    21.10203    
    20.64572    
    20.54711    
    20.51898    
    20.60513    
    21.83371    
    24.06328    
    26.23815    
    28.30009    
    29.18141    
    28.68281    
    28.80147    
    29.34968    

    34.03982    
    98.72905    
    275.7087    
    443.5255    
    426.8646    
    379.8372    
    426.7286    
    383.1596    
    215.7821    
    99.15701    
    67.50809    
    62.03559    
    60.38556    
    60.98710    
    65.49242    
    85.82924    
    151.9409    
    346.4779    
    464.7394    
    361.4312    
    319.7954    
    405.0741    
    579.4725    
    665.1904    
    565.3367    
    482.9335    
    500.7797    
    506.8105    
    394.5697    
    317.8346    
    384.0603    
    421.4698    
    448.3697    
    483.1856    
    467.5500    
    507.1018    
    475.0564    
    390.0646    
    383.5786    
    408.3949    
    407.0834    
    351.6626    
    294.1240    
    237.0677    
    176.7781    
    152.9074    
    131.0731    
    90.81830    
    66.63218    
    62.20942    
    54.38524    
    43.14390    
    37.27172    
    32.87011    
    29.48667    
    27.13393    
    21.58576    
    17.91878    
    18.95387    
    19.54579    
    20.02769    
    20.84544    
    22.40507    
    23.88729    
    25.50838    
    27.58027    
    29.15830    
    29.57681    
    29.81999    
    30.10554    

    40.86969    
    136.0516    
    339.9409    
    422.7046    
    406.1258    
    357.0686    
    304.0659    
    231.8494    
    108.8680    
    85.42001    
    79.57723    
    63.27928    
    63.28272    
    63.86627    
    68.53556    
    102.1015    
    201.3291    
    322.9850    
    350.2030    
    361.4887    
    372.2341    
    465.5467    
    637.8319    
    650.4551    
    609.0800    
    554.5730    
    505.0388    
    406.4335    
    318.1942    
    361.6309    
    431.4096    
    481.3897    
    506.8254    
    533.7628    
    539.9840    
    540.8367    
    470.5062    
    371.7779    
    376.1534    
    395.3932    
    309.9110    
    213.3096    
    212.1993    
    205.3092    
    172.7923    
    165.6992    
    123.0370    
    81.63287    
    79.33525    
    69.75487    
    53.99303    
    41.70447    
    36.20465    
    32.11060    
    29.05957    
    26.91735    
    22.46277    
    18.63120    
    18.99587    
    19.99762    
    21.03738    
    22.15342    
    23.50385    
    25.11021    
    26.11984    
    26.89828    
    28.32101    
    29.67467    
    30.05429    
    30.09810    

    40.37073    
    128.1572    
    332.5734    
    404.4958    
    369.4264    
    271.6134    
    150.5471    
    114.6394    
    88.54614    
    100.7730    
    84.96489    
    65.61127    
    67.31665    
    67.12561    
    71.70303    
    126.7552    
    251.5860    
    290.2553    
    315.1050    
    480.8219    
    463.4096    
    412.6224    
    543.6290    
    625.7105    
    663.9888    
    641.6222    
    519.1968    
    399.3571    
    381.5860    
    379.4489    
    419.9566    
    515.2839    
    530.7747    
    499.8938    
    545.5360    
    582.5889    
    522.1622    
    467.2204    
    442.8162    
    328.9816    
    234.0520    
    285.5174    
    311.7393    
    288.0886    
    263.3627    
    216.8158    
    142.1857    
    98.84219    
    90.43176    
    73.91985    
    61.13253    
    50.68675    
    41.75406    
    34.67658    
    30.36976    
    27.38807    
    25.35258    
    21.63268    
    19.42381    
    20.54636    
    21.48870    
    22.58649    
    23.58503    
    24.24362    
    24.94242    
    25.92030    
    26.97023    
    29.03967    
    30.73149    
    29.69740    

    45.07370    
    122.3920    
    308.3007    
    405.8665    
    320.4785    
    218.2598    
    156.8159    
    106.6568    
    93.38172    
    105.3941    
    91.44962    
    75.49081    
    71.15343    
    72.28210    
    78.30799    
    131.1384    
    228.3357    
    346.6841    
    492.8823    
    569.3285    
    507.0266    
    415.4045    
    551.4523    
    691.4421    
    655.3007    
    658.1432    
    563.4922    
    472.8669    
    474.8498    
    441.2516    
    429.9625    
    500.3051    
    513.4915    
    432.5171    
    466.0154    
    569.8197    
    543.2485    
    421.1270    
    327.0547    
    259.9565    
    316.6563    
    426.0257    
    394.4275    
    332.7609    
    297.7167    
    220.5379    
    141.8545    
    124.7837    
    109.1648    
    74.11163    
    70.17485    
    63.62074    
    47.26286    
    37.59174    
    32.53941    
    29.38490    
    27.01556    
    23.45432    
    20.29701    
    19.89244    
    20.84558    
    21.65674    
    22.34605    
    22.59776    
    23.23515    
    23.77259    
    24.42077    
    26.77260    
    26.93269    
    24.44860    

    78.29031    
    147.5138    
    304.3604    
    466.9685    
    410.9710    
    246.2659    
    161.3662    
    119.6805    
    106.8871    
    150.2500    
    157.8352    
    98.71691    
    72.59586    
    77.31638    
    84.64019    
    132.5384    
    190.2160    
    371.2586    
    635.4999    
    699.7161    
    619.7202    
    489.5544    
    577.0671    
    659.6880    
    611.3424    
    622.8442    
    563.2051    
    508.2628    
    483.2303    
    501.4241    
    513.9543    
    508.9349    
    487.0720    
    430.8872    
    409.6264    
    517.4500    
    578.4433    
    432.9199    
    285.2500    
    279.0259    
    411.9999    
    484.6230    
    415.8236    
    363.6173    
    315.5511    
    238.6403    
    155.0350    
    128.9815    
    127.6394    
    92.18079    
    80.58643    
    72.30749    
    49.36583    
    38.88848    
    34.96920    
    31.32753    
    28.52158    
    25.56501    
    21.68613    
    19.36792    
    19.88362    
    20.79708    
    21.07957    
    21.14005    
    20.90669    
    20.44342    
    20.86558    
    21.59305    
    20.39754    
    20.14621    

    123.4551    
    195.2652    
    357.2051    
    474.8365    
    371.3061    
    220.6698    
    204.3986    
    211.6062    
    157.5613    
    178.4948    
    178.2615    
    105.6181    
    76.30754    
    80.84172    
    88.06708    
    147.5815    
    212.4815    
    361.0203    
    631.7623    
    763.6248    
    717.3926    
    522.0577    
    482.8049    
    551.3694    
    617.0162    
    660.6197    
    585.0096    
    558.0972    
    489.0428    
    451.8970    
    501.4353    
    506.8487    
    482.9033    
    443.8870    
    379.6510    
    393.8221    
    481.4436    
    483.6431    
    344.2710    
    343.8263    
    488.1704    
    489.1031    
    398.1745    
    367.3857    
    309.6265    
    226.2829    
    166.9386    
    114.4417    
    101.6687    
    92.87270    
    89.10119    
    76.25162    
    50.55183    
    41.70634    
    37.98514    
    33.43465    
    29.89926    
    26.70505    
    22.95014    
    19.76134    
    19.05588    
    19.88130    
    19.82614    
    19.41768    
    19.00501    
    18.84149    
    18.81321    
    19.03867    
    20.35783    
    22.63798    

