    70.42990    
    65.87343    
    95.43105    
    189.7059    
    257.3210    
    248.4663    
    248.4353    
    288.9489    
    320.1957    
    320.7549    
    353.5940    
    406.3599    
    420.1595    
    443.6815    
    472.8079    
    482.1638    
    498.1535    
    546.5400    
    616.6226    
    603.4413    
    555.1682    
    628.4044    
    731.6862    
    801.9702    
    921.4280    
    997.6401    
    940.0178    
    849.5463    
    836.4639    
    879.5699    
    886.4966    
    832.1732    
    705.0261    
    541.1849    
    441.6404    
    397.6101    
    365.2974    
    350.8776    
    352.1263    
    355.1447    
    352.5113    
    340.2311    
    324.7680    
    346.0213    
    380.2292    
    345.0421    
    261.5204    
    200.4460    
    168.8402    
    148.9517    
    135.2790    
    127.1288    
    121.0215    
    114.8299    
    109.5790    
    104.7601    
    99.89553    
    94.94351    
    89.79146    
    84.59396    
    79.42602    
    74.99509    
    71.14701    
    67.15919    
    63.21668    
    59.53959    
    56.05389    
    53.06018    
    50.66460    

    67.23527    
    64.25291    
    87.88612    
    172.4554    
    248.6898    
    258.3792    
    276.3721    
    363.2819    
    443.1247    
    409.2471    
    368.0088    
    406.8351    
    424.4252    
    443.1659    
    493.3647    
    518.6262    
    514.6141    
    539.7363    
    592.3680    
    582.9283    
    555.5212    
    620.5435    
    709.5630    
    779.7084    
    901.2185    
    968.2920    
    917.8824    
    883.2267    
    916.0596    
    933.7535    
    865.5584    
    749.9421    
    631.0937    
    516.5723    
    430.4116    
    380.8231    
    360.3387    
    364.5032    
    386.1363    
    412.1395    
    424.7590    
    412.8927    
    412.6871    
    459.8642    
    474.6563    
    387.8623    
    275.6753    
    212.7677    
    182.1251    
    156.9527    
    137.3654    
    126.0346    
    119.3367    
    113.6957    
    108.2669    
    103.0178    
    98.46613    
    93.84593    
    88.79773    
    83.89783    
    79.03268    
    74.52202    
    70.67417    
    66.90456    
    62.98112    
    59.22412    
    55.66421    
    52.57697    
    50.22807    

    64.14372    
    60.48704    
    76.53000    
    149.0682    
    236.2599    
    277.8166    
    325.9763    
    470.0151    
    622.3169    
    581.8279    
    428.0833    
    381.6217    
    406.9583    
    434.4731    
    486.2835    
    520.1230    
    503.4033    
    532.2655    
    587.3402    
    557.7236    
    541.9738    
    629.8257    
    746.8646    
    823.3522    
    870.1561    
    886.3452    
    900.2050    
    927.2568    
    940.4456    
    915.5617    
    789.4290    
    633.0615    
    536.4666    
    467.6363    
    412.5693    
    379.1176    
    370.7897    
    393.9436    
    440.6532    
    481.2333    
    515.0499    
    534.4547    
    535.1319    
    540.2907    
    495.6660    
    385.1486    
    284.3662    
    225.2847    
    191.1789    
    163.2380    
    139.7023    
    124.6861    
    116.6893    
    111.3321    
    106.2452    
    101.2371    
    96.47861    
    91.77666    
    86.95413    
    82.33838    
    78.00157    
    73.74480    
    69.92954    
    66.33468    
    62.53464    
    58.78381    
    55.17472    
    51.98507    
    49.49910    

    60.40385    
    58.64672    
    82.84238    
    160.1374    
    250.9207    
    316.6871    
    389.4139    
    557.2136    
    736.5424    
    715.6035    
    528.7141    
    392.8492    
    400.1341    
    451.2690    
    492.8611    
    522.4082    
    507.3307    
    513.2567    
    539.8253    
    531.5077    
    571.3638    
    694.8483    
    847.2722    
    932.9641    
    892.1522    
    824.2673    
    822.7532    
    849.1084    
    866.1469    
    836.4518    
    712.4985    
    579.0255    
    498.8674    
    441.3324    
    400.8247    
    380.7123    
    386.2515    
    432.0136    
    496.5743    
    537.7429    
    578.6492    
    616.3761    
    614.2542    
    586.0389    
    508.6438    
    390.3148    
    294.4196    
    232.7769    
    193.6303    
    165.5341    
    141.1174    
    123.5403    
    114.0548    
    108.5379    
    103.7947    
    99.17167    
    94.12996    
    89.04226    
    84.36603    
    80.13388    
    76.18485    
    72.41307    
    68.91353    
    65.24361    
    61.42295    
    57.88588    
    54.43829    
    51.18859    
    48.49829    

    57.77661    
    63.89542    
    102.7607    
    196.0369    
    301.2375    
    379.6351    
    442.6144    
    571.1294    
    719.0659    
    724.6753    
    588.0502    
    425.8611    
    398.9164    
    466.5792    
    492.3925    
    502.2773    
    502.5115    
    480.0178    
    485.1533    
    553.6555    
    673.5872    
    810.2787    
    947.3006    
    1014.854    
    943.0885    
    828.2869    
    760.2310    
    757.7899    
    774.5582    
    730.8391    
    650.5480    
    565.5120    
    484.0662    
    427.4666    
    397.1335    
    389.2645    
    416.2724    
    482.5887    
    552.3094    
    599.5568    
    641.4481    
    668.5269    
    656.1172    
    615.0972    
    532.3925    
    413.8191    
    313.6364    
    243.6425    
    196.1512    
    166.0148    
    141.3869    
    122.2820    
    111.2133    
    105.3900    
    101.0302    
    96.62910    
    91.59959    
    86.44661    
    81.83892    
    77.80174    
    74.10543    
    70.67015    
    67.39704    
    63.82730    
    60.10104    
    56.74215    
    53.52713    
    50.38065    
    47.66666    

    59.74419    
    73.10780    
    119.5642    
    226.6547    
    350.5941    
    429.8968    
    472.0038    
    546.6619    
    639.1227    
    651.4746    
    564.4345    
    433.9897    
    391.4602    
    431.9949    
    439.2588    
    452.5712    
    481.1877    
    467.5190    
    486.8387    
    588.0518    
    749.9457    
    927.7842    
    1029.971    
    1031.084    
    941.5687    
    824.5908    
    739.4568    
    711.4691    
    696.7919    
    636.5963    
    576.0306    
    514.4457    
    449.1856    
    412.5202    
    396.7162    
    401.4966    
    449.3216    
    514.5696    
    568.2519    
    628.6935    
    680.5305    
    694.8371    
    667.9138    
    616.6194    
    547.3688    
    455.2606    
    355.6365    
    266.2657    
    203.4839    
    166.8222    
    140.8065    
    120.5941    
    108.0476    
    101.6957    
    97.57588    
    93.11049    
    88.12308    
    83.47067    
    79.39427    
    75.65535    
    72.16371    
    68.78769    
    65.47107    
    62.19310    
    58.92419    
    55.67276    
    52.40155    
    49.39913    
    46.87033    

    65.59171    
    81.54108    
    131.1166    
    250.9479    
    375.4413    
    440.7041    
    488.7694    
    546.1323    
    580.5114    
    582.6774    
    535.0293    
    447.8010    
    414.0597    
    416.7539    
    408.1165    
    435.3282    
    473.3857    
    473.1299    
    498.8986    
    585.0680    
    752.6917    
    948.3948    
    1035.830    
    1020.373    
    947.3786    
    856.3191    
    761.2115    
    700.8362    
    663.1538    
    581.8355    
    503.5459    
    457.5465    
    429.7587    
    414.1015    
    402.7944    
    410.9580    
    467.3501    
    525.0134    
    552.0759    
    602.0191    
    663.9370    
    683.5066    
    644.3606    
    583.3849    
    537.2727    
    480.6534    
    387.0504    
    283.4369    
    209.1369    
    166.7332    
    139.7412    
    119.2637    
    105.2313    
    97.83822    
    93.78963    
    89.35010    
    84.47752    
    80.40286    
    76.94066    
    73.63277    
    70.44449    
    67.23357    
    64.02328    
    60.80716    
    57.59612    
    54.37543    
    51.16569    
    48.38908    
    46.01937    

    70.09594    
    93.87440    
    149.3022    
    271.6294    
    390.5718    
    446.0674    
    498.7960    
    549.8812    
    546.5105    
    535.3682    
    518.5869    
    473.5299    
    470.5447    
    470.3088    
    443.2955    
    456.3868    
    486.8884    
    481.9645    
    492.5256    
    568.7543    
    723.1614    
    893.5959    
    992.2926    
    1027.670    
    1009.283    
    934.7960    
    803.9879    
    694.4635    
    628.8315    
    549.4081    
    494.4117    
    477.2141    
    459.1790    
    437.4830    
    416.8369    
    418.5954    
    474.1204    
    526.2673    
    529.4464    
    547.5430    
    606.3958    
    647.1572    
    608.7224    
    535.0134    
    492.6202    
    452.6457    
    382.0053    
    287.3815    
    208.9920    
    166.6704    
    140.9382    
    119.9937    
    103.4866    
    93.89471    
    89.61145    
    86.05052    
    81.84401    
    78.03291    
    74.70049    
    71.57794    
    68.73749    
    65.88577    
    62.89109    
    59.67600    
    56.25763    
    53.02361    
    50.06565    
    47.50528    
    45.34777    

    72.44695    
    112.6161    
    190.8323    
    309.9270    
    408.8790    
    452.5623    
    495.8879    
    544.8158    
    551.0847    
    533.5725    
    506.5266    
    480.5276    
    511.6689    
    533.8011    
    489.1609    
    480.9182    
    511.0426    
    499.9931    
    518.5511    
    604.6069    
    727.4232    
    860.3427    
    961.0454    
    1035.523    
    1046.038    
    956.2347    
    801.5117    
    653.2881    
    579.9210    
    573.4780    
    579.8030    
    553.5660    
    512.1125    
    488.2289    
    456.4230    
    439.7540    
    472.7605    
    494.3149    
    483.3198    
    494.7244    
    551.5992    
    612.5305    
    595.2431    
    530.2282    
    499.7475    
    466.1770    
    386.5424    
    287.2454    
    211.5621    
    171.6025    
    146.6803    
    123.7806    
    104.0116    
    91.06889    
    85.33517    
    82.38847    
    79.10369    
    75.55833    
    72.26511    
    69.28931    
    66.65958    
    64.14371    
    61.41567    
    58.40357    
    55.13768    
    51.99429    
    49.18410    
    46.74607    
    44.91145    

    75.37021    
    132.9822    
    253.6982    
    382.1772    
    447.6196    
    478.8567    
    527.7823    
    587.8032    
    612.6298    
    578.1517    
    519.1166    
    483.9247    
    509.6996    
    540.5095    
    504.9933    
    492.3206    
    507.5851    
    495.6454    
    545.3645    
    653.4905    
    759.9912    
    863.3973    
    946.9363    
    996.1588    
    986.3849    
    901.8586    
    769.3518    
    651.5627    
    611.6953    
    657.5726    
    689.2858    
    626.0347    
    583.0481    
    594.3298    
    544.0434    
    482.8611    
    472.4680    
    449.1449    
    430.9715    
    460.6663    
    518.8023    
    570.5483    
    568.7179    
    538.9283    
    532.8608    
    498.4698    
    392.5997    
    280.7417    
    212.5176    
    176.2173    
    151.4191    
    127.4468    
    105.6781    
    89.60064    
    81.37724    
    77.95056    
    75.27763    
    72.36940    
    69.43640    
    66.66223    
    64.18454    
    61.94062    
    59.68490    
    57.14903    
    54.19209    
    51.12480    
    48.39023    
    46.08465    
    44.32609    

    82.81671    
    152.0181    
    309.4114    
    465.2683    
    522.2744    
    543.3992    
    584.5761    
    625.4497    
    636.8264    
    597.7142    
    541.8726    
    518.9444    
    526.8149    
    520.9868    
    489.8786    
    464.8193    
    451.9753    
    464.3533    
    533.8049    
    647.5095    
    758.6218    
    878.5928    
    978.7153    
    975.2262    
    906.5591    
    814.9099    
    720.5869    
    684.7758    
    689.9108    
    722.3420    
    739.7291    
    682.0368    
    693.1108    
    755.1871    
    667.9166    
    536.1907    
    482.8041    
    431.9262    
    398.2205    
    429.3858    
    484.4288    
    512.9518    
    509.1938    
    504.3913    
    498.8121    
    453.3455    
    357.5699    
    260.1835    
    200.4560    
    169.8105    
    148.1427    
    126.3304    
    105.1350    
    87.92406    
    77.84439    
    73.59601    
    71.11731    
    68.80374    
    66.40926    
    63.91753    
    61.59340    
    59.50322    
    57.71202    
    55.76575    
    53.11024    
    50.14679    
    47.42833    
    45.03184    
    43.31019    

    94.75721    
    157.5771    
    313.1057    
    498.5834    
    588.7095    
    600.4179    
    608.6938    
    618.9168    
    624.2355    
    623.5265    
    607.2299    
    600.0562    
    588.5677    
    528.5778    
    462.8061    
    418.6044    
    437.4892    
    512.6332    
    578.5525    
    654.2746    
    735.9980    
    870.7385    
    1016.931    
    1012.928    
    891.8510    
    761.1497    
    678.1969    
    680.6013    
    723.9688    
    771.0846    
    784.6288    
    751.0272    
    811.0288    
    900.1857    
    790.3615    
    586.6148    
    471.7587    
    412.6459    
    378.7640    
    399.9309    
    448.1726    
    463.1464    
    450.6721    
    442.6031    
    426.4020    
    383.5262    
    310.3050    
    233.5732    
    183.9066    
    156.6559    
    137.6755    
    119.4889    
    101.1265    
    85.10764    
    74.63629    
    69.73640    
    67.03002    
    64.90114    
    63.05886    
    61.07417    
    58.95727    
    56.95144    
    55.26830    
    53.52139    
    51.28388    
    48.81898    
    46.22337    
    43.61889    
    42.14970    

    108.7475    
    156.6605    
    272.5175    
    436.0222    
    559.6900    
    609.8282    
    633.5710    
    657.1619    
    671.6151    
    680.1022    
    674.7247    
    660.4886    
    631.1207    
    555.5685    
    447.9176    
    403.5339    
    507.1199    
    638.8060    
    684.4554    
    685.5756    
    705.0986    
    831.0994    
    989.4755    
    995.1373    
    865.1624    
    728.8755    
    661.1199    
    674.1780    
    732.9536    
    814.9270    
    866.5870    
    862.7418    
    911.2098    
    951.0685    
    816.2985    
    600.6127    
    455.8419    
    389.3871    
    359.6016    
    367.6003    
    403.5708    
    417.2554    
    403.5571    
    380.1250    
    350.7820    
    315.4789    
    262.9608    
    205.7146    
    167.8585    
    144.3135    
    126.1618    
    110.2050    
    94.99719    
    81.74171    
    72.11956    
    66.73737    
    63.65500    
    61.42937    
    59.82086    
    58.27663    
    56.42534    
    54.48815    
    52.67854    
    50.81313    
    48.92552    
    47.02121    
    44.66724    
    42.31276    
    41.30065    

    128.9284    
    172.7639    
    246.1066    
    345.3546    
    467.6273    
    590.9619    
    682.2841    
    730.8553    
    734.5964    
    710.0894    
    682.7232    
    655.4883    
    621.3947    
    550.6420    
    428.4757    
    391.3608    
    523.9388    
    674.7864    
    720.8365    
    670.7034    
    650.2701    
    770.5530    
    889.1975    
    853.9803    
    749.1265    
    674.1636    
    669.8520    
    727.3740    
    786.3459    
    857.1924    
    922.1400    
    937.5742    
    949.7127    
    910.7615    
    773.7407    
    625.4966    
    496.9140    
    398.9887    
    345.2248    
    329.5717    
    339.5958    
    347.3188    
    341.8183    
    323.6145    
    291.0952    
    250.0241    
    212.1240    
    178.0965    
    151.5842    
    133.2013    
    117.6222    
    103.3626    
    90.63602    
    80.18903    
    71.74095    
    65.63945    
    61.71586    
    59.00724    
    57.22577    
    55.84919    
    54.17090    
    52.25233    
    50.36340    
    48.52103    
    46.73007    
    44.92933    
    42.90843    
    41.24846    
    40.76735    

    150.4199    
    197.2734    
    251.3683    
    318.1678    
    430.9539    
    589.3937    
    717.4491    
    759.6005    
    744.4081    
    719.1511    
    689.5674    
    649.2739    
    592.7241    
    497.2766    
    389.6910    
    369.4607    
    489.8563    
    645.9714    
    689.5103    
    613.7168    
    577.8083    
    682.1153    
    755.2640    
    694.3136    
    642.3400    
    645.5527    
    692.5655    
    785.4224    
    864.0844    
    904.1942    
    905.8738    
    910.1735    
    935.7490    
    905.9106    
    820.0540    
    710.9250    
    573.4086    
    444.8634    
    358.2554    
    317.8532    
    299.2036    
    284.3496    
    276.5908    
    268.0613    
    247.5632    
    217.9241    
    192.6023    
    170.1484    
    146.6785    
    127.5370    
    113.0025    
    100.5875    
    90.04856    
    81.04152    
    72.96205    
    65.91564    
    60.70122    
    57.19778    
    54.97176    
    53.47166    
    51.89433    
    50.05936    
    48.16301    
    46.44065    
    44.69476    
    42.90007    
    41.41002    
    40.41365    
    40.14220    

    157.9299    
    210.9936    
    266.8864    
    340.4860    
    464.8074    
    624.5439    
    735.3718    
    757.4874    
    748.4127    
    746.3052    
    718.2267    
    664.3706    
    587.4612    
    467.5477    
    372.1114    
    395.4676    
    541.5680    
    662.7572    
    635.7354    
    538.3754    
    508.4207    
    581.5787    
    626.7601    
    609.8431    
    640.3995    
    679.3634    
    706.0902    
    774.1583    
    861.7731    
    895.6665    
    858.3037    
    863.6049    
    940.3630    
    966.3040    
    880.8571    
    764.8350    
    673.5884    
    544.0325    
    400.8016    
    329.8637    
    302.7386    
    278.8765    
    262.5472    
    248.9724    
    240.2345    
    233.1510    
    213.3674    
    186.0870    
    157.0822    
    130.5347    
    111.8628    
    98.79353    
    89.17608    
    80.93908    
    72.93407    
    65.58669    
    59.67112    
    55.51362    
    52.80912    
    50.98191    
    49.40716    
    47.74128    
    45.97844    
    44.34457    
    42.70454    
    41.18112    
    40.14010    
    39.53890    
    39.40826    

    151.6516    
    214.9054    
    291.5773    
    376.0716    
    501.3554    
    660.1726    
    754.9084    
    771.4128    
    773.1429    
    772.6234    
    737.5479    
    664.6252    
    571.8022    
    451.7010    
    368.2841    
    441.9744    
    612.7501    
    666.9961    
    567.6444    
    469.3635    
    462.7865    
    520.8106    
    551.7703    
    577.4264    
    670.9488    
    734.1509    
    734.1484    
    749.9116    
    804.7416    
    840.6140    
    830.5439    
    864.3050    
    947.3475    
    963.9496    
    857.7643    
    773.6743    
    744.9799    
    621.6302    
    466.1292    
    370.8953    
    322.9390    
    303.5104    
    290.0284    
    275.3211    
    270.1417    
    268.9952    
    242.2468    
    204.4601    
    170.1566    
    137.3380    
    113.2372    
    96.52940    
    85.31424    
    77.70947    
    70.58429    
    63.86998    
    58.18150    
    53.74823    
    50.76852    
    48.79940    
    47.17991    
    45.64201    
    44.07339    
    42.54763    
    41.09200    
    39.88888    
    39.07625    
    38.69095    
    38.83488    

    145.9675    
    215.6818    
    320.3027    
    418.4236    
    516.0249    
    656.5748    
    763.2384    
    791.5354    
    781.5306    
    766.1453    
    743.4461    
    681.9213    
    573.2314    
    428.3403    
    348.1038    
    434.6013    
    580.3206    
    607.2023    
    510.1384    
    429.8333    
    458.2194    
    550.8634    
    595.3292    
    605.0021    
    675.8665    
    755.6860    
    766.1397    
    749.9413    
    766.2222    
    795.5673    
    825.8351    
    894.6549    
    958.1645    
    929.0140    
    831.0549    
    769.9201    
    711.3209    
    641.7935    
    588.4238    
    466.6671    
    367.1061    
    346.0128    
    333.0108    
    316.5425    
    302.5286    
    293.3984    
    262.4488    
    221.8413    
    185.4416    
    146.2346    
    114.7847    
    93.90536    
    80.00327    
    72.16824    
    66.61946    
    61.18474    
    56.21697    
    51.94304    
    48.80164    
    46.78529    
    45.20076    
    43.73576    
    42.35260    
    41.10368    
    39.96745    
    39.01623    
    38.35058    
    37.99630    
    38.21048    

    148.2934    
    223.0189    
    327.4913    
    443.3182    
    540.5365    
    653.6926    
    765.7759    
    815.8923    
    812.1940    
    791.5857    
    773.4011    
    723.5707    
    590.3096    
    408.8094    
    324.3607    
    400.8210    
    516.1505    
    534.5197    
    460.6246    
    419.1655    
    487.3354    
    618.0340    
    700.4765    
    694.6626    
    688.7646    
    734.1473    
    760.5741    
    747.8169    
    752.7383    
    779.4009    
    820.0055    
    879.8962    
    940.1544    
    923.2964    
    832.5416    
    748.3732    
    667.7665    
    701.8849    
    754.9875    
    609.6094    
    462.2314    
    414.0041    
    381.9339    
    357.2905    
    328.0216    
    305.2957    
    283.0374    
    250.1217    
    210.4550    
    160.0168    
    113.5252    
    87.55543    
    73.90269    
    66.13802    
    61.85260    
    57.64288    
    53.39060    
    49.72521    
    46.80609    
    44.65214    
    43.01924    
    41.71137    
    40.66506    
    39.78965    
    38.94930    
    38.23905    
    37.67415    
    37.16062    
    37.25067    

    151.3359    
    241.9242    
    337.4233    
    452.5051    
    576.6028    
    693.7998    
    795.3234    
    858.7569    
    889.4211    
    877.8149    
    822.0006    
    704.9428    
    525.9045    
    362.7791    
    305.0045    
    384.7964    
    488.9817    
    485.4287    
    425.3573    
    429.9517    
    520.2044    
    654.0395    
    749.2977    
    755.1174    
    720.9083    
    715.9037    
    735.1974    
    744.9357    
    761.2993    
    786.1774    
    815.2824    
    857.8806    
    914.7961    
    920.2156    
    843.2036    
    741.7349    
    682.6661    
    774.4622    
    851.9662    
    724.7773    
    564.4825    
    470.2001    
    414.8511    
    380.7444    
    337.3370    
    311.8844    
    304.1080    
    272.3973    
    227.0538    
    170.7643    
    109.9821    
    77.99867    
    67.17664    
    60.86437    
    57.43115    
    53.79453    
    49.99942    
    46.95941    
    44.50648    
    42.51581    
    41.02722    
    40.01629    
    39.25346    
    38.52702    
    37.86272    
    37.42386    
    36.94240    
    36.35452    
    36.39490    

    173.4357    
    277.2929    
    373.6480    
    466.8391    
    586.2443    
    712.5581    
    801.1593    
    856.9532    
    910.6124    
    917.5245    
    818.5706    
    631.9622    
    447.6010    
    323.4624    
    285.6556    
    373.5844    
    471.7049    
    450.3474    
    404.2357    
    420.6392    
    499.8879    
    610.1961    
    671.4718    
    708.5940    
    738.0078    
    727.3481    
    714.1664    
    730.3926    
    785.3926    
    824.8745    
    821.1153    
    850.9818    
    892.0173    
    870.2058    
    822.4203    
    763.6099    
    734.4362    
    797.2280    
    805.2302    
    683.2134    
    559.4262    
    477.0557    
    428.8493    
    393.6353    
    344.6520    
    322.0277    
    314.0115    
    269.5609    
    220.5431    
    171.7971    
    110.2942    
    74.14323    
    62.80269    
    56.58128    
    53.42902    
    50.25893    
    47.05402    
    44.40080    
    42.21065    
    40.63170    
    39.52542    
    38.69926    
    38.00108    
    37.34552    
    36.92503    
    36.76308    
    36.32013    
    35.67759    
    35.80164    

    235.1086    
    321.6626    
    377.7712    
    426.7046    
    519.0914    
    629.2359    
    710.4744    
    768.6870    
    829.3495    
    856.1653    
    747.9056    
    563.7937    
    422.5481    
    310.5458    
    268.1023    
    351.8405    
    436.9959    
    408.2863    
    366.1828    
    370.9857    
    416.4298    
    502.2373    
    555.2366    
    604.8411    
    678.1234    
    692.6599    
    666.5767    
    678.7731    
    764.2339    
    827.5146    
    796.4367    
    798.9915    
    806.0122    
    751.6993    
    754.7700    
    805.6393    
    807.2794    
    756.3695    
    664.6736    
    554.8118    
    482.1708    
    447.9572    
    429.3466    
    400.0886    
    346.6390    
    322.7242    
    316.2725    
    263.2593    
    207.4140    
    168.3316    
    115.9659    
    78.36208    
    62.82607    
    53.80373    
    49.68029    
    46.90769    
    44.27330    
    42.02148    
    40.22332    
    38.97205    
    38.00189    
    37.19376    
    36.64149    
    36.18290    
    36.00283    
    36.00694    
    35.54327    
    36.08928    
    38.30471    

    249.6089    
    303.7254    
    324.4382    
    349.7643    
    424.6625    
    514.4942    
    600.1856    
    688.8527    
    749.2706    
    752.5156    
    650.7247    
    502.7045    
    387.8118    
    287.8213    
    260.2014    
    328.7581    
    376.4628    
    343.0365    
    323.4686    
    359.3424    
    398.9430    
    472.7378    
    543.7991    
    556.2098    
    593.6996    
    632.4367    
    646.4741    
    670.0315    
    702.4459    
    724.6756    
    723.2359    
    735.4426    
    708.3123    
    677.3793    
    752.1348    
    864.4547    
    853.6628    
    699.9515    
    574.2297    
    515.7985    
    462.2857    
    424.2149    
    403.4636    
    373.3217    
    323.0010    
    300.2144    
    299.9186    
    262.3858    
    214.5163    
    173.7559    
    119.1211    
    80.26315    
    63.41409    
    52.08289    
    46.67316    
    43.87271    
    41.56770    
    39.67330    
    38.09774    
    36.93532    
    36.06508    
    35.43615    
    35.16056    
    35.00583    
    34.88542    
    35.67214    
    37.10617    
    40.43668    
    44.98461    

    196.1524    
    250.2377    
    297.8470    
    353.8304    
    446.3007    
    536.1755    
    612.9780    
    707.3351    
    752.9170    
    711.0386    
    602.4867    
    457.5642    
    334.4698    
    255.1520    
    252.2991    
    308.1402    
    320.6897    
    295.3760    
    328.6280    
    418.2422    
    473.3017    
    522.0697    
    565.2937    
    545.0054    
    566.7563    
    643.8300    
    713.4181    
    731.7307    
    678.8220    
    631.0696    
    632.8279    
    648.6279    
    638.6464    
    694.1740    
    815.6645    
    860.4343    
    796.2012    
    662.2191    
    558.9302    
    509.7426    
    449.8056    
    390.3900    
    352.4460    
    328.3057    
    303.3162    
    291.3434    
    290.5502    
    266.6248    
    230.8602    
    181.9952    
    114.4556    
    73.75027    
    60.06375    
    49.37560    
    43.77570    
    41.24630    
    39.45039    
    37.72778    
    36.11959    
    34.99394    
    34.44324    
    34.15955    
    33.83996    
    34.19083    
    35.46691    
    38.34069    
    42.39018    
    45.76106    
    48.02477    

    179.9101    
    266.7731    
    341.2795    
    419.3522    
    556.9707    
    674.9406    
    731.8818    
    789.5715    
    801.9436    
    726.5337    
    588.2678    
    421.6930    
    296.8314    
    234.9866    
    240.5273    
    283.6367    
    286.1595    
    287.2062    
    371.5677    
    481.4249    
    526.8311    
    550.8702    
    557.1695    
    525.2410    
    548.5565    
    645.0756    
    739.0707    
    750.3494    
    687.3269    
    627.2174    
    585.0231    
    566.8622    
    598.8932    
    712.6279    
    799.3477    
    734.7390    
    636.2760    
    567.2421    
    494.6658    
    438.0083    
    385.3100    
    337.5717    
    308.2349    
    298.5816    
    299.3701    
    310.9160    
    316.9011    
    281.7422    
    232.4338    
    174.3287    
    102.1289    
    63.14860    
    53.21998    
    45.22989    
    40.57233    
    38.49151    
    37.25639    
    36.00142    
    34.83269    
    34.01313    
    33.56505    
    33.27091    
    34.35951    
    37.64491    
    40.86806    
    43.19271    
    45.29459    
    45.79267    
    44.91534    

    189.1721    
    300.2897    
    386.4972    
    483.9959    
    657.2265    
    779.3201    
    800.4376    
    809.7616    
    778.2123    
    649.7036    
    487.7310    
    360.8377    
    275.8536    
    230.0780    
    232.0802    
    254.9040    
    260.3994    
    295.7676    
    414.0088    
    531.0302    
    574.3342    
    584.7644    
    555.2925    
    512.0301    
    526.9978    
    585.7830    
    658.0954    
    719.0192    
    722.3146    
    666.4823    
    591.9294    
    540.5590    
    568.9313    
    671.5004    
    710.6652    
    619.7685    
    518.2685    
    457.0436    
    404.0077    
    363.1402    
    329.6449    
    301.1037    
    282.1412    
    276.6155    
    286.9083    
    313.6896    
    319.7437    
    281.0207    
    229.3141    
    160.2252    
    86.98335    
    53.93515    
    46.57000    
    41.29839    
    37.90480    
    35.96336    
    35.03494    
    34.50950    
    33.89510    
    33.07317    
    32.89734    
    34.05802    
    38.64365    
    45.15722    
    47.43042    
    45.60715    
    43.61603    
    42.68178    
    41.53857    

    174.5832    
    281.6000    
    380.1180    
    491.1122    
    668.4700    
    795.7082    
    791.6037    
    737.7263    
    654.7178    
    512.1686    
    374.8719    
    305.5261    
    269.5443    
    237.7231    
    225.9393    
    228.4088    
    241.0543    
    305.3341    
    438.5269    
    549.1129    
    582.1952    
    586.4018    
    544.7487    
    502.0146    
    535.5511    
    568.7673    
    592.6069    
    679.8741    
    747.3625    
    714.3815    
    624.1393    
    535.3871    
    529.2213    
    602.6068    
    639.1030    
    583.7764    
    496.4323    
    431.6938    
    380.2232    
    334.0907    
    300.1211    
    279.1253    
    270.2729    
    260.7383    
    260.5186    
    285.9947    
    285.9527    
    252.9630    
    210.6095    
    139.4476    
    74.40015    
    50.04243    
    43.71532    
    39.24155    
    36.29282    
    34.55762    
    33.65329    
    33.09054    
    33.16888    
    34.20380    
    35.92003    
    38.12120    
    42.07124    
    47.18357    
    48.59056    
    45.66630    
    42.33598    
    40.72385    
    39.63274    

    168.2703    
    254.7239    
    347.8096    
    454.0453    
    620.7377    
    771.2271    
    779.6357    
    694.0959    
    589.8318    
    482.7793    
    378.4818    
    312.3607    
    295.5213    
    259.8826    
    225.1682    
    222.3551    
    232.9835    
    305.2285    
    433.6508    
    500.5801    
    486.8951    
    500.6083    
    522.9703    
    513.2762    
    559.4897    
    618.5362    
    631.5093    
    685.7911    
    749.2269    
    737.2971    
    648.9384    
    534.4441    
    493.9771    
    552.7058    
    607.0642    
    577.5816    
    511.1087    
    446.3394    
    370.2911    
    305.7242    
    270.0435    
    261.2091    
    271.3639    
    257.2902    
    235.0708    
    249.2855    
    248.7850    
    217.6733    
    173.1545    
    110.5748    
    66.28914    
    51.20128    
    44.40054    
    39.11964    
    35.42798    
    33.49307    
    32.59093    
    33.14465    
    36.31631    
    40.35276    
    42.10731    
    41.45478    
    40.58437    
    42.40598    
    45.23002    
    44.98663    
    42.31999    
    39.72139    
    38.15922    

    212.2435    
    280.4844    
    361.2309    
    494.3989    
    649.3557    
    758.8085    
    777.8591    
    745.5536    
    663.0599    
    526.8156    
    398.1205    
    329.6146    
    312.4687    
    261.5931    
    226.8276    
    236.4957    
    235.9449    
    299.4463    
    402.7182    
    420.6937    
    388.4156    
    425.3730    
    512.6384    
    542.5013    
    566.8441    
    630.2828    
    674.6964    
    733.5194    
    754.2358    
    692.2398    
    609.8171    
    516.4214    
    466.7798    
    516.3526    
    583.4774    
    573.4348    
    502.7276    
    409.6873    
    320.4518    
    269.5172    
    253.5365    
    256.2436    
    266.6839    
    248.2798    
    215.0962    
    210.9748    
    206.2178    
    178.7113    
    136.4162    
    89.38758    
    62.72429    
    52.97229    
    45.46977    
    39.39167    
    34.89717    
    32.83202    
    32.84682    
    35.70361    
    40.83944    
    42.60815    
    41.36743    
    40.45343    
    38.75790    
    38.18319    
    40.52019    
    42.49565    
    41.59626    
    39.09961    
    36.98304    

    298.3053    
    373.5551    
    469.9172    
    607.2184    
    695.6999    
    735.4699    
    771.7190    
    791.3206    
    710.9004    
    519.0510    
    359.3323    
    304.6001    
    276.7682    
    223.7740    
    223.9866    
    252.4134    
    248.4959    
    296.7916    
    360.9674    
    353.9127    
    344.5577    
    411.1088    
    514.4930    
    550.2877    
    541.2437    
    568.3080    
    624.9342    
    727.7392    
    767.8976    
    662.5975    
    552.1191    
    482.0439    
    447.0808    
    475.9183    
    527.6113    
    531.6137    
    468.6691    
    382.3475    
    302.5393    
    262.5647    
    260.9236    
    257.2789    
    245.5120    
    217.8422    
    186.5043    
    176.3895    
    168.5912    
    143.6046    
    108.7015    
    78.09728    
    61.87974    
    53.79741    
    45.88607    
    39.35593    
    35.39804    
    34.55123    
    35.03769    
    36.58244    
    38.18093    
    35.88493    
    34.12662    
    36.39181    
    37.98690    
    36.96804    
    36.68950    
    38.59521    
    39.75151    
    38.49910    
    36.18535    

    365.7705    
    471.0617    
    602.4764    
    692.6638    
    683.4915    
    661.2429    
    673.4052    
    669.3961    
    593.8898    
    453.1004    
    338.5978    
    296.6333    
    256.0193    
    200.1698    
    217.1912    
    254.8636    
    252.3878    
    285.7454    
    318.6040    
    304.2774    
    322.9453    
    418.7194    
    526.0907    
    550.9333    
    524.8744    
    539.5139    
    593.4200    
    710.5976    
    817.4359    
    730.4410    
    566.6114    
    489.4276    
    454.1498    
    448.1391    
    480.6028    
    499.7531    
    470.9153    
    420.4617    
    348.2785    
    280.7003    
    254.8481    
    239.4259    
    216.8817    
    186.0701    
    162.0926    
    157.3977    
    150.6501    
    129.0973    
    98.02191    
    72.23550    
    59.88917    
    52.93593    
    46.00140    
    40.67096    
    37.76950    
    36.92952    
    35.63666    
    33.97223    
    32.58258    
    30.63992    
    30.04910    
    32.28030    
    35.64527    
    36.46549    
    35.16698    
    35.33699    
    36.90199    
    37.18591    
    35.57848    

    350.4698    
    481.3881    
    645.8670    
    714.0249    
    668.5836    
    608.6058    
    573.3339    
    543.5874    
    494.4742    
    423.3015    
    364.8564    
    326.7245    
    269.7731    
    205.4438    
    206.4539    
    225.4993    
    230.9963    
    270.5851    
    288.8202    
    274.7756    
    307.7368    
    418.4802    
    546.0245    
    582.3427    
    542.3544    
    545.2640    
    605.4619    
    727.4988    
    869.8701    
    807.3568    
    614.6385    
    524.8029    
    471.9591    
    430.4273    
    456.3383    
    496.2262    
    481.2255    
    429.1592    
    366.8446    
    282.5752    
    222.4363    
    209.8248    
    202.2959    
    177.6360    
    156.7812    
    150.7864    
    141.6043    
    122.1498    
    93.31642    
    68.29728    
    56.82013    
    50.99316    
    45.99409    
    42.52666    
    39.62920    
    36.86622    
    33.89433    
    31.39780    
    30.31764    
    29.99969    
    29.82222    
    30.27976    
    32.21800    
    34.22101    
    34.57837    
    34.02737    
    34.29302    
    35.02311    
    34.35505    

    295.7074    
    436.2200    
    608.8225    
    702.6282    
    697.2118    
    653.2995    
    631.6786    
    629.6951    
    575.0552    
    462.1702    
    390.6190    
    351.2130    
    271.4467    
    200.2624    
    187.3198    
    185.7478    
    215.8128    
    275.1056    
    281.6212    
    264.7421    
    303.6253    
    417.9166    
    556.0830    
    604.2321    
    554.4448    
    530.1953    
    579.4647    
    721.2762    
    879.6235    
    815.8403    
    611.4800    
    504.5387    
    447.2545    
    401.0387    
    419.2127    
    466.5591    
    449.6612    
    373.0579    
    307.6035    
    245.2637    
    201.1633    
    211.3514    
    227.6320    
    203.1771    
    169.6202    
    154.2104    
    139.5547    
    116.5481    
    87.49086    
    64.52661    
    53.59244    
    48.70344    
    45.67406    
    42.62761    
    39.39194    
    35.87321    
    32.55332    
    30.45774    
    29.90258    
    29.97844    
    30.00389    
    29.95192    
    30.13512    
    31.50951    
    33.38329    
    33.60701    
    32.82093    
    32.65856    
    32.33375    

    264.7992    
    385.9805    
    542.0959    
    669.5358    
    711.8897    
    686.8399    
    676.7150    
    694.6495    
    634.0267    
    475.7475    
    371.0285    
    325.7140    
    249.0067    
    180.9962    
    165.8620    
    174.6530    
    220.2013    
    269.0563    
    259.8134    
    244.2086    
    298.2867    
    430.5847    
    558.8721    
    594.5975    
    560.9545    
    528.3139    
    546.1564    
    694.0549    
    857.2558    
    778.8521    
    572.4291    
    474.2828    
    443.6903    
    404.1747    
    408.4907    
    442.8015    
    399.7982    
    305.8345    
    241.0811    
    198.8224    
    186.3674    
    218.4570    
    244.9689    
    216.7883    
    167.8925    
    146.9925    
    134.7715    
    109.6505    
    80.97858    
    61.18084    
    50.64414    
    45.36969    
    43.96337    
    42.11039    
    39.00430    
    35.41764    
    32.04954    
    30.26983    
    29.93739    
    30.00079    
    30.00081    
    29.99789    
    29.87641    
    30.41430    
    31.99110    
    32.78262    
    32.06131    
    31.16919    
    30.69846    

    266.9898    
    361.7888    
    482.5291    
    596.6743    
    664.5735    
    663.7911    
    617.0484    
    582.0649    
    527.9362    
    413.1028    
    320.1837    
    271.7771    
    218.5343    
    162.5991    
    151.4897    
    177.0417    
    214.4507    
    240.5538    
    227.1374    
    217.5458    
    282.5922    
    424.1669    
    562.7196    
    634.6122    
    628.1334    
    567.2597    
    550.6853    
    698.8674    
    843.4084    
    745.3344    
    581.1917    
    552.2905    
    545.8429    
    458.3825    
    411.1136    
    430.6016    
    370.9265    
    268.2392    
    213.5309    
    176.8687    
    173.6200    
    208.3157    
    218.9124    
    188.2036    
    147.2202    
    129.9274    
    121.9545    
    99.75793    
    75.37296    
    60.30759    
    51.43000    
    44.66091    
    41.81003    
    40.85413    
    38.58905    
    35.15477    
    31.92513    
    30.24018    
    29.95157    
    29.99982    
    30.00000    
    29.99778    
    29.98887    
    30.20703    
    31.00099    
    31.72583    
    31.41770    
    30.58196    
    30.09837    

    301.4241    
    372.7210    
    440.0060    
    534.7263    
    651.2516    
    687.5447    
    606.3861    
    495.7943    
    417.4854    
    351.2015    
    283.3524    
    233.3739    
    190.9970    
    145.2996    
    142.2822    
    170.8716    
    196.6071    
    217.8479    
    213.7713    
    206.8355    
    266.9800    
    399.5442    
    570.9916    
    709.4005    
    725.8535    
    639.7849    
    582.1949    
    709.5984    
    850.9645    
    784.3398    
    685.4261    
    662.8618    
    606.0478    
    465.7955    
    377.4722    
    392.1417    
    341.2312    
    238.6014    
    191.3638    
    176.8387    
    192.9529    
    221.5287    
    211.4411    
    179.5854    
    156.6131    
    142.3128    
    125.9056    
    101.7864    
    77.07571    
    61.00588    
    53.39030    
    46.93356    
    41.69061    
    39.19457    
    37.38977    
    34.79241    
    31.95695    
    30.26567    
    29.95145    
    29.99959    
    30.00000    
    29.99833    
    30.00718    
    30.05310    
    30.31437    
    30.67703    
    30.65689    
    30.32285    
    30.07386    

    296.5765    
    363.7398    
    457.1182    
    587.3285    
    704.7780    
    720.7220    
    648.9231    
    528.2034    
    416.8206    
    339.8375    
    255.8823    
    190.7850    
    155.8117    
    129.4359    
    134.9479    
    155.7023    
    170.8962    
    191.5701    
    199.3614    
    207.1381    
    268.3946    
    395.2567    
    583.4650    
    722.3527    
    742.6938    
    712.7419    
    660.5703    
    725.4242    
    856.2470    
    845.7526    
    764.0800    
    671.3323    
    550.9407    
    410.1864    
    325.9047    
    331.8754    
    294.4872    
    213.3791    
    179.2499    
    196.6819    
    235.8204    
    252.8406    
    230.5294    
    194.0244    
    174.8732    
    162.1783    
    136.3566    
    106.1836    
    78.26461    
    59.69262    
    52.71505    
    47.78357    
    42.53701    
    38.49307    
    36.03389    
    33.95825    
    31.59197    
    30.17628    
    29.96295    
    29.99936    
    30.00270    
    30.02075    
    29.98805    
    29.89813    
    29.85942    
    29.84128    
    29.87274    
    29.91800    
    29.83860    

    266.8456    
    372.4472    
    515.8961    
    634.3974    
    686.9750    
    649.7808    
    596.8448    
    517.4111    
    407.1961    
    312.8763    
    226.4377    
    160.1935    
    126.6825    
    114.5997    
    122.9417    
    134.6751    
    142.3641    
    160.9536    
    178.7619    
    207.1125    
    284.8721    
    394.7420    
    534.9045    
    662.6458    
    733.3232    
    790.7127    
    792.4233    
    785.8752    
    811.6664    
    754.3568    
    648.5740    
    570.1738    
    478.7516    
    357.3328    
    282.2955    
    276.8651    
    255.6322    
    206.4996    
    189.7879    
    220.6029    
    260.1932    
    271.2237    
    242.5114    
    198.6605    
    176.4605    
    159.0388    
    129.7312    
    100.5502    
    73.62659    
    56.12310    
    49.90578    
    45.97304    
    41.68803    
    37.71194    
    34.84743    
    32.72987    
    30.91454    
    30.05230    
    29.98263    
    30.01451    
    30.00418    
    29.92311    
    29.71683    
    29.50000    
    29.38658    
    29.24594    
    29.21809    
    29.30337    
    29.26648    

    250.2637    
    357.8925    
    471.6541    
    532.8391    
    571.3666    
    529.0600    
    467.9688    
    409.7151    
    313.8487    
    237.4502    
    191.2188    
    140.6830    
    105.9102    
    99.83315    
    106.4495    
    113.6545    
    119.8012    
    133.4713    
    151.9076    
    182.5929    
    264.3238    
    354.5714    
    433.0486    
    585.2847    
    744.3528    
    830.5698    
    861.8514    
    810.7458    
    695.6639    
    564.6077    
    468.3229    
    442.5359    
    408.1995    
    331.8710    
    291.3341    
    283.1233    
    252.9904    
    212.9191    
    210.7037    
    239.6611    
    265.3187    
    278.8600    
    250.6127    
    200.5116    
    171.4327    
    143.0352    
    112.3325    
    88.21840    
    66.28044    
    51.75642    
    45.52891    
    42.64847    
    39.57574    
    36.31564    
    33.69629    
    31.53730    
    30.32333    
    30.01202    
    30.00669    
    29.95196    
    29.77617    
    29.51041    
    29.23316    
    29.06691    
    29.04924    
    29.12517    
    29.24496    
    29.21651    
    29.03074    

    219.5056    
    292.2896    
    370.8843    
    422.3282    
    478.4811    
    451.1652    
    367.7776    
    292.3279    
    206.0906    
    157.4872    
    148.8598    
    122.2764    
    94.43713    
    89.69543    
    92.99554    
    95.41045    
    99.33196    
    107.3856    
    121.2706    
    145.4962    
    215.1316    
    317.0390    
    406.8331    
    537.3640    
    668.9792    
    742.8387    
    813.1426    
    786.0881    
    635.9238    
    525.2960    
    488.2245    
    480.1278    
    451.0833    
    380.2537    
    325.7440    
    300.8270    
    273.9308    
    240.7519    
    242.7775    
    274.7622    
    293.6492    
    298.8655    
    263.3005    
    198.9813    
    156.5262    
    126.1110    
    97.62102    
    75.58716    
    58.74395    
    47.25785    
    40.10320    
    37.77753    
    36.75208    
    34.70287    
    32.54368    
    30.80417    
    30.03754    
    29.96164    
    29.85579    
    29.59887    
    29.29312    
    29.08433    
    29.00914    
    29.06388    
    29.27914    
    29.61647    
    29.82970    
    29.65140    
    29.24475    

    176.7252    
    236.5273    
    298.4279    
    359.4955    
    411.3265    
    374.7780    
    280.3616    
    189.1435    
    121.2683    
    100.6758    
    113.4950    
    114.2392    
    94.03337    
    84.56310    
    85.17893    
    83.62582    
    84.66008    
    90.67568    
    102.3518    
    123.7336    
    189.5531    
    317.9873    
    443.5394    
    513.3881    
    551.6979    
    621.0356    
    721.1165    
    738.1615    
    682.1876    
    677.9048    
    699.5020    
    683.2247    
    609.5286    
    467.8879    
    330.2867    
    265.7088    
    249.2327    
    247.8975    
    286.4631    
    326.7235    
    313.9367    
    294.5768    
    257.2930    
    181.2545    
    129.7651    
    108.0561    
    87.25900    
    67.76667    
    52.44347    
    41.59059    
    34.49543    
    32.50537    
    33.06171    
    32.55812    
    31.14977    
    30.18553    
    29.85839    
    29.74145    
    29.43602    
    29.14871    
    29.00985    
    28.97131    
    29.09977    
    29.41037    
    29.60131    
    29.54994    
    29.53350    
    29.57855    
    29.48399    

    133.8931    
    180.3518    
    236.0058    
    307.4235    
    338.8399    
    274.1821    
    191.1175    
    116.9699    
    73.39209    
    73.46786    
    86.91653    
    95.24641    
    87.32642    
    82.39034    
    82.43551    
    78.47026    
    76.83191    
    80.71049    
    88.83655    
    109.5692    
    173.0067    
    289.2617    
    403.0944    
    444.4436    
    467.2100    
    555.9344    
    631.3076    
    643.6890    
    682.3556    
    764.4794    
    818.5110    
    789.3500    
    664.7971    
    483.9927    
    334.5364    
    264.9995    
    220.5355    
    216.4919    
    290.9205    
    325.7784    
    266.9171    
    223.5361    
    199.5938    
    141.7531    
    100.1082    
    87.82454    
    76.09399    
    61.30147    
    46.38208    
    35.63998    
    30.69804    
    29.83634    
    30.14994    
    30.03679    
    29.42648    
    29.21142    
    29.28046    
    29.24956    
    29.10222    
    29.01025    
    29.01618    
    29.01814    
    29.11452    
    29.25098    
    28.94142    
    28.28581    
    28.16814    
    28.71961    
    29.33021    

    130.7872    
    163.1467    
    226.0117    
    297.9883    
    288.1983    
    193.4421    
    121.0465    
    80.10841    
    62.92799    
    67.71537    
    74.02509    
    83.28735    
    88.06715    
    85.36323    
    80.22031    
    73.99634    
    70.69010    
    71.91451    
    75.99161    
    96.16781    
    156.6672    
    250.0575    
    328.7007    
    363.6673    
    407.5832    
    494.2513    
    544.0393    
    553.5145    
    596.1567    
    651.0208    
    710.4516    
    714.2265    
    586.2282    
    421.5681    
    336.2937    
    306.1816    
    229.7909    
    177.7311    
    213.6652    
    223.6927    
    176.4541    
    142.4837    
    128.0011    
    101.5243    
    80.73912    
    72.99902    
    64.77782    
    53.26127    
    40.79599    
    32.37817    
    29.59444    
    29.16320    
    28.82256    
    28.50382    
    28.23813    
    28.25799    
    28.39622    
    28.47546    
    28.67609    
    28.85160    
    28.84809    
    28.82040    
    28.68625    
    28.27816    
    27.68894    
    27.19006    
    27.21277    
    27.80533    
    28.71352    

    175.9530    
    212.8535    
    271.7677    
    297.6020    
    233.5777    
    136.1640    
    79.02372    
    61.76267    
    62.89507    
    73.75142    
    86.30752    
    95.40001    
    95.92570    
    86.51196    
    75.85777    
    68.34578    
    64.83881    
    65.45926    
    69.16917    
    83.90334    
    137.7029    
    226.6528    
    287.0291    
    321.1370    
    377.2992    
    444.1297    
    480.7675    
    504.2839    
    535.4713    
    532.7613    
    556.2455    
    590.7274    
    501.9338    
    373.3841    
    342.1049    
    320.8389    
    221.3632    
    143.5715    
    130.8239    
    123.6744    
    110.7770    
    99.31213    
    87.40060    
    75.90055    
    68.15624    
    62.32016    
    55.05346    
    46.57871    
    37.95338    
    32.13916    
    29.76891    
    28.72127    
    28.22595    
    28.06020    
    27.92573    
    27.78567    
    27.67202    
    27.58578    
    27.82829    
    28.22795    
    28.36057    
    28.30981    
    28.02777    
    27.51386    
    27.10247    
    26.96542    
    26.99222    
    27.27704    
    28.06284    

    212.8713    
    248.0451    
    279.1174    
    248.9737    
    165.4945    
    97.72102    
    63.13600    
    55.39027    
    66.75228    
    97.16972    
    117.0388    
    105.0350    
    86.69061    
    76.52502    
    69.61050    
    63.30362    
    59.85383    
    61.37512    
    66.19180    
    80.62307    
    125.2396    
    191.5597    
    236.2252    
    281.9325    
    359.9582    
    434.2008    
    467.1788    
    476.1022    
    495.8054    
    488.2988    
    475.1977    
    482.5583    
    418.3550    
    351.9558    
    367.7992    
    329.2591    
    214.1553    
    131.2737    
    101.9247    
    94.36923    
    92.16557    
    89.59650    
    81.34144    
    71.73560    
    61.80462    
    54.09052    
    48.93239    
    43.66731    
    38.29638    
    33.51341    
    30.29726    
    28.64170    
    28.04830    
    27.99039    
    27.90761    
    27.54786    
    27.20364    
    27.05203    
    27.17746    
    27.52279    
    27.78570    
    27.73427    
    27.49765    
    27.27619    
    27.07045    
    26.98641    
    26.97907    
    27.08804    
    27.43596    

    197.7107    
    213.8746    
    222.3165    
    182.3608    
    125.8277    
    87.25067    
    59.76027    
    55.90781    
    76.91633    
    123.5985    
    144.2430    
    105.7332    
    70.85973    
    63.93671    
    61.51218    
    58.10983    
    56.10125    
    58.57735    
    62.67586    
    79.21783    
    130.5193    
    179.2945    
    211.5227    
    288.9608    
    380.1038    
    444.3188    
    486.0434    
    468.0614    
    436.5122    
    434.3042    
    427.2777    
    409.9433    
    366.0276    
    352.9806    
    392.1558    
    364.1347    
    252.4532    
    145.9275    
    100.2661    
    94.48753    
    99.90213    
    110.0325    
    107.5825    
    89.97345    
    67.07022    
    53.60709    
    48.91949    
    44.41819    
    40.30945    
    35.88806    
    31.37762    
    29.09201    
    28.54040    
    28.26218    
    27.91020    
    27.35585    
    26.98927    
    26.84753    
    26.78757    
    26.94961    
    27.21961    
    27.22209    
    27.11134    
    27.08395    
    27.03105    
    26.99748    
    26.99252    
    26.93796    
    26.79933    

    154.4953    
    166.8315    
    186.3840    
    153.1392    
    117.7023    
    90.26146    
    60.28773    
    68.93915    
    106.1086    
    155.5598    
    166.7834    
    107.5598    
    61.07120    
    55.87159    
    55.03197    
    53.55382    
    53.42947    
    57.64420    
    64.10523    
    73.29801    
    119.2747    
    180.1061    
    236.9651    
    333.2676    
    392.0452    
    422.0099    
    501.7189    
    513.9150    
    432.6235    
    395.0628    
    405.8059    
    411.3816    
    409.0499    
    398.8331    
    396.6520    
    363.2252    
    265.0842    
    158.8304    
    106.4130    
    102.2968    
    126.6391    
    159.1790    
    156.4112    
    117.7804    
    78.63763    
    59.57230    
    52.77324    
    46.74388    
    42.50723    
    38.89512    
    33.61578    
    30.11212    
    29.20888    
    28.61823    
    27.91378    
    27.25415    
    26.89911    
    26.56434    
    26.25238    
    26.35036    
    26.74711    
    26.98756    
    27.00626    
    26.99267    
    26.99571    
    26.99893    
    26.98189    
    26.89175    
    26.84556    

    116.9985    
    128.3782    
    161.8784    
    148.2676    
    126.3557    
    94.68209    
    63.59137    
    94.37326    
    163.5087    
    207.0256    
    177.7712    
    98.34510    
    54.24277    
    51.47770    
    51.56794    
    50.61941    
    50.86129    
    57.69016    
    78.17255    
    90.61369    
    103.6718    
    170.4827    
    282.5828    
    372.3283    
    364.1634    
    366.6736    
    502.1369    
    569.8462    
    455.0560    
    377.3538    
    407.1567    
    439.1691    
    460.4220    
    439.2009    
    375.8004    
    295.5152    
    214.3833    
    155.6903    
    119.3854    
    115.5534    
    161.4940    
    220.5862    
    209.4413    
    139.8010    
    87.65563    
    69.15387    
    58.09399    
    48.37453    
    44.00227    
    41.36709    
    36.83145    
    31.59430    
    29.19053    
    28.50252    
    27.76975    
    27.17764    
    26.79512    
    26.26092    
    25.79981    
    25.74208    
    26.12437    
    26.65560    
    26.90180    
    26.97445    
    26.99401    
    26.98256    
    27.12161    
    27.51745    
    28.05333    

    88.33323    
    93.44540    
    125.8761    
    147.8944    
    145.8395    
    105.3200    
    66.71874    
    97.64494    
    172.7932    
    195.4833    
    138.2425    
    72.35344    
    49.55859    
    49.10096    
    48.83637    
    48.05157    
    47.58784    
    54.23952    
    99.20257    
    142.7152    
    123.5985    
    146.0997    
    254.3276    
    323.9131    
    295.3869    
    307.0757    
    445.0864    
    497.9191    
    380.5990    
    319.7930    
    373.5922    
    416.2679    
    444.1971    
    440.6400    
    357.3650    
    249.4006    
    193.9125    
    178.2218    
    163.9660    
    155.1001    
    193.0674    
    250.7559    
    221.9267    
    139.2225    
    98.77805    
    87.87892    
    67.33397    
    50.69261    
    45.68623    
    42.74078    
    39.08493    
    33.11521    
    29.16533    
    28.08461    
    27.46498    
    27.04400    
    26.66893    
    26.05002    
    25.43155    
    25.08808    
    25.28498    
    25.90309    
    26.44414    
    26.82552    
    27.05230    
    27.26970    
    27.68882    
    28.32163    
    28.99035    

    77.32610    
    97.12191    
    134.1274    
    159.1847    
    147.1688    
    107.5859    
    76.74463    
    84.92411    
    110.7578    
    104.4654    
    71.61984    
    50.15970    
    46.40409    
    46.64472    
    46.24963    
    45.44130    
    45.46903    
    58.08200    
    129.3915    
    211.3544    
    182.9307    
    125.8350    
    148.7695    
    200.2186    
    217.1634    
    234.2969    
    293.8405    
    306.5074    
    252.4005    
    257.9387    
    338.4024    
    388.8919    
    413.6796    
    427.0495    
    379.7208    
    297.5533    
    253.3055    
    260.0020    
    257.9032    
    226.9501    
    224.9888    
    238.1465    
    191.9453    
    131.8604    
    113.9268    
    103.1227    
    76.36862    
    55.72380    
    48.58198    
    43.71512    
    39.68084    
    34.51001    
    29.79473    
    27.76103    
    27.24635    
    26.89817    
    26.44986    
    25.83050    
    25.17132    
    24.74273    
    24.85561    
    25.37330    
    26.05288    
    26.72241    
    27.25927    
    27.71764    
    27.99351    
    28.04762    
    28.21520    

    80.08050    
    97.74941    
    132.2915    
    142.3723    
    112.5114    
    102.4869    
    120.8921    
    123.4344    
    90.45685    
    52.26356    
    40.95554    
    43.27937    
    44.39546    
    44.41417    
    44.01326    
    42.43340    
    42.20066    
    76.39098    
    184.9155    
    289.7506    
    256.6847    
    158.8457    
    138.2182    
    204.4221    
    276.3447    
    248.0670    
    188.5172    
    198.2097    
    219.4311    
    269.9293    
    375.5547    
    428.2703    
    439.9168    
    450.7708    
    442.3278    
    411.4198    
    371.7777    
    364.8711    
    338.6903    
    277.0172    
    240.8665    
    229.3443    
    200.9083    
    155.5804    
    121.9645    
    101.2703    
    79.89439    
    60.17322    
    49.95163    
    44.24416    
    39.79783    
    35.68815    
    31.51388    
    28.25143    
    27.03417    
    26.63999    
    26.07930    
    25.44801    
    24.94428    
    24.85053    
    25.08976    
    25.52822    
    26.19609    
    26.84697    
    27.32495    
    27.55676    
    27.43338    
    27.22623    
    27.26273    

    69.36663    
    68.24233    
    83.80865    
    103.3072    
    109.6633    
    130.9857    
    164.8109    
    164.9836    
    113.1986    
    58.12711    
    42.05672    
    43.62407    
    43.75602    
    43.03042    
    43.60554    
    49.59754    
    55.53727    
    109.0083    
    248.8127    
    346.3891    
    307.7864    
    258.0225    
    274.9171    
    341.6575    
    416.4292    
    347.7862    
    224.8078    
    238.4041    
    261.8666    
    274.8796    
    372.2462    
    451.7281    
    477.8797    
    489.5538    
    493.4885    
    500.3097    
    504.2570    
    486.8867    
    420.2216    
    318.3431    
    252.7977    
    266.9511    
    269.8314    
    198.5056    
    129.4725    
    107.9980    
    91.15360    
    63.23907    
    47.96848    
    43.64915    
    39.85533    
    36.19798    
    33.17383    
    29.30671    
    26.93097    
    26.21208    
    25.51955    
    24.85608    
    24.47337    
    24.83148    
    25.48263    
    26.04636    
    26.62816    
    26.99115    
    27.10741    
    27.12002    
    27.08632    
    27.19283    
    27.45303    

    39.91108    
    51.26530    
    86.56876    
    154.6144    
    195.4612    
    184.7631    
    183.2629    
    181.0447    
    133.9347    
    78.96336    
    51.81870    
    45.43100    
    45.12683    
    43.39226    
    46.64544    
    75.91879    
    114.0164    
    181.5840    
    315.6179    
    382.3360    
    352.5166    
    369.4511    
    429.9832    
    476.0627    
    480.9491    
    397.1079    
    302.1304    
    295.4608    
    287.7042    
    252.3916    
    291.8247    
    378.5960    
    431.6329    
    459.6791    
    487.6720    
    512.9431    
    546.1945    
    554.3408    
    492.3530    
    363.8412    
    286.4866    
    323.3280    
    307.8937    
    206.9608    
    145.1447    
    139.7346    
    117.5584    
    69.69413    
    46.42750    
    43.22930    
    40.28256    
    36.31927    
    33.76809    
    31.37165    
    28.19401    
    26.09609    
    25.11854    
    24.33898    
    23.91141    
    24.31376    
    25.42464    
    26.37280    
    26.87690    
    27.01726    
    26.96512    
    27.06540    
    27.42650    
    27.82784    
    28.21518    

    18.22712    
    50.67972    
    151.3944    
    267.8093    
    277.4596    
    217.8234    
    208.6465    
    223.2174    
    179.2760    
    106.7399    
    61.17852    
    47.84719    
    47.12943    
    45.80428    
    52.62588    
    102.2008    
    183.9401    
    271.0503    
    371.8291    
    413.1865    
    395.6848    
    424.1490    
    501.5710    
    532.6110    
    479.8981    
    422.6596    
    364.2308    
    323.8430    
    335.8971    
    314.3345    
    275.3752    
    296.8926    
    352.2388    
    399.6786    
    446.8669    
    483.4642    
    490.6659    
    471.2169    
    428.4695    
    363.3255    
    330.3905    
    327.7570    
    264.5143    
    187.7709    
    170.4525    
    175.8118    
    141.8748    
    79.65350    
    48.74422    
    44.45812    
    41.40373    
    37.20595    
    34.69247    
    33.60826    
    30.16429    
    26.71618    
    25.09329    
    24.02913    
    23.42818    
    23.51375    
    24.65492    
    26.09902    
    26.89490    
    27.04052    
    26.99922    
    27.19244    
    27.80050    
    28.46890    
    29.02096    

    15.45820    
    59.79582    
    197.2266    
    308.0718    
    269.8105    
    208.1035    
    217.8342    
    252.8796    
    227.5697    
    129.3151    
    62.16225    
    50.60267    
    49.21745    
    49.15854    
    57.90635    
    111.9254    
    216.7365    
    312.4832    
    369.2734    
    402.6870    
    415.7300    
    447.6025    
    518.7267    
    520.0886    
    479.2916    
    470.2454    
    398.4832    
    349.5694    
    394.2949    
    376.1158    
    295.8838    
    283.3694    
    341.6611    
    392.0054    
    429.9170    
    462.0541    
    443.7060    
    395.6182    
    376.0335    
    373.7205    
    343.3694    
    281.6784    
    224.6423    
    201.9417    
    202.5990    
    197.5979    
    157.5183    
    90.69234    
    52.90233    
    46.61432    
    43.01527    
    39.26978    
    35.82058    
    33.25694    
    29.93925    
    26.50325    
    24.52094    
    23.59041    
    23.12324    
    22.98474    
    23.47631    
    24.93996    
    26.47042    
    27.18860    
    27.29028    
    27.40236    
    27.98909    
    28.64428    
    29.21273    

    21.10288    
    73.67212    
    212.6144    
    307.9736    
    254.0239    
    217.9315    
    272.9470    
    318.8803    
    269.0595    
    138.0402    
    61.46927    
    54.15107    
    52.74414    
    53.05379    
    60.80276    
    114.1615    
    227.7180    
    325.4422    
    356.4885    
    387.0074    
    425.2603    
    449.3104    
    494.9200    
    513.4502    
    519.6813    
    497.0085    
    402.3887    
    381.9901    
    417.0446    
    360.2887    
    295.0830    
    319.4713    
    375.9460    
    416.1291    
    445.1696    
    466.5594    
    479.2547    
    487.5938    
    477.3055    
    415.6104    
    328.0875    
    282.3212    
    270.4476    
    260.2753    
    238.2600    
    205.9523    
    161.8412    
    96.20950    
    56.07588    
    49.23134    
    44.84491    
    41.16949    
    36.85784    
    32.65403    
    28.52491    
    24.75293    
    23.09006    
    22.83934    
    22.67015    
    22.48089    
    22.32046    
    23.22109    
    25.26089    
    27.08396    
    27.79942    
    27.95502    
    28.20284    
    28.33130    
    28.71359    

    33.06757    
    99.77090    
    251.8585    
    356.9261    
    313.6714    
    304.1513    
    392.4492    
    408.1458    
    280.0721    
    126.4098    
    62.99081    
    57.69550    
    56.96358    
    57.22575    
    64.82593    
    114.1134    
    235.0649    
    358.5267    
    391.8918    
    386.1671    
    407.2145    
    436.7693    
    486.2722    
    540.0522    
    545.9954    
    484.5522    
    428.1518    
    439.2323    
    419.6747    
    339.7474    
    321.5992    
    375.7758    
    414.9128    
    440.4580    
    470.1152    
    500.3383    
    546.4139    
    581.1705    
    535.1467    
    423.0934    
    361.5483    
    360.0299    
    338.5674    
    300.6122    
    254.6030    
    201.2575    
    149.1528    
    91.08154    
    58.81040    
    52.58197    
    46.48872    
    41.47276    
    36.93276    
    32.64813    
    28.28621    
    24.04785    
    21.99449    
    21.63791    
    21.45112    
    21.31655    
    21.16738    
    21.77323    
    23.69849    
    26.00485    
    27.66147    
    28.54723    
    28.64504    
    28.42923    
    28.73082    

    53.78253    
    153.5966    
    322.5546    
    416.6323    
    383.3862    
    383.5449    
    427.3623    
    366.3327    
    212.3002    
    98.76849    
    64.16585    
    60.23383    
    59.77698    
    61.23273    
    71.70586    
    115.8374    
    242.8688    
    393.7147    
    416.6250    
    361.1377    
    373.6985    
    464.7557    
    564.8050    
    587.7299    
    531.8610    
    480.7545    
    479.3345    
    463.0973    
    386.2043    
    343.4385    
    374.6067    
    419.7415    
    450.8918    
    464.4136    
    485.5020    
    507.2936    
    500.0577    
    486.1639    
    456.4142    
    410.7929    
    389.8353    
    366.0931    
    313.0559    
    255.9019    
    208.0777    
    168.2373    
    125.0937    
    82.44128    
    62.35099    
    56.36954    
    47.99422    
    40.67838    
    35.74028    
    31.73717    
    28.39290    
    24.36184    
    20.72832    
    19.65510    
    19.92312    
    20.15989    
    20.49931    
    21.42234    
    23.04734    
    24.92427    
    26.90672    
    28.55501    
    29.14983    
    29.22027    
    29.51917    

    77.42255    
    212.6076    
    370.4699    
    424.8051    
    392.4741    
    366.9251    
    336.4509    
    234.9148    
    127.3068    
    82.91559    
    68.10005    
    62.24579    
    62.13042    
    64.72034    
    80.48969    
    135.3002    
    255.6832    
    371.1013    
    384.4656    
    353.7374    
    390.6626    
    521.9813    
    633.2374    
    622.5156    
    552.9808    
    510.8312    
    479.7656    
    406.5020    
    348.0574    
    373.7339    
    429.5823    
    464.5136    
    493.0359    
    506.1206    
    513.8681    
    498.3753    
    426.8513    
    380.3936    
    390.8800    
    380.1956    
    320.4917    
    267.8239    
    237.1750    
    197.9868    
    167.0443    
    143.1792    
    106.6403    
    79.60464    
    69.48293    
    60.08564    
    48.30666    
    39.58118    
    34.61427    
    30.88174    
    28.14938    
    24.52495    
    20.14963    
    18.62493    
    19.37329    
    20.15212    
    21.01598    
    22.22695    
    23.72660    
    25.15643    
    26.52669    
    27.98946    
    29.18270    
    29.78144    
    30.01948    

    86.36231    
    234.1808    
    374.9287    
    400.6882    
    351.0585    
    270.8238    
    200.2755    
    135.9758    
    95.90181    
    87.68379    
    73.35817    
    64.87248    
    65.39781    
    67.80762    
    92.27383    
    170.4430    
    266.5388    
    319.6371    
    376.9047    
    419.4886    
    428.4532    
    514.9075    
    614.4066    
    637.3086    
    617.3160    
    555.1077    
    457.5066    
    376.3927    
    360.2150    
    398.1115    
    462.0100    
    508.5684    
    517.8141    
    529.7941    
    552.2364    
    529.0235    
    457.9167    
    414.4920    
    385.8361    
    317.0845    
    260.6975    
    255.6914    
    254.3341    
    232.3882    
    204.6675    
    161.9344    
    111.4244    
    87.56052    
    78.36043    
    64.70007    
    51.87920    
    42.58749    
    36.18647    
    31.55413    
    28.43369    
    25.53019    
    22.01981    
    19.67089    
    19.74092    
    20.76752    
    21.81650    
    22.95720    
    24.11068    
    25.10402    
    25.97021    
    27.02745    
    28.50140    
    29.87503    
    30.14532    

    83.99842    
    222.8558    
    362.8091    
    375.0668    
    294.9445    
    199.3091    
    132.1648    
    100.8060    
    97.02374    
    95.64540    
    79.37915    
    69.89304    
    69.46945    
    72.35468    
    101.9762    
    184.4538    
    279.2153    
    361.2317    
    464.5344    
    505.1466    
    449.6158    
    480.7770    
    603.0585    
    659.1105    
    654.7637    
    595.6136    
    488.7283    
    432.1649    
    419.2841    
    417.6549    
    466.3770    
    514.9638    
    494.1693    
    485.9906    
    540.9900    
    554.4548    
    488.4396    
    414.5546    
    339.7022    
    284.9116    
    315.5628    
    354.4275    
    331.7541    
    295.4822    
    249.6083    
    180.3485    
    126.9165    
    105.8056    
    86.90701    
    69.83472    
    61.40372    
    50.83110    
    40.32131    
    33.79437    
    29.92054    
    27.28528    
    24.36378    
    21.20196    
    20.03991    
    20.69327    
    21.64438    
    22.54358    
    23.19312    
    23.75474    
    24.46762    
    25.27097    
    26.80082    
    28.36911    
    27.95254    

    98.31745    
    220.6417    
    371.3740    
    401.0711    
    298.9938    
    195.6769    
    136.1298    
    106.6515    
    113.9782    
    126.2322    
    105.8731    
    79.48926    
    73.33694    
    78.13667    
    106.6563    
    170.5571    
    284.1236    
    461.5812    
    599.3567    
    598.9479    
    507.9264    
    508.3696    
    619.9124    
    654.4433    
    636.9076    
    601.9212    
    526.9568    
    484.8024    
    475.1890    
    471.6481    
    488.2892    
    502.4509    
    465.9919    
    434.7615    
    490.7278    
    552.2404    
    493.9347    
    366.5879    
    287.8218    
    316.9097    
    409.8262    
    430.2249    
    376.6573    
    327.4115    
    268.1115    
    189.0169    
    137.6637    
    122.6423    
    100.7741    
    79.26343    
    71.67238    
    58.13923    
    43.27723    
    35.99720    
    32.05526    
    29.06239    
    26.13912    
    22.75062    
    20.31087    
    19.99739    
    20.79575    
    21.46986    
    21.79086    
    21.96991    
    22.08946    
    22.37559    
    23.41300    
    23.92397    
    22.98126    

    136.1311    
    251.0861    
    400.8426    
    431.0205    
    312.3032    
    208.1751    
    174.2629    
    148.9338    
    148.2983    
    166.2104    
    135.1079    
    88.30960    
    76.76538    
    82.71634    
    113.2068    
    170.7043    
    283.7441    
    499.8853    
    682.6508    
    700.1134    
    587.1812    
    517.8710    
    567.7324    
    609.8540    
    627.9556    
    607.9197    
    553.6437    
    509.6583    
    481.3986    
    492.1777    
    507.7933    
    496.4397    
    461.1874    
    416.0129    
    425.1374    
    492.7897    
    494.1125    
    386.5210    
    313.0933    
    380.7556    
    468.4741    
    446.9310    
    386.2502    
    339.0451    
    272.5252    
    196.7242    
    141.3492    
    118.1828    
    103.5904    
    88.68528    
    79.56168    
    62.11919    
    45.12812    
    38.38729    
    34.42913    
    30.79575    
    27.67272    
    24.22658    
    20.94138    
    19.51719    
    19.90447    
    20.39602    
    20.36586    
    20.11736    
    19.79915    
    19.74093    
    20.07763    
    20.34678    
    20.88489    

