   0.0000000    
   0.0000000    
   0.0000000    
   0.0000000    
   0.0000000    
   0.0000000    
   0.0000000    
   0.0000000    
   0.0000000    
   5.6562502E-02
   5.6562502E-02
    20.65998    
    66.32941    
    88.65981    
    143.8686    
    196.3130    
    112.2467    
    16.81189    
    16.53505    
    88.08707    
    223.4243    
    458.9900    
    753.9922    
    902.6699    
    869.1584    
    902.9885    
    1091.962    
    1124.295    
    916.9955    
    760.5200    
    745.0194    
    761.6243    
    777.4745    
    819.7764    
    842.3099    
    824.0308    
    874.4683    
    1009.252    
    1084.908    
    1102.041    
    1143.269    
    1169.777    

   0.0000000    
   0.0000000    
   0.0000000    
   0.0000000    
   0.0000000    
   0.0000000    
   0.0000000    
   0.0000000    
   0.0000000    
   5.6563418E-02
    1.881035    
    44.18074    
    115.0082    
    124.5486    
    114.4288    
    100.0065    
    37.47441    
   0.0000000    
    84.98302    
    303.6615    
    556.8279    
    935.3392    
    1316.618    
    1389.266    
    1263.985    
    1213.207    
    1233.551    
    1077.209    
    868.3920    
    814.4677    
    810.7782    
    785.7643    
    767.1256    
    799.6901    
    860.3368    
    906.0151    
    988.3323    
    1126.814    
    1212.178    
    1183.149    
    1153.049    
    1199.104    

   0.0000000    
   0.0000000    
   0.0000000    
   0.0000000    
   0.0000000    
   0.0000000    
   0.0000000    
   0.0000000    
   0.0000000    
   0.0000000    
    11.10675    
    42.83926    
    63.89159    
    50.90974    
    26.07280    
    7.322142    
   0.0000000    
    54.61905    
    332.9604    
    756.9048    
    1085.895    
    1409.727    
    1677.895    
    1727.343    
    1576.794    
    1371.747    
    1280.295    
    1230.026    
    1173.404    
    1112.241    
    1023.181    
    904.3518    
    804.7996    
    826.5405    
    933.4197    
    1012.834    
    1065.457    
    1123.164    
    1173.588    
    1158.530    
    1141.408    
    1207.481    

   0.0000000    
   0.0000000    
   0.0000000    
   0.0000000    
   0.0000000    
   0.0000000    
   0.0000000    
   0.0000000    
   0.0000000    
   0.0000000    
    13.44791    
    26.39402    
    12.94610    
   0.0000000    
   0.0000000    
    6.162036    
    84.67129    
    313.1409    
    731.6114    
    1185.856    
    1486.111    
    1689.295    
    1843.479    
    1931.813    
    1778.482    
    1438.632    
    1351.777    
    1545.648    
    1648.503    
    1537.438    
    1396.796    
    1195.376    
    929.8030    
    865.7246    
    1004.502    
    1131.656    
    1145.328    
    1026.593    
    951.0927    
    1035.052    
    1127.706    
    1150.011    

   0.0000000    
   0.0000000    
   0.0000000    
   0.0000000    
   0.0000000    
   0.0000000    
   0.0000000    
   0.0000000    
   0.0000000    
   5.7448268E-02
    4.223080    
    8.124006    
    3.958374    
   0.0000000    
    33.66213    
    157.2706    
    379.6914    
    670.7618    
    1042.234    
    1393.794    
    1528.183    
    1608.890    
    1868.452    
    2008.844    
    1665.189    
    1148.973    
    1092.810    
    1503.930    
    1772.283    
    1681.549    
    1584.217    
    1473.190    
    1190.054    
    1005.248    
    1058.414    
    1130.199    
    1082.487    
    922.9893    
    786.2843    
    890.2738    
    1093.997    
    1111.164    

   0.0000000    
   0.0000000    
   0.0000000    
   0.0000000    
   0.0000000    
   0.0000000    
   0.0000000    
   0.0000000    
   0.0000000    
   5.7448268E-02
   8.6455032E-02
   2.9007681E-02
    12.76450    
    61.64726    
    180.3957    
    391.8734    
    621.6450    
    904.9697    
    1301.318    
    1538.889    
    1442.758    
    1380.262    
    1571.542    
    1541.065    
    1055.532    
    556.2483    
    544.5382    
    1046.920    
    1464.088    
    1493.453    
    1552.667    
    1673.530    
    1531.774    
    1305.084    
    1192.005    
    1069.257    
    910.2000    
    849.3604    
    855.8801    
    895.2930    
    1091.970    
    1323.641    

   0.0000000    
   0.0000000    
   0.0000000    
   0.0000000    
   0.0000000    
   0.0000000    
   0.0000000    
   0.0000000    
   0.0000000    
   0.0000000    
   2.9007681E-02
    3.966898    
    70.71787    
    214.6133    
    343.9159    
    425.9955    
    598.2686    
    1004.099    
    1420.093    
    1472.410    
    1253.339    
    1142.631    
    1060.888    
    758.0487    
    398.7744    
    181.1746    
    203.4481    
    549.0824    
    1027.326    
    1360.814    
    1687.114    
    1933.890    
    1829.352    
    1659.684    
    1530.660    
    1215.088    
    833.1761    
    824.7546    
    1157.935    
    1235.945    
    1147.868    
    1487.975    

   0.0000000    
   0.0000000    
   0.0000000    
   0.0000000    
   0.0000000    
   0.0000000    
   0.0000000    
   0.0000000    
   0.0000000    
   0.0000000    
   0.0000000    
    27.60312    
    150.9073    
    302.5727    
    361.8794    
    372.9562    
    544.0829    
    961.1191    
    1284.077    
    1238.873    
    1056.270    
    946.4728    
    697.8475    
    325.5373    
    131.0054    
    101.2514    
    125.5956    
    309.5939    
    818.4699    
    1403.668    
    1771.896    
    1870.022    
    1758.681    
    1770.419    
    1855.442    
    1564.153    
    1009.420    
    943.7410    
    1445.459    
    1651.836    
    1266.851    
    1326.487    

   0.0000000    
   0.0000000    
   0.0000000    
   0.0000000    
   0.0000000    
   0.0000000    
   0.0000000    
   0.0000000    
   0.0000000    
   0.0000000    
   0.0000000    
    38.36654    
    140.9879    
    233.8313    
    288.7382    
    366.6124    
    535.7960    
    869.4817    
    1128.660    
    1093.229    
    1003.061    
    878.2133    
    584.1956    
    278.1801    
    124.2564    
    107.0379    
    147.7886    
    314.3955    
    768.7101    
    1329.173    
    1621.615    
    1598.362    
    1585.642    
    1797.597    
    2024.878    
    1907.000    
    1421.815    
    1246.215    
    1599.749    
    1887.842    
    1512.118    
    1166.233    

   0.0000000    
   0.0000000    
   0.0000000    
   0.0000000    
   0.0000000    
   0.0000000    
   0.0000000    
   0.0000000    
   0.0000000    
   0.0000000    
   0.2239542    
    14.92526    
    56.19151    
    140.8166    
    226.2774    
    322.5498    
    513.4164    
    791.5945    
    987.4871    
    969.0941    
    936.0408    
    842.8458    
    551.2344    
    281.1122    
    138.9982    
    115.2674    
    182.8281    
    337.8503    
    663.2040    
    1130.268    
    1550.932    
    1723.730    
    1873.273    
    2147.635    
    2265.614    
    2178.901    
    1842.326    
    1605.777    
    1779.001    
    1984.995    
    1651.733    
    1174.149    

   0.0000000    
   0.0000000    
   0.0000000    
   0.0000000    
   0.0000000    
   0.0000000    
   0.0000000    
   0.0000000    
   0.0000000    
   0.0000000    
   0.2239839    
   0.2239839    
    18.35685    
    101.6072    
    181.2537    
    263.6002    
    463.1886    
    704.0132    
    856.7126    
    844.2298    
    850.4308    
    816.9734    
    491.7923    
    199.2893    
    114.3848    
    114.7198    
    185.7958    
    297.1838    
    514.2241    
    887.1150    
    1412.518    
    1858.927    
    2159.361    
    2468.158    
    2522.919    
    2406.776    
    2119.451    
    1824.758    
    1933.762    
    1975.399    
    1558.141    
    1230.708    

   0.0000000    
   0.0000000    
   0.0000000    
   0.0000000    
   0.0000000    
   0.0000000    
   0.0000000    
   0.0000000    
   0.0000000    
   0.0000000    
   0.0000000    
   0.0000000    
    13.91328    
    52.30844    
    113.0941    
    233.1204    
    439.9230    
    695.0225    
    834.2443    
    797.4147    
    831.8000    
    767.0289    
    387.8213    
    121.0147    
    90.14540    
    103.0383    
    149.5316    
    216.2194    
    338.2850    
    590.6218    
    1101.105    
    1729.120    
    2172.061    
    2462.696    
    2579.611    
    2626.100    
    2379.655    
    1882.977    
    1816.596    
    1859.328    
    1605.694    
    1493.027    

   0.0000000    
   0.0000000    
   0.0000000    
   0.0000000    
   0.0000000    
   0.0000000    
   0.0000000    
   0.0000000    
   0.0000000    
   0.0000000    
   0.0000000    
   0.1450006    
    3.858997    
    15.15214    
    79.64016    
    260.6367    
    513.3745    
    752.5440    
    831.0229    
    774.2205    
    794.1110    
    656.9633    
    299.9586    
    105.0008    
    82.63554    
    85.05048    
    106.7925    
    145.8423    
    206.0159    
    363.9600    
    802.2830    
    1524.136    
    2124.771    
    2364.281    
    2529.634    
    2805.776    
    2725.041    
    2049.994    
    1618.000    
    1798.123    
    1917.085    
    1851.340    

   0.0000000    
   0.0000000    
   0.0000000    
   0.0000000    
   0.0000000    
   0.0000000    
   0.0000000    
   0.0000000    
   0.0000000    
   0.0000000    
   0.0000000    
   0.1450006    
    2.117027    
    53.39490    
    170.7304    
    354.1930    
    580.9368    
    729.7706    
    731.8474    
    693.7755    
    681.2524    
    510.9350    
    242.0146    
    108.9683    
    77.36272    
    71.78315    
    82.18037    
    106.6340    
    144.8378    
    236.2002    
    534.1101    
    1188.801    
    1962.685    
    2441.865    
    2706.590    
    2980.607    
    3059.943    
    2414.142    
    1695.825    
    1904.335    
    2054.101    
    1743.193    

   0.0000000    
   0.0000000    
   0.0000000    
   0.0000000    
   0.0000000    
   0.0000000    
   0.0000000    
   0.0000000    
   0.0000000    
   0.0000000    
   0.0000000    
   0.0000000    
    5.046977    
    80.42165    
    247.4866    
    420.5613    
    546.9991    
    598.4659    
    590.9465    
    614.2581    
    600.5981    
    417.2520    
    203.9975    
    103.3071    
    70.52098    
    64.28308    
    72.71901    
    88.79259    
    110.7296    
    173.7878    
    402.1765    
    982.5381    
    1882.815    
    2698.572    
    3085.054    
    3243.392    
    3373.460    
    2753.902    
    1948.793    
    2048.393    
    1846.244    
    1357.175    

   0.0000000    
   0.0000000    
   0.0000000    
   0.0000000    
   0.0000000    
   0.0000000    
   0.0000000    
   0.0000000    
   0.0000000    
   0.0000000    
   0.0000000    
   8.7793425E-02
    3.162744    
    39.07127    
    201.3861    
    406.9070    
    467.1441    
    454.2067    
    488.9818    
    576.7770    
    599.4383    
    439.9280    
    223.4688    
    104.0152    
    64.44673    
    57.32593    
    66.11877    
    77.63438    
    88.43384    
    141.9456    
    374.6430    
    919.8394    
    1750.429    
    2636.887    
    3226.521    
    3515.356    
    3630.540    
    2914.816    
    2083.441    
    2083.588    
    1694.698    
    1310.895    

   0.0000000    
   0.0000000    
   0.0000000    
   0.0000000    
   0.0000000    
   0.0000000    
   0.0000000    
   0.0000000    
   0.0000000    
   0.0000000    
   0.0000000    
   8.7793425E-02
   8.7793425E-02
    25.13361    
    200.0607    
    425.5560    
    437.0783    
    376.0459    
    444.6976    
    574.8273    
    650.0869    
    542.5400    
    299.7604    
    130.9025    
    67.29240    
    52.60728    
    61.29215    
    71.36012    
    81.10601    
    119.9717    
    303.7387    
    714.6241    
    1354.183    
    2217.367    
    3069.316    
    3602.042    
    3731.196    
    2980.735    
    2066.310    
    2078.314    
    1937.604    
    1601.693    

   0.0000000    
   0.0000000    
   0.0000000    
   0.0000000    
   0.0000000    
   0.0000000    
   0.0000000    
   0.0000000    
   0.0000000    
   0.0000000    
   0.0000000    
   5.9873443E-02
   5.9873443E-02
    80.16617    
    325.0294    
    513.5815    
    451.1832    
    370.4093    
    466.5491    
    655.9036    
    779.3856    
    652.0710    
    354.7779    
    152.8253    
    72.75839    
    54.14455    
    61.22771    
    69.47285    
    78.88036    
    110.3805    
    260.9648    
    588.5172    
    1158.125    
    2044.929    
    2882.405    
    3341.972    
    3583.928    
    3112.490    
    2200.379    
    2194.897    
    2378.601    
    1955.987    

   0.0000000    
   0.0000000    
   0.0000000    
   0.0000000    
   0.0000000    
   0.0000000    
   0.0000000    
   0.0000000    
   0.0000000    
   0.0000000    
   0.0000000    
   5.9873443E-02
    3.164802    
    165.5040    
    463.6961    
    544.0840    
    423.7903    
    389.5305    
    533.4977    
    766.2557    
    836.1650    
    600.0865    
    298.8769    
    140.1809    
    75.89766    
    59.68371    
    62.42446    
    69.29350    
    77.68115    
    109.7401    
    276.0447    
    649.1701    
    1279.733    
    2083.512    
    2670.401    
    3004.326    
    3382.433    
    3336.518    
    2600.775    
    2310.430    
    2537.363    
    2196.718    

   0.0000000    
   0.0000000    
   0.0000000    
   0.0000000    
   0.0000000    
   0.0000000    
   0.0000000    
   0.0000000    
   0.0000000    
   0.0000000    
   0.0000000    
   0.0000000    
    38.92083    
    277.2179    
    539.3262    
    517.9831    
    405.5234    
    411.0156    
    591.4260    
    819.9351    
    770.3411    
    474.8717    
    242.7068    
    133.5019    
    80.40624    
    64.31947    
    62.96547    
    71.66979    
    81.69698    
    114.1356    
    291.5760    
    715.9171    
    1348.198    
    1982.988    
    2479.594    
    2925.970    
    3359.732    
    3540.665    
    2948.627    
    2243.379    
    2320.335    
    2254.020    

   0.0000000    
   0.0000000    
   0.0000000    
   0.0000000    
   0.0000000    
   0.0000000    
   0.0000000    
   0.0000000    
   0.0000000    
   0.0000000    
   0.0000000    
   0.0000000    
    113.1100    
    420.6749    
    583.7728    
    512.3594    
    447.9472    
    422.0103    
    592.3468    
    844.0165    
    825.2933    
    604.9762    
    358.5801    
    158.1476    
    75.73111    
    64.65418    
    63.75859    
    74.68227    
    85.40843    
    131.0308    
    318.5290    
    708.1237    
    1251.475    
    1874.342    
    2488.237    
    3006.658    
    3431.791    
    3669.736    
    3129.084    
    2236.235    
    2187.182    
    2332.314    

   0.0000000    
   0.0000000    
   0.0000000    
   0.0000000    
   0.0000000    
   0.0000000    
   0.0000000    
   0.0000000    
   0.0000000    
   0.0000000    
   0.0000000    
   0.0000000    
    170.1674    
    539.8329    
    651.8326    
    534.5542    
    462.3242    
    403.1516    
    578.9542    
    910.7748    
    1049.459    
    893.2311    
    501.2173    
    166.4900    
    65.96101    
    62.54517    
    65.51196    
    76.58793    
    87.48754    
    155.8975    
    353.4267    
    666.9296    
    1183.716    
    1934.542    
    2622.465    
    3112.587    
    3534.303    
    3692.211    
    3091.857    
    2238.867    
    2246.475    
    2606.837    

   0.0000000    
   0.0000000    
   0.0000000    
   0.0000000    
   0.0000000    
   0.0000000    
   0.0000000    
   0.0000000    
   0.0000000    
   0.0000000    
   0.0000000    
   0.0000000    
    195.4637    
    636.5500    
    823.7034    
    657.4008    
    450.2487    
    377.5010    
    613.2701    
    1005.172    
    1193.711    
    973.7639    
    487.7526    
    145.0113    
    60.26859    
    61.37619    
    69.43636    
    78.73309    
    95.63004    
    176.9504    
    406.4887    
    778.1915    
    1346.655    
    2106.234    
    2729.999    
    3146.537    
    3545.312    
    3587.907    
    2842.222    
    1969.831    
    2136.286    
    2867.314    

   0.0000000    
   0.0000000    
   0.0000000    
   0.0000000    
   0.0000000    
   0.0000000    
   0.0000000    
   0.0000000    
   0.0000000    
   0.0000000    
   6.6860504E-02
   6.6860504E-02
    218.3158    
    742.4172    
    1023.143    
    798.2018    
    444.3352    
    367.3754    
    651.8167    
    1003.374    
    1081.575    
    796.3030    
    383.6537    
    123.5252    
    55.53344    
    60.38295    
    72.40578    
    82.59098    
    109.3546    
    207.6182    
    475.1360    
    930.3865    
    1532.094    
    2234.991    
    2760.107    
    3062.518    
    3436.921    
    3543.533    
    2833.294    
    1864.688    
    2001.233    
    2976.760    

   0.0000000    
   0.0000000    
   0.0000000    
   0.0000000    
   0.0000000    
   0.0000000    
   0.0000000    
   0.0000000    
   0.0000000    
   0.0000000    
   6.6860504E-02
   6.6860504E-02
    242.9353    
    819.6778    
    1114.639    
    821.1258    
    426.8346    
    395.1935    
    681.7518    
    922.6605    
    870.0076    
    586.4102    
    278.4539    
    98.69033    
    55.55149    
    58.95608    
    72.62424    
    88.32476    
    133.4436    
    272.7771    
    539.1042    
    957.0131    
    1544.823    
    2192.076    
    2634.267    
    2907.256    
    3320.397    
    3544.770    
    3017.990    
    2135.869    
    2117.413    
    2995.354    

   0.0000000    
   0.0000000    
   0.0000000    
   0.0000000    
   0.0000000    
   0.0000000    
   0.0000000    
   0.0000000    
   0.0000000    
   0.0000000    
   0.0000000    
    10.44709    
    305.3811    
    887.2386    
    1138.112    
    817.3616    
    445.2482    
    481.6918    
    737.9269    
    887.7043    
    786.7703    
    502.9109    
    222.3879    
    77.64731    
    54.25306    
    57.04438    
    72.80755    
    95.10545    
    171.8158    
    358.2288    
    623.0123    
    1048.926    
    1634.006    
    2085.626    
    2354.119    
    2698.341    
    3179.603    
    3318.172    
    2894.201    
    2404.021    
    2344.547    
    2876.384    

   0.0000000    
   0.0000000    
   0.0000000    
   0.0000000    
   0.0000000    
   0.0000000    
   0.0000000    
   0.0000000    
   0.0000000    
   0.0000000    
   0.0000000    
    39.18878    
    389.6434    
    880.0484    
    1011.587    
    753.9575    
    492.2111    
    575.4554    
    753.6023    
    866.2997    
    815.7684    
    506.2057    
    202.7658    
    68.62357    
    48.59032    
    56.78420    
    73.04035    
    104.9692    
    205.5976    
    402.8212    
    692.3055    
    1196.056    
    1827.488    
    2195.650    
    2346.637    
    2658.800    
    3038.226    
    2972.431    
    2668.184    
    2575.905    
    2464.783    
    2585.919    

   0.0000000    
   0.0000000    
   0.0000000    
   0.0000000    
   0.0000000    
   0.0000000    
   0.0000000    
   0.0000000    
   0.0000000    
   0.0000000    
   0.0000000    
    37.45744    
    339.1331    
    690.8819    
    709.7513    
    551.4388    
    498.3829    
    607.8639    
    674.4016    
    777.0725    
    769.9005    
    459.8258    
    172.5662    
    59.81507    
    45.03186    
    56.66882    
    70.45245    
    112.4442    
    239.7542    
    440.1915    
    754.4231    
    1300.646    
    1958.299    
    2477.296    
    2782.650    
    3022.185    
    3109.985    
    2838.672    
    2647.802    
    2633.913    
    2428.414    
    2338.690    

   0.0000000    
   0.0000000    
   0.0000000    
   0.0000000    
   0.0000000    
   0.0000000    
   0.0000000    
   0.0000000    
   0.0000000    
   0.0000000    
   4.8141114E-02
    8.763890    
    163.3813    
    376.7019    
    373.4453    
    304.4507    
    429.0058    
    537.7181    
    546.3556    
    682.4160    
    644.1470    
    337.9296    
    118.9542    
    45.00249    
    40.21669    
    51.91112    
    66.18677    
    117.0743    
    291.4656    
    550.7540    
    887.4959    
    1392.353    
    1970.510    
    2526.865    
    2998.610    
    3337.365    
    3322.020    
    2877.638    
    2555.842    
    2465.108    
    2359.573    
    2301.353    

   0.0000000    
   0.0000000    
   0.0000000    
   0.0000000    
   0.0000000    
   0.0000000    
   0.0000000    
   0.0000000    
   0.0000000    
   0.0000000    
   7.1932778E-02
   7.1932778E-02
    38.73161    
    113.0941    
    115.5257    
    122.2085    
    286.6767    
    372.9326    
    403.8387    
    587.2523    
    553.9577    
    268.5206    
    80.34345    
    29.93141    
    34.57232    
    48.53410    
    72.48883    
    135.4970    
    342.8087    
    664.5775    
    975.5857    
    1369.556    
    1889.865    
    2394.022    
    2833.475    
    3241.479    
    3378.664    
    2945.583    
    2373.686    
    2206.132    
    2298.952    
    2351.491    

   0.0000000    
   0.0000000    
   0.0000000    
   0.0000000    
   0.0000000    
   0.0000000    
   0.0000000    
   0.0000000    
   0.0000000    
   0.0000000    
   2.3791661E-02
   0.1240072    
    3.111591    
    10.74382    
    10.88244    
    52.15307    
    183.2458    
    275.1956    
    354.3602    
    512.4780    
    512.3205    
    289.6702    
    86.85416    
    24.05852    
    33.65767    
    51.02982    
    81.09767    
    150.2740    
    355.9146    
    678.2224    
    960.9806    
    1292.787    
    1813.584    
    2345.074    
    2717.725    
    3049.621    
    3310.331    
    3045.129    
    2445.260    
    2244.829    
    2354.327    
    2428.597    

   0.0000000    
   0.0000000    
   0.0000000    
   0.0000000    
   0.0000000    
   0.0000000    
   0.0000000    
   0.0000000    
   0.0000000    
   0.0000000    
   0.0000000    
   0.1058362    
   0.2115251    
   0.1056890    
    3.576317    
    93.68842    
    255.3325    
    355.8665    
    455.7168    
    570.3389    
    550.2524    
    352.5056    
    122.9485    
    28.10510    
    34.35884    
    53.74944    
    74.59105    
    136.3268    
    330.1509    
    651.7532    
    972.8639    
    1271.883    
    1683.628    
    2188.944    
    2614.961    
    2972.663    
    3231.248    
    3022.579    
    2585.565    
    2499.617    
    2491.100    
    2466.225    

   0.0000000    
   0.0000000    
   0.0000000    
   0.0000000    
   0.0000000    
   0.0000000    
   0.0000000    
   0.0000000    
   0.0000000    
   0.0000000    
   0.0000000    
   2.6129149E-02
   0.1318181    
    19.91179    
    66.83546    
    246.5768    
    448.2118    
    477.2777    
    576.2579    
    722.3099    
    674.3036    
    453.0726    
    188.1648    
    43.93086    
    29.67918    
    50.41298    
    68.07533    
    132.8576    
    325.4018    
    639.3388    
    974.4004    
    1276.202    
    1616.539    
    2055.126    
    2546.533    
    2978.603    
    3156.738    
    2897.454    
    2577.561    
    2527.276    
    2393.869    
    2387.163    

   0.0000000    
   0.0000000    
   0.0000000    
   0.0000000    
   0.0000000    
   0.0000000    
   0.0000000    
   0.0000000    
   0.0000000    
   0.0000000    
   0.0000000    
   2.0508513E-02
   2.0508513E-02
    85.51841    
    249.6927    
    451.8633    
    546.5463    
    483.3723    
    635.9958    
    868.5896    
    836.5818    
    591.0689    
    266.9077    
    60.31168    
    22.16963    
    43.46808    
    75.42710    
    166.0755    
    346.6418    
    604.6771    
    947.2245    
    1342.438    
    1739.045    
    2171.021    
    2636.306    
    3017.923    
    3100.437    
    2898.286    
    2729.862    
    2577.943    
    2289.914    
    2296.049    

   0.0000000    
   0.0000000    
   0.0000000    
   0.0000000    
   0.0000000    
   0.0000000    
   0.0000000    
   0.0000000    
   0.0000000    
   0.0000000    
   0.0000000    
   0.0000000    
    7.059908    
    159.2962    
    440.0408    
    580.5408    
    451.2289    
    352.6131    
    635.0733    
    948.0182    
    939.0713    
    660.8944    
    275.2398    
    50.48200    
    20.62387    
    40.67679    
    94.43333    
    225.1370    
    383.7783    
    584.0383    
    930.2473    
    1353.016    
    1757.143    
    2196.955    
    2629.188    
    2962.952    
    3044.354    
    2919.580    
    2855.657    
    2721.593    
    2405.358    
    2217.524    

   0.0000000    
   0.0000000    
   0.0000000    
   0.0000000    
   0.0000000    
   0.0000000    
   0.0000000    
   0.0000000    
   0.0000000    
   0.0000000    
   0.0000000    
   0.0000000    
    14.96937    
    160.5137    
    456.5060    
    554.5071    
    289.6428    
    199.5789    
    566.7466    
    898.5164    
    872.7612    
    552.3253    
    181.1124    
    22.05849    
    21.81592    
    38.36958    
    110.1370    
    290.6685    
    455.0521    
    600.0549    
    897.1533    
    1284.917    
    1664.823    
    2058.767    
    2431.912    
    2780.996    
    2946.975    
    2765.757    
    2553.472    
    2483.268    
    2325.820    
    2058.210    

   0.0000000    
   0.0000000    
   0.0000000    
   0.0000000    
   0.0000000    
   0.0000000    
   0.0000000    
   0.0000000    
   0.0000000    
   0.0000000    
   0.0000000    
   0.0000000    
    7.909459    
    98.94530    
    343.9476    
    436.5356    
    187.1276    
    125.3461    
    426.4879    
    651.8744    
    608.1357    
    343.5600    
    83.59558    
    6.565489    
    18.22480    
    33.66469    
    105.4110    
    304.2338    
    497.0452    
    622.0298    
    894.0245    
    1300.211    
    1698.785    
    2045.134    
    2335.219    
    2648.391    
    2796.226    
    2542.219    
    2229.590    
    2102.463    
    1960.287    
    1786.906    

   0.0000000    
   0.0000000    
   0.0000000    
   0.0000000    
   0.0000000    
   0.0000000    
   0.0000000    
   0.0000000    
   0.0000000    
   0.0000000    
   0.0000000    
   4.8290204E-02
   4.8290204E-02
    57.29160    
    248.8300    
    317.3662    
    125.8278    
    110.1961    
    298.0725    
    383.5952    
    354.4102    
    194.4497    
    35.75816    
    3.708482    
    12.84966    
    30.64606    
    85.64714    
    243.3430    
    441.9005    
    606.0911    
    883.2316    
    1286.247    
    1699.122    
    2091.227    
    2409.404    
    2637.769    
    2643.855    
    2386.312    
    2225.052    
    2090.167    
    1795.060    
    1611.131    

   0.0000000    
   0.0000000    
   0.0000000    
   0.0000000    
   0.0000000    
   0.0000000    
   0.0000000    
   0.0000000    
   0.0000000    
   0.0000000    
   0.0000000    
   4.8290204E-02
   4.8290204E-02
    45.46110    
    188.3272    
    223.4802    
    83.02357    
    115.0985    
    286.5651    
    368.3060    
    334.6548    
    154.5778    
    14.35293    
    2.271628    
    9.687864    
    28.02461    
    66.45743    
    165.2330    
    336.3068    
    551.3810    
    838.5825    
    1194.537    
    1603.229    
    2054.452    
    2445.582    
    2667.925    
    2607.706    
    2300.607    
    2168.694    
    2193.587    
    1985.693    
    1688.979    

   0.0000000    
   0.0000000    
   0.0000000    
   0.0000000    
   0.0000000    
   0.0000000    
   0.0000000    
   0.0000000    
   0.0000000    
   0.0000000    
   0.0000000    
   0.0000000    
   0.0000000    
    28.61329    
    125.8089    
    155.3225    
    80.91008    
    149.0551    
    320.2901    
    412.8051    
    346.8084    
    133.5736    
    5.990016    
    1.739833    
    7.270854    
    22.85016    
    52.45788    
    116.7955    
    259.4420    
    497.2498    
    794.3799    
    1133.583    
    1538.619    
    1946.212    
    2317.237    
    2600.706    
    2654.210    
    2329.325    
    1942.449    
    2034.319    
    2174.234    
    1897.576    

   0.0000000    
   0.0000000    
   0.0000000    
   0.0000000    
   0.0000000    
   0.0000000    
   0.0000000    
   0.0000000    
   0.0000000    
   0.0000000    
   0.0000000    
   0.0000000    
   0.1585508    
    8.586809    
    52.91259    
    88.40202    
    95.80009    
    188.0843    
    283.5704    
    275.3465    
    204.1509    
    85.67462    
    13.71714    
    4.606324    
    4.395253    
    16.69524    
    40.47663    
    90.55451    
    215.6174    
    436.8649    
    711.1121    
    1036.798    
    1413.656    
    1762.479    
    2145.680    
    2486.022    
    2590.133    
    2358.890    
    1919.405    
    1863.906    
    2097.110    
    1987.467    

   0.0000000    
   0.0000000    
   0.0000000    
   0.0000000    
   0.0000000    
   0.0000000    
   0.0000000    
   0.0000000    
   0.0000000    
   0.0000000    
   0.0000000    
   0.0000000    
   0.2075821    
   0.2075821    
    31.97636    
    96.02908    
    121.1771    
    151.4086    
    185.1547    
    133.5608    
    66.03509    
    39.55201    
    23.39378    
    7.186492    
    2.439700    
    11.89085    
    30.34547    
    76.96579    
    203.3243    
    400.6371    
    623.4152    
    916.4811    
    1275.427    
    1620.599    
    2033.457    
    2388.427    
    2397.505    
    2265.592    
    2100.683    
    1908.704    
    1926.900    
    1912.778    

   0.0000000    
   0.0000000    
   0.0000000    
   0.0000000    
   0.0000000    
   0.0000000    
   0.0000000    
   0.0000000    
   0.0000000    
   0.0000000    
   0.0000000    
   1.8930851E-02
   6.7962214E-02
   4.9031362E-02
    73.06695    
    207.6214    
    194.6298    
    87.14640    
    92.35609    
    124.3465    
    90.26517    
    55.35839    
    29.50085    
    7.100835    
    3.692760    
    8.803900    
    24.84248    
    70.57762    
    197.9816    
    381.5547    
    573.6050    
    861.8727    
    1230.574    
    1557.290    
    1915.389    
    2256.917    
    2271.834    
    2222.161    
    2294.473    
    2135.300    
    1949.499    
    1890.917    

   0.0000000    
   0.0000000    
   0.0000000    
   0.0000000    
   0.0000000    
   0.0000000    
   0.0000000    
   0.0000000    
   0.0000000    
   0.0000000    
   0.0000000    
   1.8930851E-02
   1.8930851E-02
    12.37158    
    110.5103    
    266.0933    
    251.3076    
    93.05887    
    60.56163    
    165.3212    
    254.5948    
    216.7485    
    81.63441    
    10.80172    
    8.564981    
    7.788556    
    20.86771    
    58.74861    
    166.3674    
    339.3705    
    538.8349    
    821.1511    
    1166.336    
    1493.476    
    1836.828    
    2176.929    
    2287.142    
    2268.742    
    2430.153    
    2382.868    
    2006.637    
    1832.870    

   0.0000000    
   0.0000000    
   0.0000000    
   0.0000000    
   0.0000000    
   0.0000000    
   0.0000000    
   0.0000000    
   0.0000000    
   0.0000000    
   0.0000000    
   0.0000000    
   0.0000000    
    29.22483    
    121.5016    
    225.2422    
    239.2614    
    185.7026    
    171.0035    
    254.1812    
    413.5557    
    413.0533    
    192.2264    
    38.67157    
    13.56256    
    9.082919    
    15.41259    
    41.13755    
    130.7943    
    306.7092    
    515.1152    
    762.1758    
    1076.798    
    1447.975    
    1824.466    
    2151.983    
    2304.862    
    2238.946    
    2324.901    
    2355.352    
    1957.035    
    1704.918    

   0.0000000    
   0.0000000    
   0.0000000    
   0.0000000    
   0.0000000    
   0.0000000    
   0.0000000    
   0.0000000    
   0.0000000    
   0.0000000    
   0.0000000    
   1.8930851E-02
   1.8930851E-02
    20.85374    
    86.43642    
    152.9657    
    193.8709    
    273.7958    
    354.6528    
    404.7064    
    482.5093    
    488.1068    
    317.2054    
    103.5084    
    18.61668    
    13.03814    
    11.22569    
    23.55977    
    97.71528    
    284.1010    
    511.6701    
    746.0973    
    1042.821    
    1409.616    
    1797.696    
    2145.259    
    2321.525    
    2231.678    
    2176.791    
    2185.412    
    1921.286    
    1681.021    

   0.0000000    
   0.0000000    
   0.0000000    
   0.0000000    
   0.0000000    
   0.0000000    
   0.0000000    
   0.0000000    
   0.0000000    
   0.0000000    
   0.0000000    
   1.8930851E-02
   1.8930851E-02
    4.000489    
    43.29565    
    110.2155    
    150.9460    
    251.4111    
    420.7155    
    508.1503    
    491.9600    
    473.6937    
    405.4034    
    197.3438    
    44.75333    
    15.58954    
    9.186471    
    14.06965    
    68.00489    
    244.3249    
    502.7907    
    760.9053    
    1035.712    
    1361.052    
    1745.939    
    2127.973    
    2316.714    
    2241.135    
    2159.860    
    2132.635    
    1953.109    
    1773.424    

   0.0000000    
   0.0000000    
   0.0000000    
   0.0000000    
   0.0000000    
   0.0000000    
   0.0000000    
   0.0000000    
   0.0000000    
   0.0000000    
   0.0000000    
   0.0000000    
   5.1011227E-02
   5.1011227E-02
    43.61218    
    137.9174    
    160.1497    
    188.6955    
    392.3102    
    559.1237    
    507.7643    
    464.7472    
    468.0784    
    302.5170    
    92.60445    
    13.69930    
    5.629987    
    9.365199    
    46.97276    
    200.2608    
    469.5309    
    735.3235    
    992.2223    
    1312.319    
    1691.789    
    2057.682    
    2221.431    
    2105.331    
    1975.079    
    1969.844    
    1945.935    
    1890.176    

