---
BL Top Uncertainty/Variability (for +1degC) [ft] Valid 0700 PST ~Z75~(1500Z)~Z~ MON 22 May 2017 ~Z75~[15hrFcst@1228z]~Z~
Model= RASP Region= PANOCHE Grid= d2 Reskm= 4.0 Indexs= 1 51 1 69 Proj= lambert 4000 4000 40.0000 40.0000 -73.0000 36.6487 -121.0445
Day= 2017 5 22 MON ValidLST= 700 PST ValidZ= 1500 Fcst= 15.0 Init= 12 Param= bltopvariab Unit= ft Mult= 1 Min= 32 Max= 1895
247 265 230 215 289 275 266 195 194 263 129 111 91 67 70 71 77 94 147 165 138 136 132 140 156 170 173 211 251 278 289 311 326 320 279 252 220 233 214 192 171 156 148 141 132 124 125 134 140 143 144
272 305 260 210 203 279 272 213 209 251 252 108 96 83 99 87 99 128 147 153 132 129 131 162 160 183 203 263 287 308 321 335 331 327 291 264 249 237 223 200 179 161 153 143 135 126 123 137 138 141 144
316 308 276 205 193 271 278 231 211 206 183 107 98 97 120 112 118 128 136 130 124 125 151 167 169 219 260 299 321 339 350 356 351 335 301 281 270 257 233 210 183 166 155 145 137 128 123 136 136 136 144
308 303 274 196 184 190 270 245 164 102 131 98 106 110 118 114 115 116 116 114 116 137 136 157 201 270 308 323 367 370 373 370 357 328 288 283 285 272 247 217 188 167 154 145 137 131 135 137 136 130 141
304 300 274 192 177 187 269 155 113 43 96 120 128 109 98 104 108 90 77 68 97 120 149 212 294 325 353 379 392 396 389 368 356 283 275 276 265 267 252 212 178 157 147 144 142 136 138 137 135 126 134
303 300 275 191 179 181 270 260 153 73 106 138 146 114 121 111 104 100 112 82 75 106 170 275 324 351 386 419 439 428 416 405 397 342 314 310 287 270 265 220 183 155 144 142 143 137 147 134 133 123 131
305 301 279 190 183 177 184 158 168 97 101 151 181 140 142 134 126 110 89 109 76 91 161 325 346 418 456 514 510 497 481 447 403 335 315 292 285 323 280 229 181 163 162 156 144 139 152 146 133 124 135
306 303 269 190 181 173 165 195 66 71 92 201 189 159 149 141 130 111 104 93 74 128 164 310 397 497 639 662 593 567 498 432 398 390 384 303 311 392 308 241 179 161 157 157 139 154 140 150 135 126 134
309 306 242 187 174 165 138 224 81 85 80 291 181 151 138 127 122 112 115 127 86 94 167 308 435 521 772 1028 689 606 441 412 405 478 469 405 422 361 286 248 189 156 151 121 118 121 137 150 136 128 137
311 308 227 173 166 150 166 190 58 100 84 234 176 157 125 101 108 141 122 134 84 80 156 321 464 537 1081 1597 674 437 434 445 524 576 536 527 471 259 235 233 205 160 145 147 116 114 137 149 134 135 137
315 310 242 178 163 180 160 131 57 99 156 317 219 157 138 110 153 161 139 129 102 75 123 329 658 850 696 451 416 425 460 548 663 557 448 391 272 224 210 217 202 178 142 145 122 128 139 152 143 139 138
321 311 286 210 226 167 124 81 108 101 226 346 199 164 148 114 130 123 142 132 114 83 128 450 844 1096 388 347 384 470 575 642 750 487 304 253 209 183 201 205 199 174 148 141 129 144 135 148 144 141 139
210 311 281 235 198 142 81 56 94 134 206 251 181 147 120 95 126 169 151 149 107 82 156 336 431 1004 399 351 420 510 694 844 757 418 311 252 203 174 192 196 199 179 162 134 148 136 136 149 144 142 143
200 308 274 228 170 117 61 74 112 178 192 225 198 176 112 84 120 199 117 150 88 122 178 338 265 376 364 381 440 587 777 724 309 261 398 290 217 177 162 187 199 180 163 138 151 146 148 147 144 143 145
214 215 264 206 143 92 54 69 163 298 192 219 185 176 134 101 97 175 118 134 100 111 207 322 355 277 361 385 466 636 815 546 215 507 353 255 201 172 170 179 200 170 167 150 150 150 151 146 146 145 150
221 202 254 178 120 73 44 99 256 229 161 179 185 170 129 135 154 213 205 147 125 96 222 286 330 297 353 382 437 507 643 669 577 415 294 235 187 165 163 179 202 185 170 159 152 147 150 145 145 144 148
225 192 249 167 105 60 45 186 236 182 178 183 195 157 125 136 227 228 225 199 148 106 163 285 326 298 356 429 527 508 482 648 441 337 242 211 179 158 161 170 203 196 185 167 151 146 146 144 143 142 146
225 189 248 162 94 53 57 292 271 194 187 240 189 137 127 168 196 171 240 217 167 131 143 340 348 327 449 683 616 521 418 422 482 588 252 210 177 154 163 183 206 209 193 163 153 147 147 145 144 143 144
219 189 251 164 90 56 69 162 277 235 242 270 147 107 132 203 249 216 248 215 185 144 154 351 448 379 601 782 587 466 410 512 701 547 325 245 182 164 172 186 205 208 200 171 159 151 149 148 146 144 145
213 186 252 167 91 57 135 243 283 271 265 269 121 125 169 249 212 249 258 206 193 172 179 354 1635 510 767 644 539 452 477 710 966 337 375 264 184 177 181 189 199 201 199 183 166 156 151 150 149 146 148
187 184 252 172 93 61 154 268 289 300 323 272 112 144 247 244 164 248 247 206 211 165 271 402 1785 641 535 539 537 920 1246 812 646 371 425 278 191 196 196 190 189 194 198 186 172 161 152 151 148 144 150
162 183 252 178 96 83 74 269 333 349 352 319 147 165 266 220 188 287 248 225 174 179 334 529 1836 758 564 913 1709 1679 1678 803 483 563 439 287 174 179 200 194 188 192 188 189 176 163 155 146 120 118 124
133 187 249 178 98 89 69 252 369 435 480 434 315 318 251 230 256 243 227 252 190 213 250 700 1792 1614 1495 1836 1560 1631 1461 728 486 577 409 308 185 199 221 202 192 189 183 180 171 161 154 141 117 115 121
115 191 244 173 100 89 74 260 346 396 420 491 420 360 207 244 282 261 263 292 227 233 194 470 1394 1578 1860 1594 1275 1636 1047 627 478 580 411 354 221 244 232 211 193 189 181 175 163 156 150 140 116 112 118
110 278 236 161 85 81 80 317 417 463 474 539 572 425 244 259 277 271 286 289 242 241 204 329 1209 1417 1852 1702 1655 1895 727 553 490 461 394 428 283 279 249 213 180 184 180 173 160 148 144 149 119 112 128
128 271 227 150 76 68 169 540 517 530 633 772 866 631 282 267 270 247 277 247 226 195 187 306 1338 1282 927 1426 933 588 537 512 499 397 418 506 387 318 259 202 178 173 172 168 159 145 138 146 137 124 136
155 263 213 142 74 68 169 505 521 505 649 670 856 535 307 245 229 262 260 248 227 221 216 445 593 361 471 479 411 434 438 428 394 377 457 505 382 267 243 193 179 166 163 160 153 141 134 144 145 136 140
172 253 196 134 75 70 206 404 505 502 549 662 739 403 306 227 239 304 269 273 255 236 228 552 486 512 415 393 386 421 419 374 394 450 463 492 424 300 231 186 175 160 153 151 148 138 131 142 147 145 146
178 249 192 131 81 78 254 329 379 421 524 727 582 379 288 244 248 277 309 336 280 295 382 774 1359 1032 401 376 404 397 357 383 504 538 623 511 387 284 226 180 170 157 151 147 141 137 136 142 147 149 150
180 255 198 136 85 87 302 335 375 415 440 660 442 401 270 204 278 285 304 322 244 276 430 1222 1472 502 360 360 373 326 334 364 581 652 606 445 340 286 222 176 169 154 146 140 136 134 137 142 147 152 154
182 264 217 147 107 89 260 421 469 597 723 749 532 469 347 174 293 286 232 195 271 351 462 1490 1245 379 358 359 373 319 330 407 464 468 378 317 272 262 219 182 170 153 142 135 132 131 137 144 148 154 158
183 267 227 152 109 217 263 480 490 585 680 726 535 452 398 257 265 290 181 180 255 259 337 1648 1065 333 330 366 384 339 301 340 395 387 288 207 211 263 225 196 170 151 137 129 127 129 137 142 145 152 157
167 263 229 150 109 257 267 455 494 529 594 626 435 415 226 262 227 210 171 211 294 182 401 1685 1052 317 313 388 387 327 344 357 375 438 265 177 204 255 229 199 166 149 131 124 122 127 137 139 141 149 149
113 265 231 146 118 343 339 510 496 465 527 544 341 328 208 206 213 180 172 267 278 186 634 1587 1073 294 285 407 502 478 492 422 448 558 302 181 261 251 231 198 161 146 127 120 120 126 135 135 135 143 144
97 275 230 136 149 373 427 572 405 334 360 353 265 216 172 171 167 181 226 371 339 227 555 1407 362 231 281 410 451 499 539 526 481 476 380 199 214 249 237 199 157 143 128 115 117 124 133 131 132 139 142
104 283 231 130 135 384 504 383 327 275 351 328 190 216 115 119 144 173 332 312 406 271 212 373 234 214 332 378 395 465 543 648 676 485 299 189 182 204 232 199 166 141 127 113 107 116 128 130 131 139 140
119 296 229 106 73 252 616 346 410 445 285 272 174 235 138 170 125 140 343 242 344 268 200 212 207 263 366 375 366 433 460 527 523 446 247 143 148 200 249 203 166 142 124 114 107 112 118 130 133 141 135
142 219 233 95 46 159 352 259 346 210 299 160 123 118 140 161 105 116 153 262 311 256 217 185 212 378 368 439 417 426 510 525 484 380 259 142 151 250 266 203 165 144 125 108 106 106 112 131 137 144 129
168 187 240 86 33 115 178 216 185 129 153 131 62 111 121 153 98 134 126 223 263 276 280 160 220 381 437 526 495 520 619 603 495 412 272 152 213 305 256 196 166 144 124 106 103 103 107 134 137 132 137
179 157 245 99 38 52 138 159 131 140 130 134 107 114 151 145 88 125 123 201 234 239 197 190 230 270 331 369 593 615 686 785 439 424 271 172 288 306 241 196 166 142 121 105 102 105 109 138 147 127 151
181 174 224 134 73 57 77 105 108 109 123 85 80 93 133 130 103 115 139 195 194 124 92 154 213 255 349 459 635 732 861 812 683 336 211 198 311 285 238 197 165 138 120 106 99 97 115 143 124 137 164
185 182 215 151 69 69 32 94 64 85 73 120 137 88 85 137 105 82 142 189 140 94 88 98 236 260 341 414 618 617 866 282 532 262 172 194 252 264 237 198 165 137 113 104 100 98 110 146 132 147 176
186 168 199 183 140 135 78 58 57 108 54 64 133 95 98 105 94 78 105 152 113 126 134 112 134 272 296 376 510 506 676 533 350 216 158 217 235 244 237 204 161 136 111 98 94 106 107 147 149 155 185
185 164 138 184 149 147 163 105 86 175 172 125 75 99 96 84 74 90 144 135 144 153 128 89 88 239 268 376 474 517 392 319 258 181 170 200 223 239 241 210 170 136 109 98 109 90 105 147 154 158 192
182 166 139 123 118 112 160 169 171 197 210 193 85 94 84 123 93 106 94 156 200 164 119 150 113 190 402 421 456 213 304 214 141 151 162 221 247 244 239 213 179 139 106 92 85 90 101 143 163 159 196
177 168 143 127 132 128 116 113 116 175 214 234 168 93 81 119 81 75 87 103 152 166 174 164 143 160 300 360 409 386 361 324 268 156 177 223 248 247 234 204 176 144 106 92 87 94 101 136 164 154 196
174 164 140 120 128 137 131 124 118 164 202 194 172 90 112 94 78 71 75 107 165 178 135 80 151 136 109 148 278 376 355 299 271 242 226 212 244 239 225 190 171 138 105 94 93 101 101 132 168 164 196
172 158 133 109 108 108 116 122 119 164 193 176 183 133 136 115 97 67 70 128 171 189 192 167 138 150 162 117 239 486 371 258 264 244 209 196 219 219 173 176 167 134 113 95 93 92 94 129 174 179 195
174 151 122 95 81 73 79 93 108 190 189 169 181 132 114 71 99 93 149 150 161 196 163 155 213 284 251 139 162 320 302 285 285 245 195 183 187 155 156 162 155 131 115 103 98 99 94 130 180 159 193
174 147 115 85 61 53 54 71 121 196 182 161 187 128 131 74 87 95 152 153 186 198 139 212 323 393 242 112 159 226 284 276 262 250 215 195 166 169 150 143 149 132 119 104 107 106 113 137 174 175 196
175 144 110 78 54 48 46 61 175 177 164 189 206 152 108 117 98 115 158 183 192 170 140 242 221 334 292 159 212 285 317 243 217 237 222 199 150 128 138 138 142 129 110 114 44 123 105 141 184 187 201
177 144 106 72 53 47 45 149 156 156 245 214 182 136 104 97 109 170 164 202 182 142 124 207 204 197 249 371 374 579 456 290 217 197 205 186 135 132 130 137 135 130 111 114 113 113 109 138 193 207 221
177 141 102 66 52 45 46 142 125 247 87 94 81 133 92 109 152 242 177 237 179 127 103 257 328 257 252 728 854 767 477 585 263 192 173 179 125 130 128 128 137 116 112 110 112 113 106 136 179 215 247
176 139 100 64 52 44 136 121 102 146 124 123 135 109 110 132 276 238 177 231 180 128 135 133 309 284 231 943 878 720 395 168 466 207 156 167 116 123 126 121 118 115 112 112 111 109 102 134 177 218 271
167 134 99 65 52 44 131 95 138 106 97 96 80 94 110 176 314 310 169 194 193 147 165 222 318 266 154 542 886 647 430 224 318 241 159 147 113 114 133 116 113 111 113 115 116 108 102 136 179 223 282
158 130 99 67 52 48 130 85 138 91 107 125 94 101 92 224 301 167 152 189 159 127 169 298 398 274 122 164 542 551 610 442 433 244 167 141 113 113 111 113 111 108 113 118 122 112 106 141 180 223 293
151 127 100 78 56 141 134 79 96 110 139 132 152 120 120 339 306 132 200 210 234 113 234 688 534 299 155 143 353 590 738 648 543 268 138 135 107 110 107 116 120 104 109 115 125 116 117 149 184 229 306
144 124 102 92 70 134 136 67 84 100 162 152 163 129 128 265 176 165 208 171 170 119 293 1110 387 287 198 320 851 668 649 507 419 332 132 120 98 103 102 96 116 103 107 113 123 123 137 157 190 247 314
139 121 103 145 96 151 138 67 106 110 181 142 165 161 148 216 276 179 193 228 198 147 313 480 208 202 298 831 757 501 428 411 403 372 130 112 92 93 98 97 96 100 109 115 121 128 147 161 195 247 305
135 118 102 143 86 153 137 74 107 118 204 154 166 221 200 285 388 196 186 218 207 190 353 128 198 263 585 1112 522 462 429 452 390 394 192 107 89 84 95 98 97 98 102 107 117 128 147 162 197 249 295
134 116 101 103 80 150 135 92 91 125 189 160 212 231 182 366 296 167 160 166 190 187 345 103 289 348 350 702 454 479 512 571 520 510 235 105 83 81 95 97 96 97 99 103 112 127 144 158 190 244 286
133 114 101 102 78 150 136 112 76 126 180 192 302 192 165 361 201 151 160 164 119 179 325 394 197 469 426 482 498 521 606 970 667 637 217 118 81 83 98 96 95 95 95 100 107 124 135 157 189 238 273
134 114 100 99 136 150 149 61 102 120 172 186 183 160 162 323 217 204 164 159 174 154 264 75 106 532 509 529 541 569 670 705 594 609 246 119 87 88 98 96 98 98 96 99 111 123 121 154 189 232 264
135 114 100 98 153 149 151 77 67 123 150 135 130 130 176 236 321 204 38 169 185 173 273 135 142 419 531 541 548 564 563 484 446 401 283 134 105 94 98 98 115 119 102 103 120 114 104 146 189 232 263
138 118 104 102 160 149 140 80 99 100 111 101 96 109 114 162 146 188 67 193 158 181 182 248 384 454 426 464 510 486 558 390 374 344 264 160 123 105 105 102 111 114 114 120 115 112 103 146 180 217 259
142 125 113 110 169 167 190 187 173 101 98 96 100 112 130 148 158 186 179 187 189 141 149 160 173 174 221 229 286 334 383 417 373 303 246 197 152 129 117 114 110 110 113 122 127 133 144 166 187 220 264
149 137 131 128 145 175 176 176 202 162 98 100 116 116 129 121 156 166 153 122 177 123 102 96 104 109 214 127 148 157 192 218 232 320 267 202 151 129 117 119 114 115 119 124 133 136 145 176 196 224 275
155 146 144 143 123 125 163 167 194 189 100 101 113 119 144 128 329 345 125 87 171 114 90 82 88 91 96 102 151 158 166 143 193 310 254 192 146 125 116 117 116 118 119 123 130 136 127 168 191 227 276
163 158 157 159 140 117 95 173 160 150 75 110 101 96 151 173 164 179 333 88 164 107 94 90 89 98 108 119 112 118 109 106 153 244 219 176 137 119 111 113 112 114 115 118 123 136 136 165 189 223 271
