---
BL Top Wind Direction [deg] Valid 1000 PST ~Z75~(1800Z)~Z~ MON 22 May 2017 ~Z75~[18hrFcst@1232z]~Z~
Model= RASP Region= PANOCHE Grid= d2 Reskm= 4.0 Indexs= 1 51 1 69 Proj= lambert 4000 4000 40.0000 40.0000 -73.0000 36.6487 -121.0445
Day= 2017 5 22 MON ValidLST= 1000 PST ValidZ= 1800 Fcst= 18.0 Init= 12 Param= bltopwinddir Unit= deg Mult= 1 Min= 1 Max= 360
293 294 296 299 303 299 294 291 292 287 279 225 59 126 105 120 130 142 162 169 173 174 177 177 174 167 163 154 143 129 119 107 96 93 84 88 81 67 54 34 17 9 2 354 346 326 321 326 334 336 337
292 293 296 297 297 296 272 258 286 277 271 280 149 121 107 120 133 145 161 167 174 174 177 174 173 166 160 154 140 127 120 110 99 95 88 93 85 70 54 30 12 4 357 350 344 331 324 323 332 332 332
292 293 296 295 293 291 286 281 279 273 267 277 166 119 109 119 131 144 155 166 173 175 173 171 169 163 158 152 141 133 127 117 106 97 92 89 80 62 51 20 6 357 352 346 340 334 328 326 327 324 327
293 294 296 293 288 282 282 284 287 280 263 258 161 110 113 120 127 135 139 155 161 161 168 166 163 158 155 152 147 140 133 126 116 107 103 97 87 62 41 16 2 353 347 343 337 335 324 325 322 309 312
293 294 296 292 286 281 281 290 298 274 264 112 98 108 118 130 128 124 123 126 151 160 161 160 158 156 153 151 147 141 138 132 119 110 111 103 86 85 42 5 356 349 345 342 336 336 307 328 321 305 311
294 295 297 293 287 285 279 283 268 271 282 79 95 114 125 126 122 123 119 112 117 150 152 154 153 152 150 149 146 141 137 133 122 115 118 116 89 66 38 8 357 349 345 342 339 337 309 329 321 310 319
295 296 298 293 287 283 277 278 235 267 272 89 98 122 126 123 121 124 123 112 113 134 146 148 148 149 148 146 144 141 137 131 123 117 124 123 80 41 27 7 357 348 344 341 339 336 302 327 322 315 338
297 298 298 292 286 281 275 262 252 239 231 103 113 126 126 123 119 124 128 111 107 120 137 143 145 145 145 141 142 143 141 135 127 122 125 121 54 17 16 6 358 350 343 332 335 291 313 326 321 326 347
299 301 300 292 284 277 266 245 264 225 207 111 119 139 131 123 120 125 130 118 107 114 128 138 139 141 140 139 143 145 143 133 128 129 125 108 32 3 3 357 356 350 344 308 296 307 322 322 320 339 347
302 304 302 292 281 270 246 229 202 230 168 107 139 133 128 122 123 130 126 116 110 111 120 133 133 136 135 138 144 151 144 137 136 130 114 71 8 358 356 351 350 349 343 333 302 310 320 319 321 324 336
304 306 303 293 279 262 224 229 211 196 115 131 136 131 128 125 133 129 121 114 114 106 110 123 130 135 134 143 150 163 148 141 135 120 91 44 7 354 346 346 344 343 341 335 307 314 318 315 318 322 328
306 307 305 295 281 247 263 208 192 107 119 138 133 136 133 129 127 123 125 116 112 104 108 117 132 138 142 146 161 160 142 136 125 95 64 32 6 352 344 342 340 339 338 336 327 312 318 318 318 316 320
306 308 306 301 291 288 293 191 148 133 129 133 143 136 130 128 124 124 121 113 109 102 109 117 131 140 147 157 165 148 138 128 106 79 50 26 9 355 344 335 338 330 326 332 303 316 322 320 318 321 326
306 308 307 306 310 349 306 163 144 140 130 130 138 132 130 128 122 123 120 115 110 106 115 120 129 142 151 162 159 142 134 113 88 64 35 14 7 1 355 335 337 332 325 327 319 322 321 319 315 316 322
308 307 307 308 314 341 308 142 124 114 130 130 134 131 131 126 120 121 121 118 109 104 116 122 131 141 154 153 147 138 129 105 81 71 37 355 355 350 352 343 338 336 322 318 323 323 321 315 307 291 296
309 306 306 307 316 339 309 141 114 129 133 132 132 131 130 123 123 121 124 121 109 103 113 124 132 141 147 140 133 128 128 106 88 57 11 354 345 344 343 339 333 328 330 319 323 323 321 313 297 259 245
309 309 306 308 323 346 302 143 112 131 131 132 132 132 124 125 126 125 130 123 110 103 110 122 129 137 137 133 129 124 129 104 99 32 343 339 336 337 341 336 330 327 327 321 322 322 315 309 288 243 224
309 309 306 310 332 358 229 133 117 132 133 131 133 131 121 126 121 127 134 122 109 101 107 115 124 132 132 132 131 127 118 115 121 141 283 318 328 331 333 333 330 327 323 319 325 324 319 312 298 254 223
309 309 305 313 343 35 151 118 130 130 131 133 133 126 117 125 122 134 140 125 108 99 104 108 122 129 130 134 133 126 119 119 127 140 259 291 321 326 327 328 327 325 322 321 324 325 322 317 307 267 221
308 308 304 312 347 282 148 117 132 131 129 132 131 125 126 125 127 151 145 132 111 101 102 104 119 126 134 135 130 123 120 129 135 202 230 283 314 320 323 324 324 323 317 323 323 326 324 319 311 276 206
307 307 303 308 336 242 151 124 134 131 129 130 130 125 130 124 139 162 151 135 119 104 101 101 113 125 132 129 124 127 132 136 165 185 220 275 310 315 320 320 320 321 318 323 323 325 323 318 311 278 190
307 307 301 303 333 211 217 119 134 132 127 128 130 130 129 129 153 163 169 137 125 108 100 99 107 121 127 122 129 138 141 155 168 168 190 268 308 319 318 316 316 316 321 325 322 322 323 319 312 294 170
306 306 300 299 17 79 228 118 131 129 125 127 129 130 127 137 153 163 175 140 130 113 101 96 100 112 113 118 133 145 152 167 166 156 179 250 305 318 312 312 313 318 320 323 321 321 322 319 311 270 195
305 303 298 296 82 80 236 115 130 128 124 126 127 128 127 141 150 146 148 143 135 119 110 90 89 104 112 127 146 162 169 167 167 164 175 232 303 305 307 311 312 316 320 322 321 319 320 319 310 262 225
302 302 296 291 114 100 168 113 128 129 124 125 126 127 128 142 147 140 157 148 146 130 122 96 88 114 125 137 152 165 159 151 154 158 171 231 298 300 301 307 312 316 322 320 319 315 319 319 310 250 233
301 301 294 290 135 147 143 118 126 128 124 123 125 126 132 143 150 146 157 165 145 133 124 95 96 127 132 140 153 158 152 149 148 151 165 173 268 295 294 304 313 318 320 320 320 314 318 319 311 248 235
300 300 292 286 143 163 139 121 128 128 127 127 129 127 138 145 160 154 153 156 140 129 110 96 107 127 140 147 154 156 150 146 145 154 162 136 233 266 289 305 315 320 322 320 319 317 316 318 312 249 236
298 299 291 288 140 167 143 120 127 124 122 124 128 131 148 149 164 155 153 150 138 125 106 99 109 127 144 151 151 152 148 143 143 150 155 226 277 284 296 307 319 323 323 321 318 317 317 319 316 271 250
298 298 292 296 126 160 147 112 112 113 125 134 132 142 149 155 155 151 174 156 139 126 107 95 106 129 148 150 150 149 143 146 138 143 149 204 294 287 298 310 322 324 325 323 322 319 319 321 322 309 303
298 299 294 302 107 163 147 108 120 123 128 135 138 142 143 153 156 160 166 159 143 130 110 92 108 130 152 150 149 141 140 151 131 150 168 258 295 299 299 313 321 327 328 324 323 319 317 320 325 336 341
302 300 297 308 40 144 146 109 121 126 127 133 134 138 141 156 160 156 145 143 134 124 104 94 110 129 152 146 141 130 127 153 172 177 197 229 295 303 301 315 321 327 328 325 324 319 317 319 324 330 337
308 303 299 299 317 151 143 108 120 127 126 126 130 128 139 153 211 123 134 129 116 113 99 96 113 132 153 141 130 128 129 151 208 200 222 271 299 304 311 322 328 328 327 325 325 321 317 319 323 322 329
310 307 302 292 252 149 137 103 111 121 122 123 125 122 137 168 185 130 132 121 117 113 104 99 114 137 141 135 128 130 129 147 189 201 220 273 303 312 320 325 331 329 328 325 328 324 319 320 324 320 326
313 310 305 288 137 144 124 88 100 122 128 125 120 118 152 171 164 117 129 118 117 116 106 102 117 137 129 131 133 130 125 158 188 197 229 287 293 317 323 326 331 329 328 326 326 325 320 321 326 328 330
316 313 308 292 136 142 118 92 125 141 133 124 116 125 141 149 122 119 120 115 118 117 111 112 121 134 127 131 136 131 163 182 185 199 243 301 316 325 327 328 329 329 326 326 326 326 322 323 328 330 331
318 316 312 306 133 137 113 110 137 99 121 122 122 140 142 137 126 121 116 117 123 126 121 119 120 125 126 129 135 144 188 196 197 202 241 296 321 332 333 330 327 327 326 325 328 324 326 327 331 339 336
318 320 317 328 320 125 104 118 144 101 97 123 118 130 149 154 134 126 126 124 129 127 120 117 116 121 126 130 145 147 181 195 197 204 253 306 326 333 333 330 328 327 328 325 323 320 328 332 337 343 339
320 326 320 324 313 99 100 122 120 106 87 126 120 127 146 149 36 125 132 123 126 139 127 109 112 121 130 135 155 162 180 187 189 204 261 311 328 334 334 331 330 329 329 328 323 320 341 339 342 346 341
323 328 326 341 350 334 86 119 117 356 9 105 132 112 124 18 356 124 113 118 153 142 135 114 111 123 132 147 154 170 178 177 178 199 280 319 328 333 335 333 332 331 330 329 324 322 346 344 341 351 348
326 331 334 360 29 330 15 23 38 27 39 74 100 119 120 359 1 129 118 116 155 137 129 121 105 123 132 150 156 173 169 165 170 198 312 328 332 335 337 336 333 333 332 330 326 323 338 344 349 355 351
325 332 339 7 24 352 35 48 36 55 78 86 99 43 9 346 48 122 121 130 140 133 115 119 96 119 127 152 161 173 161 156 163 219 347 338 335 337 340 338 335 335 334 331 326 339 338 342 340 357 348
322 328 339 7 19 9 309 63 52 359 60 68 40 95 10 345 34 110 119 147 127 123 53 99 110 116 122 149 158 165 155 154 156 17 353 345 342 342 341 339 338 338 337 334 331 339 337 337 344 2 355
317 321 339 358 2 345 300 28 333 298 292 303 339 319 23 331 33 78 128 129 120 52 21 57 130 119 129 147 149 157 157 158 150 37 6 345 338 343 341 340 341 341 338 338 338 342 335 332 343 354 351
312 314 332 350 351 332 303 280 263 261 266 260 283 316 318 334 28 77 108 124 132 1 16 34 41 120 122 158 146 145 153 151 115 31 14 356 345 343 340 344 343 340 342 344 341 352 345 343 345 347 339
308 308 318 333 334 317 291 270 264 265 261 256 266 296 317 341 12 97 111 126 92 33 30 44 37 103 117 168 139 2 134 122 54 27 14 3 350 341 342 344 341 340 342 350 18 351 350 343 346 348 336
306 305 309 313 312 305 291 273 264 262 260 256 260 271 285 293 354 40 99 99 78 64 305 17 30 94 137 154 131 108 119 70 27 20 10 359 351 346 344 328 341 346 345 345 354 351 346 339 342 350 339
304 302 302 303 301 295 288 278 269 262 256 256 252 260 264 264 9 348 303 70 80 71 47 259 34 125 135 129 125 113 115 352 358 8 6 356 349 348 341 338 344 343 342 344 352 350 343 336 339 346 340
300 297 298 297 295 291 284 276 267 259 253 252 245 257 250 249 4 7 248 25 79 77 13 40 100 111 111 113 121 149 215 299 329 350 353 352 342 346 351 345 343 341 342 346 346 347 346 337 336 342 337
299 296 295 294 292 288 282 274 266 258 253 249 246 250 250 268 10 35 47 81 84 70 45 74 101 100 94 105 134 193 221 272 314 338 345 344 335 343 348 345 341 341 345 344 339 336 334 333 334 338 330
297 294 294 293 291 287 282 275 267 259 253 247 242 245 254 288 27 24 78 91 91 69 66 82 112 101 92 120 151 220 231 241 297 339 338 336 332 338 343 346 344 347 345 335 324 338 331 326 332 332 324
296 294 294 293 292 288 283 276 269 263 254 241 233 232 265 15 32 41 84 94 96 77 78 90 129 112 113 145 172 234 258 278 328 341 332 331 325 334 343 344 346 351 334 322 145 335 333 327 326 326 318
296 294 294 294 293 289 284 277 273 267 247 226 215 231 287 40 42 59 88 99 100 86 75 93 135 131 136 167 211 251 281 294 327 334 332 333 327 327 342 341 344 345 332 324 323 325 323 323 311 317 312
296 294 295 296 294 290 286 279 281 263 282 267 268 248 351 57 63 103 97 101 106 82 76 82 138 141 145 193 226 251 281 290 309 324 327 330 321 328 343 340 342 335 327 322 320 319 319 321 318 315 308
296 294 296 297 295 292 287 283 285 271 302 259 244 264 58 74 104 111 109 110 112 87 87 77 134 139 136 141 187 231 273 283 292 307 317 319 320 326 336 338 335 331 326 321 319 316 316 319 316 317 310
296 294 298 299 297 294 289 290 281 290 38 183 167 145 57 88 126 121 120 130 124 103 96 79 130 136 129 126 138 197 251 273 277 292 310 306 317 323 333 330 332 328 324 321 318 314 315 317 314 309 301
295 294 299 301 299 297 292 295 268 349 72 94 106 96 67 78 126 145 136 142 137 111 89 81 128 134 130 128 135 169 214 259 265 275 299 302 317 326 323 318 329 325 321 320 318 313 313 315 312 305 297
295 295 301 303 301 300 297 301 292 58 93 102 103 82 61 109 120 132 149 147 141 106 85 84 128 138 136 131 135 153 190 242 258 266 293 297 312 324 321 318 324 321 315 316 315 313 315 314 311 305 298
294 295 303 305 303 303 302 304 299 87 101 109 106 86 98 111 151 156 165 177 156 128 100 95 128 139 134 128 131 139 158 222 253 261 291 304 309 323 323 319 317 316 310 311 313 312 312 312 309 305 299
297 298 304 306 306 307 305 304 306 99 108 115 113 97 106 142 165 182 190 188 160 138 119 95 125 130 127 123 130 140 158 208 246 253 291 304 307 315 316 315 312 307 305 306 308 308 308 310 307 305 293
300 302 305 307 308 309 306 301 299 101 110 115 110 103 108 176 203 210 214 206 171 121 105 87 122 125 124 126 135 163 186 213 233 240 285 303 302 306 307 307 303 302 301 303 305 304 303 308 305 308 292
306 309 305 308 309 309 305 291 302 85 104 107 105 116 128 188 211 219 248 201 109 95 94 84 118 122 128 131 144 172 198 219 229 234 278 298 293 298 301 302 302 300 300 301 302 302 299 307 302 304 278
295 311 305 308 309 306 300 266 337 76 99 113 116 121 158 177 194 182 166 171 84 85 76 75 112 127 135 136 148 170 196 215 224 229 280 277 290 296 298 301 300 298 298 299 301 300 296 304 299 301 275
296 304 304 307 306 303 297 298 348 59 101 113 121 135 146 170 174 167 162 130 96 67 54 60 110 128 138 144 152 168 191 204 221 238 284 289 295 297 298 302 300 297 296 298 300 298 288 298 294 291 253
301 302 305 306 302 298 290 294 339 52 96 111 121 142 158 171 189 206 345 103 104 79 65 71 115 132 141 148 157 162 192 206 216 235 283 286 294 297 298 302 299 295 294 297 296 290 284 293 296 290 230
300 303 305 305 300 292 271 214 348 49 66 90 111 136 159 176 184 172 344 95 83 73 63 72 93 131 145 153 158 174 203 205 210 255 281 288 294 297 297 299 297 295 295 294 291 290 290 294 303 294 204
300 303 306 306 302 296 285 240 287 340 32 54 58 104 222 249 227 214 217 126 64 66 53 54 64 93 132 150 159 173 184 187 237 286 287 294 296 295 295 295 295 295 293 293 293 292 292 289 295 301 183
298 301 307 309 310 309 312 295 275 268 56 69 52 99 280 348 335 325 310 322 13 4 18 44 58 66 86 140 149 149 122 47 331 304 297 293 292 293 295 293 293 291 289 289 289 287 290 294 292 296 188
295 298 305 311 311 316 318 293 254 254 71 106 333 308 310 352 343 307 311 324 346 336 339 32 54 64 70 74 96 107 72 30 339 307 299 291 292 296 301 294 291 288 288 292 295 297 295 299 305 296 213
294 297 303 308 308 307 305 287 253 264 84 111 326 289 354 346 332 299 257 322 335 334 340 22 50 63 60 55 68 84 51 11 323 306 299 292 294 295 300 293 290 287 287 290 292 293 287 281 285 267 221
