---
BL Top Wind Direction [deg] Valid 1300 PST ~Z75~(2100Z)~Z~ MON 22 May 2017 ~Z75~[21hrFcst@1239z]~Z~
Model= RASP Region= PANOCHE Grid= d2 Reskm= 4.0 Indexs= 1 51 1 69 Proj= lambert 4000 4000 40.0000 40.0000 -73.0000 36.6487 -121.0445
Day= 2017 5 22 MON ValidLST= 1300 PST ValidZ= 2100 Fcst= 21.0 Init= 12 Param= bltopwinddir Unit= deg Mult= 1 Min= 1 Max= 360
290 290 292 294 296 291 236 243 278 284 296 275 259 247 230 179 164 109 149 143 141 156 176 180 182 186 191 195 195 192 184 174 164 158 156 157 159 159 158 157 156 155 156 167 179 203 216 219 217 211 208
289 290 292 292 290 282 237 244 275 277 282 282 263 251 235 173 159 114 154 146 145 161 178 181 184 189 193 197 196 191 182 173 163 158 157 158 159 159 158 157 156 155 156 166 180 197 212 226 223 217 214
289 290 291 290 287 282 275 271 272 270 269 279 265 254 242 179 143 136 153 156 157 172 178 183 187 190 194 196 194 189 181 172 165 161 160 160 160 160 159 158 157 156 158 167 179 197 213 228 225 221 218
290 290 292 288 283 275 276 279 280 279 260 271 265 253 241 178 134 139 147 160 170 175 182 185 187 188 190 191 189 186 180 175 169 165 163 162 161 160 160 159 157 157 159 166 177 191 215 221 224 221 218
291 291 293 289 283 277 276 277 285 266 273 277 264 253 237 160 133 139 153 154 170 175 181 185 188 188 190 192 188 186 181 175 174 170 166 164 162 161 160 159 158 158 158 162 175 189 215 214 218 221 211
292 293 294 289 284 280 274 274 259 280 281 272 262 245 169 130 145 151 158 159 160 170 176 182 186 188 189 188 189 188 182 179 179 174 170 166 164 161 161 159 159 159 160 165 173 187 209 209 210 212 207
294 294 295 289 284 279 274 273 237 279 283 265 251 184 135 148 158 163 163 154 160 165 171 178 184 187 188 187 188 186 188 186 182 177 173 169 166 163 161 160 160 161 162 167 173 186 208 208 207 207 205
296 296 296 289 283 277 276 259 271 286 287 255 217 144 148 154 162 173 171 155 161 161 167 173 181 186 189 189 188 188 192 186 187 181 176 172 168 165 163 161 161 161 164 171 178 196 204 204 204 203 203
299 299 297 289 282 277 270 248 262 257 282 239 182 144 150 155 164 169 166 160 160 156 160 166 176 185 189 192 190 193 195 194 191 184 179 175 172 168 165 163 162 163 163 185 197 199 199 201 201 200 200
303 302 299 290 281 275 262 262 213 261 278 219 149 144 147 151 165 167 162 158 157 154 156 162 173 184 189 189 188 197 202 199 195 189 182 181 177 171 167 165 163 163 163 167 199 200 196 198 197 197 196
305 305 300 292 284 272 268 250 258 297 249 160 143 145 146 147 164 160 155 152 152 150 146 149 169 181 186 178 181 201 204 201 199 192 187 185 180 173 170 167 165 165 165 167 187 197 193 194 195 193 193
306 306 301 295 287 272 284 233 241 283 173 135 148 152 152 153 161 156 152 149 146 141 137 137 167 178 183 184 182 192 199 201 199 198 195 190 186 179 173 170 168 167 166 169 178 194 191 192 193 192 192
306 305 302 298 293 284 292 264 251 203 166 128 150 156 155 158 159 153 146 142 136 131 132 128 160 176 182 191 188 191 197 199 200 202 201 195 186 183 178 175 172 171 173 171 189 192 188 191 194 194 195
306 305 303 301 301 302 304 249 221 186 163 120 141 148 157 158 154 149 142 135 129 129 136 131 151 169 183 197 197 197 199 201 205 208 206 202 187 178 171 176 175 174 179 177 187 188 186 192 202 207 205
307 305 304 305 311 318 315 218 190 169 130 132 138 144 155 156 149 142 137 130 127 129 138 136 148 169 189 201 204 206 208 209 212 213 207 209 195 179 175 173 175 174 182 193 188 197 196 201 206 208 211
308 306 305 309 320 326 318 190 163 132 127 147 147 147 153 149 143 138 134 128 126 127 132 144 144 170 195 206 211 215 216 218 218 216 213 204 192 178 173 174 176 181 180 191 197 200 198 209 234 249 258
309 308 306 313 326 330 317 182 153 127 116 148 151 154 147 143 143 141 138 129 125 126 128 141 138 167 197 210 213 219 226 226 219 218 211 195 187 178 173 173 175 183 181 192 203 208 229 237 267 270 288
310 309 307 316 330 330 317 164 142 120 114 144 152 155 147 139 142 144 143 131 126 126 127 135 130 165 197 210 210 217 225 220 205 201 203 191 185 178 175 174 174 178 182 204 203 223 237 264 284 288 307
312 309 307 317 331 325 293 153 124 127 143 149 154 151 141 133 145 152 145 134 130 128 128 136 124 163 193 200 205 219 217 202 196 192 205 189 185 177 175 174 174 180 181 198 207 226 253 277 298 311 334
312 312 307 317 330 315 164 141 128 138 157 157 156 146 139 132 155 151 142 133 131 128 129 137 124 158 177 191 211 218 206 197 188 195 197 191 183 177 175 175 175 180 190 188 204 229 268 284 304 328 346
312 313 307 316 329 318 163 142 130 149 159 161 153 140 137 137 162 150 138 133 131 127 127 134 125 151 174 194 211 196 201 190 192 197 197 191 184 177 175 175 177 179 187 193 202 228 261 281 302 336 349
312 313 307 315 335 351 334 159 123 155 157 158 149 140 133 160 162 148 133 131 131 127 123 130 124 143 168 184 185 195 193 192 197 199 200 194 186 180 177 176 179 182 188 185 192 226 281 288 299 339 348
311 310 307 313 333 353 337 162 106 156 154 152 147 143 140 165 162 142 131 127 126 124 120 124 116 129 142 150 160 176 198 202 201 203 195 196 182 180 175 177 183 180 184 196 196 219 278 288 297 329 331
310 309 306 311 329 4 333 162 105 153 154 151 146 139 159 163 154 136 131 127 125 122 115 114 95 99 103 113 153 207 215 213 212 208 205 198 186 178 176 176 183 182 182 181 191 210 270 283 298 327 330
309 309 306 314 334 74 121 158 103 151 149 145 141 139 166 163 141 137 130 126 117 111 103 92 83 105 126 123 152 198 215 217 213 208 203 198 180 175 174 175 175 186 180 178 187 214 244 290 302 326 329
308 308 306 324 353 192 160 110 111 145 144 145 149 155 162 157 137 134 128 117 106 97 90 88 93 130 139 140 156 179 194 199 202 201 200 195 177 175 176 175 175 176 179 178 179 187 223 273 302 332 337
307 307 305 323 345 252 156 99 133 143 141 145 147 163 159 144 138 128 124 111 101 94 96 100 106 128 142 158 162 175 184 190 191 195 194 182 170 168 175 175 179 176 178 177 181 182 214 213 291 333 336
306 306 303 318 335 287 157 98 128 133 133 147 162 164 151 144 137 123 118 110 101 100 100 105 111 128 151 171 168 174 182 187 189 191 191 183 175 171 171 174 181 177 174 173 174 179 185 203 207 323 342
304 305 302 314 332 298 160 109 112 123 134 157 171 165 153 143 131 120 116 105 99 97 97 100 105 132 160 180 176 182 185 188 188 191 188 179 176 171 172 173 186 176 176 172 171 175 179 182 193 187 359
303 303 302 314 332 303 157 105 111 130 144 158 169 166 155 141 124 118 107 97 94 91 93 98 106 137 170 190 188 188 191 193 193 194 191 183 177 174 171 173 183 175 170 170 170 173 174 177 179 178 176
302 303 302 310 326 208 153 93 116 136 146 155 158 156 146 130 118 112 99 90 88 90 93 99 110 147 182 193 193 190 194 198 203 199 197 181 176 173 170 168 181 172 168 167 166 169 171 172 175 177 171
302 303 303 300 304 155 144 89 118 141 152 155 154 149 141 126 123 107 94 89 97 97 95 96 121 159 185 190 191 189 193 202 210 206 200 184 175 172 169 168 178 167 166 165 163 164 168 167 171 173 174
302 303 303 291 269 155 143 89 119 142 161 157 155 150 150 137 135 111 92 91 101 103 101 98 138 179 185 190 187 185 188 197 204 204 195 181 174 172 171 172 176 166 163 162 160 161 162 162 166 168 171
300 301 303 287 135 153 132 86 101 151 185 183 165 152 144 145 151 127 92 85 88 100 108 104 160 200 196 194 191 192 189 192 200 199 188 176 171 171 169 167 170 162 159 159 158 159 158 159 162 163 165
300 302 303 286 168 149 120 83 135 160 172 177 169 156 141 143 163 149 94 84 89 103 115 131 159 196 200 199 199 194 194 192 191 189 180 173 171 168 165 161 163 159 157 156 156 158 157 157 158 159 160
301 303 302 290 177 146 112 103 137 126 109 156 159 150 154 168 336 151 98 80 97 113 134 139 153 176 184 197 204 201 201 198 195 184 173 169 169 167 161 156 156 158 155 153 153 156 151 155 155 156 158
304 307 302 307 277 151 110 113 141 131 102 127 141 131 150 309 333 130 100 84 122 141 138 141 143 152 178 187 201 206 203 199 194 179 169 166 166 162 156 154 154 154 155 149 152 152 143 151 149 145 151
314 308 300 290 187 173 113 121 134 131 59 70 138 123 316 325 332 107 86 101 135 142 137 136 129 142 156 180 192 201 201 197 187 174 165 162 161 157 153 152 151 150 158 143 149 138 138 145 143 145 151
312 308 298 275 182 211 194 125 131 229 284 24 117 161 293 311 328 154 48 118 140 138 134 125 121 139 166 182 185 190 191 187 177 168 161 158 154 153 151 150 150 147 156 140 145 135 134 146 147 148 152
306 310 299 269 188 198 241 245 248 264 263 255 229 241 280 310 331 167 82 143 143 133 125 121 120 138 168 182 183 187 192 183 168 163 157 154 151 150 149 148 149 146 147 140 142 139 144 148 147 148 153
305 308 301 281 200 185 231 258 264 267 270 255 244 262 285 317 332 166 116 148 141 129 120 117 113 134 168 180 184 188 192 177 161 160 156 151 148 149 148 147 149 146 145 142 137 129 140 146 150 148 153
304 307 305 325 339 190 220 238 254 278 270 271 273 274 291 324 340 311 127 143 138 129 111 103 98 125 165 182 184 187 186 167 158 157 154 151 149 147 147 146 147 145 148 136 136 137 145 145 149 146 149
303 306 307 333 2 247 207 238 253 297 266 264 268 283 289 313 333 323 117 132 126 113 105 87 85 115 161 182 181 171 166 158 156 154 150 147 150 146 147 147 145 145 145 136 126 139 140 143 145 140 138
301 303 305 318 300 245 225 241 252 258 259 260 264 277 284 293 301 263 247 172 97 43 96 86 90 108 150 188 181 172 155 156 157 153 149 145 149 146 149 144 142 150 145 138 134 138 139 141 142 136 138
298 299 299 298 280 257 244 239 245 253 249 246 264 269 274 282 274 260 244 252 250 6 41 79 89 107 144 181 186 12 157 158 155 152 148 145 145 144 147 147 149 150 302 97 94 132 137 139 138 133 138
295 295 294 289 281 270 257 252 251 251 250 243 245 264 270 275 267 255 250 252 251 282 59 39 67 99 141 162 172 167 160 160 158 157 150 146 143 146 142 174 255 313 70 125 127 138 137 135 135 133 137
293 293 292 288 282 274 267 260 257 253 247 247 234 259 260 262 260 260 256 254 246 248 240 241 331 89 135 140 151 157 160 163 160 157 150 146 147 146 149 267 302 302 125 139 130 141 134 133 135 134 138
292 291 291 287 283 279 274 265 260 257 248 245 230 234 245 251 261 276 251 255 242 257 341 7 37 112 128 132 141 153 163 160 159 159 163 150 205 224 274 291 309 321 350 147 146 142 137 135 137 136 138
291 291 290 288 285 280 275 269 263 257 250 242 233 220 245 252 266 297 275 34 105 75 46 68 101 123 124 131 138 148 162 162 163 161 164 162 224 281 300 300 306 334 1 150 149 145 140 138 139 140 141
291 290 289 289 287 283 278 273 267 259 253 242 231 216 244 251 266 275 278 133 137 124 103 98 119 123 125 131 139 149 161 171 170 163 164 214 260 280 299 310 310 346 31 150 223 145 142 139 143 144 145
291 290 291 291 289 285 281 276 267 262 254 239 224 210 244 279 293 259 360 135 132 131 97 99 118 122 128 132 140 145 159 181 175 166 174 240 272 290 303 310 314 353 152 152 56 314 146 142 144 147 148
291 291 293 293 291 288 284 277 271 268 251 233 212 212 247 316 295 245 127 131 123 103 89 106 117 122 130 132 139 143 160 192 211 173 203 212 234 277 305 308 325 329 155 152 154 153 149 145 254 149 150
292 292 294 295 293 290 286 277 278 268 271 280 254 244 326 356 99 130 135 123 118 98 88 102 114 120 127 129 138 142 156 185 203 186 222 201 245 272 301 260 310 162 159 157 179 153 150 147 147 148 149
293 293 296 297 295 293 288 283 284 281 281 269 250 243 11 115 123 137 135 123 111 96 85 90 108 117 121 126 132 145 155 176 191 206 215 219 250 266 287 251 191 169 166 158 164 153 153 145 147 147 147
294 295 297 299 297 296 288 290 282 287 283 207 186 158 128 100 128 137 138 118 109 100 84 84 104 115 118 122 129 147 155 176 189 208 210 236 247 263 299 213 221 178 185 178 183 175 159 146 145 146 149
295 296 298 300 300 299 291 296 279 293 113 125 138 141 129 71 126 144 137 113 104 94 80 79 101 113 118 124 131 146 155 166 180 188 185 229 235 241 207 197 250 200 224 207 193 180 159 149 148 149 150
296 297 299 302 303 302 296 302 307 13 95 88 104 94 65 104 132 154 131 110 116 96 80 76 102 118 123 128 133 147 154 166 188 199 206 229 242 240 219 184 180 233 243 235 233 232 178 155 151 151 151
297 298 301 304 306 305 301 303 314 112 96 114 103 91 104 128 143 150 135 126 113 97 83 76 106 120 123 127 133 141 150 165 189 201 204 215 235 233 216 210 193 218 241 239 251 233 201 181 164 152 151
298 300 301 306 308 307 304 302 317 130 103 123 118 117 134 137 141 144 146 137 113 96 80 77 101 116 122 128 135 143 151 168 194 196 220 217 233 231 228 224 222 227 236 248 258 254 225 207 180 151 148
301 304 302 307 310 308 304 299 316 148 93 123 125 130 139 146 136 151 154 144 118 88 73 75 89 115 124 130 140 153 162 170 173 181 189 210 226 229 235 237 243 243 257 261 268 269 221 216 191 154 139
304 307 302 308 312 309 305 295 319 93 101 115 122 135 146 143 148 163 161 144 118 83 73 77 82 115 124 137 155 161 171 178 171 180 187 203 225 241 250 256 260 261 263 272 280 264 232 222 192 157 137
306 309 303 309 313 310 305 293 335 52 106 108 128 139 163 144 167 178 167 140 109 80 73 78 85 118 133 147 160 169 176 184 179 189 203 216 230 246 258 267 272 270 273 280 281 258 247 238 207 174 148
306 308 304 310 312 309 307 329 351 18 102 109 126 139 163 154 182 203 324 124 99 75 75 77 94 122 139 154 164 173 177 179 189 198 207 226 235 250 261 273 277 275 279 282 275 256 257 246 219 197 157
304 306 306 310 310 306 303 305 342 16 82 102 127 146 155 165 194 218 331 66 79 63 76 83 105 128 145 156 164 163 174 184 187 199 214 230 241 256 268 281 271 267 281 282 270 270 267 244 219 190 169
302 303 306 309 308 305 292 284 342 359 13 57 95 127 164 193 222 229 326 138 58 52 45 73 104 126 144 154 161 167 180 184 196 200 218 239 253 263 271 283 274 277 282 280 281 277 271 244 221 194 178
300 301 304 307 308 308 304 300 304 322 335 343 351 352 321 306 307 307 304 286 290 297 338 40 87 117 137 147 153 164 170 181 197 215 227 241 256 268 276 278 285 287 287 286 288 283 274 250 224 198 182
298 299 300 303 316 322 323 312 287 276 333 355 356 360 300 327 321 311 305 304 299 301 299 352 86 121 136 142 150 161 180 199 217 226 238 248 261 271 283 283 290 293 297 299 301 296 283 262 234 207 191
297 298 298 302 320 329 334 310 280 263 340 48 2 6 302 332 297 282 304 304 304 310 306 341 71 120 136 142 149 158 189 211 224 235 245 257 267 280 285 286 287 297 301 303 306 304 296 279 245 221 199
299 299 298 299 317 324 315 308 294 280 340 12 359 311 314 272 289 272 258 303 304 310 306 345 81 122 138 142 147 154 199 226 237 250 256 269 274 284 289 287 291 297 302 304 306 304 297 287 256 231 207
