---
BL Top Wind Direction [deg] Valid 1600 PST ~Z75~(0000Z)~Z~ MON 22 May 2017 ~Z75~[24hrFcst@1242z]~Z~
Model= RASP Region= PANOCHE Grid= d2 Reskm= 4.0 Indexs= 1 51 1 69 Proj= lambert 4000 4000 40.0000 40.0000 -73.0000 36.6487 -121.0445
Day= 2017 5 22 MON ValidLST= 1600 PST ValidZ= 000 Fcst= 24.0 Init= 12 Param= bltopwinddir Unit= deg Mult= 1 Min= 0 Max= 360
292 290 289 290 297 304 287 293 285 288 302 284 270 260 251 243 247 241 232 236 242 241 257 280 291 343 54 78 182 186 183 185 190 185 161 157 161 165 169 170 171 176 200 205 218 239 247 256 257 253 238
289 287 286 286 289 291 280 288 280 275 278 281 268 258 253 244 246 244 233 236 241 241 254 266 286 320 49 85 195 196 195 195 193 185 165 158 162 166 170 170 172 178 199 205 213 233 242 257 259 255 240
286 284 284 282 281 279 276 275 274 272 266 275 266 258 254 248 243 240 238 238 243 246 255 262 279 321 43 88 200 206 213 212 205 188 171 163 164 167 170 171 173 179 197 203 209 225 239 252 259 255 243
284 283 283 279 274 266 270 276 282 284 259 263 264 258 253 250 245 239 237 237 239 242 251 262 277 347 36 160 199 221 222 224 221 195 180 173 172 172 173 173 174 177 189 198 206 219 244 253 258 256 242
284 283 282 277 273 264 268 272 283 272 260 269 268 258 252 249 247 241 238 239 238 242 247 259 302 36 48 89 177 181 198 200 210 213 198 183 178 174 174 175 176 179 186 192 204 215 235 247 256 256 238
285 285 282 277 271 269 264 266 254 274 270 276 268 258 252 249 247 243 243 242 242 248 252 261 317 37 62 171 144 163 212 208 220 222 216 193 184 178 177 177 178 181 188 197 205 216 233 237 253 254 237
286 285 283 276 271 269 262 263 234 271 278 278 266 256 250 247 246 244 245 250 256 258 258 277 2 43 77 124 128 170 219 237 231 221 212 194 189 182 179 178 179 183 189 199 205 213 238 243 250 249 240
286 286 284 277 272 267 263 247 269 263 281 278 261 250 246 245 245 246 252 265 276 282 298 353 41 55 74 54 26 350 306 211 225 219 211 204 196 189 182 180 181 183 190 205 212 228 234 243 248 248 240
288 288 286 278 271 266 260 231 243 243 284 272 254 245 242 243 244 249 265 291 349 28 57 75 80 85 70 55 23 346 234 220 214 212 207 202 197 190 185 182 182 184 190 225 255 248 232 245 248 243 241
289 290 288 279 271 265 252 232 200 251 290 266 248 242 241 245 248 258 280 337 57 89 86 80 80 81 68 57 41 167 216 213 211 210 209 202 198 194 189 186 185 185 189 197 248 253 241 245 244 247 238
291 291 290 281 274 263 249 222 261 310 286 254 242 239 250 256 260 267 288 9 78 88 84 79 82 76 72 55 124 192 208 210 211 213 212 206 204 200 195 191 189 188 191 197 231 241 242 239 248 243 236
293 294 291 283 277 260 256 213 246 306 267 240 231 230 218 198 175 114 71 87 90 89 84 85 85 71 58 50 163 206 207 211 213 216 215 214 213 211 207 203 199 193 195 199 213 238 245 244 246 241 234
296 295 292 286 281 263 265 278 239 284 249 238 235 236 236 222 193 130 111 104 99 92 91 89 86 74 65 121 201 215 214 217 219 220 223 224 225 225 222 216 211 207 206 206 225 237 240 243 243 240 235
297 296 292 288 288 270 280 271 280 268 246 239 239 240 241 231 214 145 107 96 91 91 89 84 80 78 83 151 207 218 222 224 226 227 230 233 233 233 230 228 222 217 216 216 226 233 236 239 242 241 237
299 297 294 291 293 286 295 268 268 256 239 236 235 229 226 215 163 105 94 86 84 85 85 83 82 86 103 153 204 220 228 231 235 238 240 244 243 239 236 233 229 222 223 232 230 234 235 239 245 245 242
300 299 295 292 297 299 301 261 257 240 225 222 217 198 169 128 104 96 89 83 85 86 89 89 90 95 123 144 212 249 242 245 250 252 252 248 244 240 238 236 233 230 226 229 233 240 238 242 248 249 248
301 300 296 294 301 305 303 270 248 231 223 218 209 193 175 122 104 98 97 90 91 93 95 95 100 106 128 126 155 265 255 257 271 267 256 246 237 236 236 240 239 233 229 230 233 238 241 247 251 254 257
302 302 298 297 304 308 302 269 235 224 219 214 211 197 185 124 103 93 96 94 93 97 99 101 105 110 111 79 111 237 245 273 280 265 244 237 236 237 239 246 245 237 233 235 235 238 241 248 252 255 259
304 303 299 300 308 309 291 255 215 206 196 189 195 199 173 106 81 89 92 92 94 101 104 106 104 102 93 86 142 225 253 284 277 249 223 235 236 242 246 252 251 242 238 239 241 242 245 251 253 258 264
305 304 302 302 311 309 294 206 196 194 161 154 145 167 93 64 67 82 88 92 98 105 106 105 99 94 93 105 128 245 297 296 247 218 219 223 234 242 248 255 255 249 245 243 246 249 253 254 258 261 272
305 305 303 305 315 316 285 188 179 171 152 127 111 91 66 55 75 88 100 100 106 108 105 100 92 86 82 92 103 348 319 262 229 210 218 228 235 242 248 254 253 251 248 248 250 254 259 256 256 264 273
305 305 305 308 322 336 342 183 161 138 127 106 87 71 58 61 94 119 141 111 110 107 102 95 85 75 63 54 7 338 217 227 221 211 220 227 234 241 246 247 248 250 250 247 249 256 268 261 255 258 273
304 304 306 311 329 339 332 180 159 124 102 88 76 66 56 101 190 306 311 231 132 106 101 96 85 77 62 39 19 145 216 218 224 217 223 227 231 236 240 244 246 248 250 250 251 255 267 262 256 251 284
304 304 306 314 333 337 321 178 167 139 105 95 76 64 75 156 319 321 320 310 212 116 101 95 86 78 74 80 135 187 202 212 219 216 221 225 230 234 238 242 246 246 248 246 248 248 267 262 261 270 291
304 304 306 316 336 332 277 169 167 151 107 87 73 59 156 311 320 323 320 311 283 128 100 95 90 95 103 122 152 180 192 203 210 215 219 223 227 231 235 239 239 245 240 235 239 245 258 270 272 285 306
304 304 307 317 336 327 156 157 147 121 96 88 85 149 177 327 322 322 321 315 264 115 95 93 95 98 109 133 168 183 188 197 207 215 218 220 223 227 231 234 232 236 237 237 225 233 241 272 277 305 312
305 305 308 316 335 328 154 152 113 85 80 71 136 159 5 334 324 321 321 316 257 110 88 84 81 75 89 144 199 191 193 201 213 217 224 223 222 225 230 230 232 230 234 233 226 222 220 247 282 293 314
305 306 309 316 333 327 154 157 131 72 64 155 177 173 10 336 324 321 320 313 257 109 82 71 64 55 63 155 204 201 203 213 216 223 229 231 230 228 231 231 234 231 230 227 218 211 199 188 246 248 195
306 308 309 314 329 325 150 159 149 94 115 162 177 173 23 335 324 322 319 309 241 101 78 67 63 63 126 172 202 207 206 208 216 220 224 224 228 227 230 233 241 235 236 228 213 199 186 178 171 178 171
307 308 310 310 323 321 150 155 128 86 123 154 172 164 83 328 322 321 318 306 193 83 70 67 70 91 147 193 197 202 208 210 221 222 224 225 227 228 229 234 243 241 238 224 206 190 177 170 164 154 158
308 308 309 305 313 306 153 147 85 73 129 151 161 152 85 321 318 319 318 308 155 76 68 71 75 112 161 198 198 200 206 217 230 226 225 224 226 225 225 230 241 241 238 222 200 182 170 165 160 154 155
309 309 310 300 302 320 151 141 91 116 148 170 156 143 313 312 314 318 316 302 92 77 71 74 72 136 191 205 202 201 208 226 231 230 228 227 225 224 224 228 236 238 233 218 192 174 165 160 157 155 155
309 308 310 296 289 322 148 115 92 127 148 104 21 131 297 303 312 318 313 290 71 84 86 93 100 141 188 221 215 201 209 218 226 229 228 228 226 223 225 229 234 235 237 216 188 170 161 157 155 153 153
308 306 310 297 315 122 142 65 116 183 56 338 318 292 295 302 316 320 314 287 79 105 107 117 123 137 161 194 229 209 212 213 221 227 229 228 225 224 225 228 234 232 235 212 183 167 159 154 151 150 149
306 304 310 296 311 102 139 95 120 344 301 305 286 279 295 310 320 323 318 292 119 136 191 168 139 124 105 131 224 223 218 215 215 222 227 228 227 227 226 228 235 231 230 214 180 165 157 152 149 147 146
304 301 308 301 294 147 147 103 106 320 296 289 277 280 302 311 322 325 319 332 144 284 322 330 346 63 82 120 194 218 219 218 217 220 224 227 230 229 229 229 232 229 227 209 177 165 155 150 145 143 142
302 299 308 318 311 222 164 111 119 301 302 300 286 284 303 312 323 324 316 328 322 307 307 310 310 329 71 130 189 202 207 209 211 216 220 224 228 230 231 232 230 226 232 195 173 163 154 148 141 138 138
300 298 303 295 179 208 204 146 154 288 303 305 295 282 299 310 321 321 307 337 314 310 310 314 308 309 86 141 179 191 200 205 208 211 217 222 227 230 232 231 227 221 221 178 167 157 151 145 138 134 135
298 296 296 264 179 203 212 211 269 288 298 299 290 274 293 307 319 319 302 2 301 320 320 323 314 305 100 145 172 186 194 199 205 210 215 221 225 232 233 228 222 212 206 157 160 148 148 143 138 134 132
298 296 285 252 188 201 210 230 268 273 284 276 265 270 289 308 319 316 303 94 291 327 327 327 321 308 116 148 171 184 194 200 205 210 215 221 224 232 230 224 216 202 186 145 149 140 145 142 135 130 128
297 296 282 253 212 194 203 233 254 266 272 259 255 272 291 312 321 313 298 98 80 325 325 326 324 319 125 153 170 183 195 201 206 212 218 221 221 230 225 219 211 198 170 142 122 99 142 140 137 126 125
296 295 280 259 250 202 214 221 240 266 268 265 268 279 290 310 320 302 287 309 340 313 320 325 328 330 110 153 169 179 192 202 209 215 220 225 230 226 221 216 207 186 160 139 127 116 141 138 131 118 118
291 289 280 264 252 231 221 221 232 289 272 268 268 280 289 301 298 263 248 252 298 292 307 317 325 327 57 141 161 172 183 202 210 214 219 221 232 226 220 214 201 176 148 128 121 124 141 134 118 114 111
288 285 279 267 246 245 233 237 251 263 264 265 269 278 282 286 269 239 233 239 253 266 282 290 296 295 310 61 156 164 177 191 208 214 217 220 232 231 219 206 190 171 138 132 136 131 130 124 119 114 112
286 283 278 268 252 244 238 237 242 250 252 245 265 270 273 273 260 242 240 246 251 258 268 262 248 250 269 275 55 273 186 190 209 216 218 224 227 227 224 201 186 167 136 125 108 132 131 126 120 114 113
285 282 278 269 256 248 243 239 242 246 248 243 245 263 268 268 258 251 251 251 250 252 263 249 230 228 240 251 260 40 192 212 224 229 227 228 230 230 221 216 192 152 136 130 124 141 136 130 119 112 114
284 281 277 271 262 253 248 245 244 245 242 244 236 257 258 258 256 258 258 253 249 248 234 231 233 231 237 242 251 31 212 233 238 241 237 235 234 234 226 223 184 143 131 133 133 128 134 126 120 116 113
283 279 276 274 267 260 254 250 246 245 241 241 233 238 247 249 256 267 255 255 251 242 230 228 241 244 242 238 241 341 264 252 246 248 249 244 251 248 268 241 164 126 82 141 145 138 132 129 128 122 118
280 278 276 276 272 266 261 257 252 248 242 237 232 224 246 253 262 269 262 252 250 207 210 235 254 261 254 237 273 280 256 263 260 258 264 259 260 280 290 260 140 75 32 162 156 148 140 135 134 127 114
281 279 278 279 276 271 267 263 256 251 242 234 225 215 244 248 262 256 246 240 240 171 247 259 265 289 2 8 317 260 262 272 275 267 271 273 278 287 317 341 64 41 160 169 216 155 147 139 137 124 115
282 280 280 282 280 275 272 266 258 250 242 228 210 199 239 260 271 250 240 237 236 158 207 273 294 2 356 25 295 291 284 287 287 276 275 277 285 307 331 354 72 155 169 173 332 162 145 139 134 128 119
285 283 284 286 283 280 276 268 260 256 243 223 199 201 226 252 269 255 242 238 229 171 191 278 312 11 359 347 316 307 293 293 290 279 270 268 278 295 355 340 187 171 174 172 168 167 154 144 342 120 120
288 286 288 289 287 284 279 269 269 260 272 268 176 150 210 285 275 260 245 241 212 172 181 272 356 18 23 337 326 306 295 292 289 274 269 264 261 269 356 206 192 176 176 193 184 168 157 138 131 125 124
291 289 291 292 291 288 282 275 279 282 273 256 223 144 252 283 290 22 220 263 321 278 284 327 30 33 32 3 317 292 288 286 281 274 268 259 254 238 194 192 185 189 202 186 185 176 153 141 136 131 131
294 292 293 295 294 291 282 284 281 288 284 244 228 248 279 253 351 154 195 188 143 62 53 48 43 44 41 40 316 273 277 278 273 267 263 258 252 236 217 190 196 223 207 212 197 176 153 140 137 126 133
296 295 295 297 297 294 285 294 281 296 281 251 226 230 241 233 40 158 189 172 165 127 82 61 51 66 76 104 130 249 267 269 263 258 254 258 251 239 196 192 229 235 238 223 202 196 131 120 124 133 138
300 300 298 299 299 297 291 302 312 302 275 276 224 224 204 272 129 160 178 142 310 152 83 63 59 66 74 104 132 233 256 257 254 253 253 257 257 244 220 196 200 255 259 271 269 278 128 118 108 135 143
306 307 300 302 302 300 297 304 315 305 283 9 236 215 199 351 159 168 343 339 332 131 86 63 61 56 47 80 121 234 246 242 248 252 252 255 263 251 235 223 211 244 275 279 292 240 122 5 17 30 56
309 310 302 304 304 303 300 303 316 308 304 73 239 199 216 164 170 284 296 333 102 26 75 60 60 55 54 88 151 221 228 229 240 245 254 254 263 254 241 235 242 254 279 281 304 317 352 5 23 45 54
310 311 303 306 307 306 301 299 319 310 327 77 55 258 162 173 201 266 319 342 358 343 55 57 54 60 65 107 181 211 223 227 231 239 243 252 265 263 262 255 258 274 281 298 304 318 352 7 356 10 70
308 309 305 309 310 307 302 297 324 315 338 98 108 143 174 182 195 283 316 334 344 338 24 57 50 66 109 136 185 197 216 225 229 232 239 247 262 268 273 272 276 282 293 298 303 315 336 345 359 10 21
308 308 306 311 313 308 302 299 339 331 351 21 124 148 156 173 195 296 316 323 340 343 338 44 53 66 116 148 176 189 206 218 224 230 244 256 263 271 273 279 281 287 296 298 303 311 330 347 3 19 23
309 310 307 312 314 307 304 327 347 345 341 355 341 273 251 192 257 292 320 316 336 340 341 0 42 55 95 143 165 181 195 208 219 236 248 265 270 273 280 287 283 293 298 300 303 308 333 349 7 29 37
311 312 309 314 314 306 303 307 350 350 337 338 334 305 282 283 281 287 328 317 329 341 335 333 1 46 94 128 152 172 185 204 218 232 252 266 275 281 292 294 283 290 300 305 304 318 335 346 360 26 45
311 313 310 314 314 307 302 309 349 341 332 327 324 313 302 294 286 292 317 314 326 328 321 311 333 26 74 117 151 168 190 201 230 240 256 278 286 296 297 301 297 301 304 309 318 323 332 340 349 1 30
312 313 312 316 317 316 316 318 317 326 318 311 309 307 303 300 299 301 305 309 313 309 305 304 314 356 37 94 140 165 186 214 246 267 277 286 292 301 304 305 308 310 313 317 324 328 334 341 346 340 355
311 311 315 319 323 329 334 327 312 296 301 295 303 304 306 301 302 301 299 303 305 301 296 294 304 344 49 118 147 168 217 256 269 282 290 294 294 297 307 309 314 320 324 326 329 333 339 345 347 334 338
308 310 315 320 324 330 337 330 297 281 297 291 295 298 295 301 293 289 296 303 305 299 294 290 297 341 36 114 148 165 226 266 274 288 298 302 300 304 305 314 318 324 327 328 329 332 337 343 346 348 352
306 310 314 319 323 326 329 327 326 307 300 286 281 278 286 289 288 286 275 300 308 300 295 290 304 354 30 46 145 194 246 271 281 298 305 310 309 311 315 318 321 325 327 328 327 328 331 335 338 341 347
