---
BL Top Uncertainty/Variability (for +1degC) [ft] Valid 1000 PST ~Z75~(1800Z)~Z~ MON 22 May 2017 ~Z75~[18hrFcst@1232z]~Z~
Model= RASP Region= PANOCHE Grid= d2 Reskm= 4.0 Indexs= 1 51 1 69 Proj= lambert 4000 4000 40.0000 40.0000 -73.0000 36.6487 -121.0445
Day= 2017 5 22 MON ValidLST= 1000 PST ValidZ= 1800 Fcst= 18.0 Init= 12 Param= bltopvariab Unit= ft Mult= 1 Min= 26 Max= 2769
331 330 339 353 321 173 163 92 97 189 109 85 417 868 838 592 776 911 708 706 712 637 613 621 655 664 715 874 870 833 863 983 1022 1006 979 926 822 765 742 793 818 724 710 619 462 533 424 329 359 381 366
332 334 333 342 306 170 259 184 108 181 204 83 297 681 715 617 866 904 713 670 739 697 649 593 647 678 701 872 878 827 879 973 1061 1015 980 928 808 791 756 812 806 681 677 563 453 487 427 330 341 366 368
335 337 326 316 262 182 265 210 127 167 197 94 225 656 818 673 888 904 726 693 710 704 599 578 643 679 707 819 887 830 856 897 982 998 990 945 828 797 815 833 801 648 626 508 443 432 417 372 338 358 361
340 343 320 258 209 245 268 240 180 130 161 112 231 829 873 789 843 847 791 750 687 629 680 669 635 633 688 702 762 768 773 799 825 918 959 961 925 870 905 877 840 683 589 469 436 390 374 365 352 351 353
340 344 316 223 193 194 281 240 105 33 127 105 359 1008 650 806 871 937 931 829 772 713 677 662 659 607 652 731 723 737 769 812 873 940 1015 974 920 976 922 871 800 638 581 570 441 439 374 357 355 341 349
333 338 313 216 188 182 260 238 69 88 84 109 438 679 795 828 877 992 1205 1031 763 703 619 585 615 635 614 632 718 749 759 760 892 965 1031 1013 957 943 975 835 788 617 581 466 441 430 379 359 355 331 345
330 336 311 201 187 200 263 141 45 104 90 157 1048 715 826 841 869 960 1726 1768 888 656 573 533 561 608 601 541 676 796 781 763 860 967 1054 1033 864 848 926 765 734 583 552 462 453 408 379 362 351 322 342
326 332 305 217 211 193 244 104 77 111 98 199 746 939 885 910 896 907 1614 1979 1000 661 572 489 512 570 617 569 687 730 730 761 951 1064 1040 990 804 558 816 716 634 572 537 468 412 385 342 354 349 334 345
324 328 296 231 221 192 188 90 35 104 118 270 809 704 819 925 930 985 1336 1925 1053 638 561 499 476 560 600 684 653 635 699 770 1051 1055 1043 926 703 522 581 532 525 571 472 411 379 371 369 349 345 357 347
324 325 287 228 219 192 156 101 27 107 140 1368 623 734 768 881 1007 1118 1630 1776 1564 732 474 471 444 501 580 625 588 576 697 1013 1028 941 965 671 572 489 560 530 475 451 526 433 397 357 366 349 357 328 352
324 324 280 220 201 155 132 45 86 125 209 767 738 623 607 812 1031 1251 1436 1332 1856 1173 631 444 466 518 517 423 382 624 951 1077 832 812 732 590 524 489 465 503 492 416 444 428 373 379 364 323 342 329 356
330 325 282 222 180 135 118 26 94 165 818 582 885 649 692 839 1131 1374 1544 1420 1684 1619 647 461 422 470 439 320 423 1053 1128 943 761 667 556 540 509 479 448 452 484 478 467 441 423 380 357 341 343 339 358
341 326 289 228 174 130 71 88 114 183 632 615 1001 820 946 985 1139 1420 1219 1538 1835 1376 621 407 316 416 387 306 718 1345 1146 830 774 709 586 538 526 463 422 460 443 461 451 446 358 358 346 348 344 337 357
346 327 293 232 167 118 56 103 170 302 557 712 971 871 905 1048 1192 1523 1777 1687 1756 1089 499 361 238 320 352 445 852 1268 1089 836 752 728 623 559 585 468 643 419 432 419 444 465 378 358 341 362 326 336 354
123 328 294 232 166 100 55 132 332 681 637 787 826 799 846 1104 1266 1517 1759 1651 1382 1298 539 367 272 301 350 576 893 1053 1081 885 815 832 848 563 480 510 474 537 480 492 403 335 369 365 356 338 319 323 309
122 329 293 230 158 91 65 154 1188 804 593 847 831 797 957 1165 1305 1463 1779 1210 991 1385 563 349 318 293 418 686 870 954 1101 996 985 960 740 634 520 522 479 465 456 407 444 356 334 268 343 296 251 265 317
120 106 293 231 146 85 69 184 1178 566 607 812 828 845 1052 1146 1113 1229 1701 813 719 1353 769 350 311 358 503 715 872 850 1095 1061 1092 1068 803 704 550 545 492 533 435 413 408 351 269 265 264 248 249 255 261
120 105 292 232 133 83 88 343 601 497 636 727 814 898 1099 911 778 1260 1468 902 725 1225 945 423 308 436 589 706 721 764 852 902 916 873 891 690 527 519 495 453 427 419 395 284 268 274 269 253 252 253 264
119 103 291 230 121 81 77 889 595 524 770 707 836 954 1060 827 793 1458 865 533 561 1124 987 460 358 483 563 567 636 763 878 934 939 781 823 656 513 485 460 432 421 421 386 244 272 278 272 248 234 228 234
119 101 290 229 104 74 139 676 686 616 741 774 880 1062 979 884 934 948 541 374 449 1209 1020 499 389 442 577 525 687 748 796 742 775 1101 893 552 511 479 443 420 413 413 342 281 266 278 269 238 203 185 190
121 98 290 229 109 72 167 587 703 685 682 813 880 1073 828 921 1031 688 444 642 639 1488 1036 409 356 383 454 504 728 703 683 647 588 863 582 503 507 483 425 407 410 381 345 258 251 279 273 239 183 181 187
123 96 291 233 123 84 119 577 588 738 695 776 893 900 891 927 873 523 309 844 919 1565 1049 386 333 389 503 635 659 632 621 484 1312 577 622 489 493 438 381 394 402 357 332 336 238 282 263 220 184 187 200
126 95 287 235 147 78 107 554 593 862 684 738 830 846 986 932 792 448 297 1002 942 1515 1140 500 400 451 659 718 514 488 488 755 1439 735 943 519 463 388 393 379 370 344 324 297 242 267 266 221 185 189 204
134 182 280 234 158 83 129 772 541 758 707 761 793 832 950 1035 753 580 479 979 646 1314 1472 689 445 469 488 424 391 526 748 1001 1212 1022 662 537 446 470 373 375 362 346 325 329 221 246 268 236 185 186 202
208 184 272 228 155 84 154 611 523 706 633 635 689 830 891 1164 766 701 358 763 304 648 1382 1106 473 343 298 257 228 485 862 893 985 964 968 523 477 445 422 380 385 328 316 326 277 248 273 241 202 179 200
217 182 261 210 116 82 343 540 478 635 593 623 621 760 861 1055 799 489 343 296 300 874 1665 1028 354 231 248 238 259 465 680 832 880 768 744 489 449 400 421 385 390 348 331 341 346 237 273 254 229 179 193
222 179 248 191 97 75 442 483 497 648 588 581 626 730 830 898 596 359 371 332 1022 1492 1199 506 347 223 256 211 284 420 723 689 1147 950 466 457 589 565 425 395 379 336 343 335 347 247 263 259 245 188 194
254 174 233 174 91 81 441 511 547 673 632 558 668 776 816 847 356 379 417 379 979 1474 1059 314 266 207 227 232 272 559 697 1214 946 731 512 456 438 432 433 400 357 342 345 327 332 303 245 247 257 211 196
260 195 216 166 81 82 336 461 686 577 559 779 842 849 929 436 340 329 275 348 524 1094 1563 414 269 190 250 285 383 645 1043 1413 787 657 494 467 439 445 418 395 355 360 351 361 354 344 324 287 247 261 263
241 194 200 167 96 117 293 446 391 486 578 852 1007 1053 1061 613 402 337 330 470 860 1209 1787 446 238 188 256 340 523 661 1256 1349 626 648 493 465 416 405 417 382 351 346 341 345 345 338 334 312 275 243 251
188 196 189 168 98 88 472 353 374 498 583 912 1074 1029 1037 767 380 403 502 992 1285 1943 1479 403 203 214 285 479 624 719 836 1084 668 560 495 474 430 398 432 403 348 342 338 361 355 344 334 304 299 280 279
83 183 178 155 78 241 717 321 384 583 556 798 1079 969 1017 854 384 357 655 1225 1550 1478 797 378 230 241 437 567 679 695 733 865 778 621 512 459 428 406 400 370 341 355 361 363 358 344 328 318 310 299 297
75 178 171 146 62 276 1538 304 514 605 631 701 1052 1019 1059 599 367 396 776 1357 924 943 793 368 247 327 515 617 597 567 575 789 1163 603 513 471 408 408 404 361 331 354 316 357 303 339 323 317 312 299 310
70 176 175 157 272 348 1757 452 393 541 790 840 964 921 866 359 315 370 998 1375 892 747 751 370 291 411 541 701 643 468 575 1132 799 593 497 427 490 413 392 334 330 347 307 353 333 324 319 316 305 298 293
68 193 184 161 270 360 1632 307 224 359 774 1205 900 972 243 236 263 359 1149 1125 751 638 553 317 279 469 540 640 668 627 1184 1127 811 589 508 426 435 434 373 326 331 345 348 297 317 305 315 315 305 313 357
71 219 202 180 286 430 1853 222 306 2357 2248 697 846 1011 197 207 216 214 1361 796 614 522 405 302 292 520 524 612 604 817 1124 902 706 581 526 450 451 394 367 333 302 340 349 296 244 281 254 313 294 333 389
82 243 226 138 42 480 1772 203 557 1078 1218 864 731 723 185 192 172 181 1248 600 565 561 494 368 324 394 488 533 624 671 1088 1077 739 620 514 445 440 387 360 332 316 321 287 327 282 267 223 309 285 341 409
96 175 236 137 62 503 1370 409 1757 468 313 1213 907 474 171 165 182 186 1233 533 757 1649 1542 968 387 331 351 349 464 856 1350 1026 688 514 485 444 440 379 356 327 317 301 258 281 276 208 210 303 278 334 426
117 198 246 131 62 177 724 931 527 242 164 654 999 148 137 157 144 257 1956 579 1636 1152 1363 1919 517 305 331 403 674 1333 1176 911 608 498 451 443 437 375 348 314 310 300 256 264 278 208 214 298 278 354 421
152 230 253 125 56 47 458 522 251 166 131 120 124 108 127 140 132 211 950 840 1656 865 632 1498 726 323 385 750 1387 1374 900 759 665 495 461 445 432 370 340 307 303 311 279 284 287 250 224 303 283 302 403
182 223 262 128 62 60 128 141 144 147 127 108 104 127 131 157 123 373 1180 1298 1116 311 275 344 2185 420 436 1338 1482 1294 881 598 525 492 471 449 442 364 333 303 304 325 327 330 271 223 294 297 297 288 412
186 147 272 155 82 60 37 119 115 147 92 90 124 107 98 151 116 281 1251 1403 691 254 182 231 2769 407 526 1238 1355 1268 737 591 498 482 457 416 385 358 328 311 323 327 319 339 315 275 276 295 294 290 405
176 143 205 145 67 58 70 80 102 49 65 89 103 151 83 137 105 231 781 958 294 210 198 169 2368 345 477 1187 1169 1252 1075 693 504 479 446 421 381 356 332 327 323 329 328 346 312 303 312 309 292 303 376
170 146 201 157 97 89 64 56 38 101 73 64 99 100 114 98 98 148 311 332 225 172 178 170 270 468 485 1263 1108 869 1040 570 515 472 432 418 373 353 346 342 319 329 292 352 316 283 325 307 297 307 414
167 147 124 161 135 130 117 105 112 123 161 106 71 68 72 82 91 122 174 193 175 152 167 206 215 1429 551 1350 844 88 676 531 510 433 414 392 372 372 341 349 350 274 280 282 263 320 330 316 301 315 451
172 154 125 122 66 55 48 46 114 126 100 187 83 85 96 101 86 111 122 177 157 176 224 175 233 1421 1199 1280 999 684 729 548 497 420 404 399 382 354 347 294 280 268 256 275 286 336 331 324 294 331 509
168 154 125 94 82 65 54 50 47 125 132 143 100 76 84 85 70 92 139 155 207 196 83 122 448 1310 1431 1202 1098 985 740 557 491 434 419 407 389 353 346 275 267 237 244 269 277 350 337 330 299 336 522
159 144 122 94 84 74 134 139 140 136 143 107 232 97 73 91 71 79 50 231 265 236 193 302 1238 1374 1345 1235 1142 1124 817 580 486 459 436 418 313 312 215 266 264 249 266 237 225 275 293 318 310 336 488
145 132 114 93 84 131 149 144 137 128 140 114 229 124 67 62 72 95 179 340 260 230 180 901 1427 1368 1282 1176 1077 1203 893 614 494 480 417 373 288 205 198 257 269 272 239 196 275 309 288 293 331 329 399
137 123 120 117 154 155 151 144 132 117 123 99 204 108 61 69 79 133 246 406 279 224 295 1183 1191 1246 1254 1096 1036 1087 853 538 533 494 431 342 288 280 201 191 247 264 189 298 276 300 301 302 340 321 359
131 117 119 161 162 158 153 138 132 105 89 114 163 94 73 79 93 206 368 405 297 225 287 1153 863 1075 1073 1046 1045 1037 822 598 563 516 425 315 266 199 176 169 218 249 255 208 55 264 278 327 338 323 334
127 113 160 168 161 158 144 126 128 93 126 75 88 66 86 87 153 294 540 466 300 249 241 1064 713 873 916 1009 1038 1042 830 637 574 544 418 369 228 269 185 231 236 204 265 216 208 209 263 310 252 323 335
124 110 167 168 158 154 122 125 82 101 82 88 80 106 119 139 453 1039 771 520 322 250 356 1119 689 712 780 885 970 1020 905 692 660 576 431 406 275 260 249 185 213 263 284 264 199 242 242 301 327 324 342
123 108 168 167 156 150 114 109 79 129 85 99 95 104 114 216 1024 1042 855 495 344 297 403 1154 610 662 663 641 739 852 904 769 672 595 472 408 302 257 280 211 203 266 263 277 206 234 228 294 326 326 341
123 107 166 167 155 144 120 105 82 136 85 98 115 140 170 503 791 1032 788 401 315 331 350 1361 504 629 563 551 573 637 807 827 702 610 559 370 272 250 234 246 248 211 219 245 221 212 234 293 329 329 340
122 106 168 171 157 140 111 85 70 114 154 204 235 208 287 862 677 1200 476 333 278 287 335 1368 468 547 478 435 447 555 693 732 732 673 559 387 282 230 194 260 272 217 232 234 213 224 234 285 326 334 343
120 105 169 177 161 135 95 65 143 117 341 480 333 325 544 621 654 949 261 301 218 281 392 866 450 525 473 432 383 547 596 626 664 680 594 391 309 245 211 227 244 204 221 251 240 236 244 281 323 335 349
118 103 173 185 163 124 76 60 132 138 604 717 511 480 571 566 689 309 238 231 244 247 430 610 369 567 503 477 477 613 608 517 632 644 618 443 295 248 245 186 197 192 209 241 264 234 252 284 322 329 343
115 100 173 183 164 109 69 52 142 203 691 894 634 576 933 588 356 244 220 225 261 266 394 645 377 579 530 460 592 637 458 470 639 626 607 473 282 257 234 237 204 217 224 248 261 263 263 286 324 332 353
112 98 171 166 158 97 66 51 142 211 438 838 812 926 998 717 266 225 216 228 257 280 376 929 389 555 560 563 474 429 426 524 706 630 572 497 282 273 257 238 235 238 253 240 246 262 277 284 326 339 376
108 95 162 154 145 90 73 44 140 167 404 825 888 962 884 353 212 220 236 237 268 278 374 1191 350 523 471 434 347 345 474 596 624 634 515 528 301 299 281 267 239 243 241 207 216 257 270 279 332 355 401
251 93 167 161 137 87 94 54 136 168 409 711 857 833 823 300 223 238 184 213 274 264 320 1590 334 364 419 374 361 376 428 549 569 561 619 426 352 298 289 270 255 237 184 159 180 248 267 283 319 368 398
241 143 172 166 133 87 80 101 130 183 370 352 721 540 700 290 228 166 227 205 239 253 250 1333 350 236 304 302 309 386 482 557 519 533 633 385 304 253 198 209 253 230 176 158 189 243 255 286 287 374 420
169 162 165 165 128 95 77 36 114 168 312 311 443 458 494 278 217 205 37 194 237 201 198 782 660 306 329 305 321 396 513 535 560 543 536 367 268 189 180 180 264 244 182 158 235 206 227 297 283 377 436
173 168 162 161 115 114 153 44 97 116 180 370 398 367 308 216 188 192 76 153 160 198 201 384 1278 782 504 432 375 496 576 556 550 610 505 339 222 187 176 172 169 168 181 198 164 179 211 288 294 376 452
176 173 166 166 119 131 187 137 160 156 161 206 235 246 219 255 281 253 235 227 241 226 266 349 764 1118 778 566 523 557 568 559 602 726 560 362 228 195 180 172 168 164 165 167 174 192 236 268 313 374 443
186 180 176 179 160 104 132 75 127 178 130 178 197 223 179 164 139 132 191 137 151 157 219 377 463 885 974 762 696 650 613 571 646 689 401 231 225 197 186 171 164 162 170 179 196 205 216 246 273 375 444
191 185 183 193 182 115 91 44 116 179 110 173 150 141 182 97 46 54 160 114 118 126 152 302 446 508 928 796 752 675 571 544 610 651 374 211 210 205 191 170 164 163 176 186 195 207 219 235 239 310 440
194 188 189 223 203 116 99 42 109 137 96 103 165 167 88 45 62 53 283 110 114 121 140 228 487 493 826 616 698 642 551 559 624 553 347 204 199 185 181 168 168 171 180 184 191 199 205 223 223 247 371
