---
BL Top Uncertainty/Variability (for +1degC) [ft] Valid 1300 PST ~Z75~(2100Z)~Z~ MON 22 May 2017 ~Z75~[21hrFcst@1239z]~Z~
Model= RASP Region= PANOCHE Grid= d2 Reskm= 4.0 Indexs= 1 51 1 69 Proj= lambert 4000 4000 40.0000 40.0000 -73.0000 36.6487 -121.0445
Day= 2017 5 22 MON ValidLST= 1300 PST ValidZ= 2100 Fcst= 21.0 Init= 12 Param= bltopvariab Unit= ft Mult= 1 Min= 29 Max= 3702
360 358 392 428 370 247 247 197 126 206 114 104 173 241 310 790 1095 2195 582 451 361 338 321 305 311 294 294 320 365 399 454 509 566 658 698 683 648 584 546 575 638 909 1450 2030 928 697 474 394 368 372 390
366 368 376 413 345 258 255 222 140 179 248 104 148 254 322 829 1655 1407 559 457 338 324 331 313 306 283 298 326 372 406 471 530 585 660 686 639 667 596 608 647 738 936 1419 1956 875 710 574 421 387 386 396
372 377 360 355 318 272 268 240 161 199 199 134 148 248 358 973 2236 990 556 414 331 362 336 324 325 297 302 337 379 408 474 528 578 620 672 634 643 660 654 711 787 899 1312 1643 909 687 598 451 399 383 386
380 387 348 305 270 285 291 273 146 157 161 143 156 234 414 1252 2036 848 566 407 413 382 379 373 367 338 332 365 383 423 464 503 533 547 580 610 594 602 632 656 713 809 1068 1249 970 667 518 478 393 362 355
377 383 338 276 263 298 287 268 160 42 119 133 134 310 447 1434 1122 642 439 405 401 366 350 374 386 368 365 370 366 415 473 487 506 517 502 521 555 554 537 570 629 682 924 1165 896 575 433 447 418 343 403
365 367 328 269 264 276 268 268 119 72 107 127 186 300 1122 1602 826 465 419 368 338 376 364 353 380 377 373 406 344 394 451 440 503 534 546 499 495 577 508 512 536 680 841 939 764 513 363 374 426 344 432
356 354 322 267 276 258 264 224 87 91 130 136 267 653 1525 957 664 729 456 392 432 404 380 348 373 379 379 363 338 379 414 434 482 525 539 542 508 483 562 596 614 698 673 695 604 467 355 356 394 368 407
351 343 311 271 265 243 237 149 62 97 130 158 385 1651 1036 620 456 438 506 496 474 433 408 337 360 370 377 313 364 360 371 420 400 449 492 473 497 486 493 500 541 544 662 548 454 389 334 328 362 360 382
352 336 300 269 250 229 172 179 82 88 153 226 717 1292 692 578 500 498 493 498 434 426 386 339 342 356 356 349 384 379 316 308 336 391 402 421 443 486 482 468 487 530 594 500 437 344 292 303 330 338 351
354 331 291 259 233 176 151 116 47 105 142 326 1603 958 506 456 476 449 434 425 391 389 370 345 331 338 336 364 411 292 271 294 335 357 391 405 449 470 502 501 479 478 535 579 452 342 286 288 307 310 324
360 327 280 244 191 139 133 47 79 114 248 1322 912 755 550 369 351 366 437 391 383 378 381 332 319 329 357 372 252 174 221 315 356 363 438 416 425 418 462 455 447 450 482 539 398 314 284 280 290 299 317
367 324 277 229 139 136 73 35 103 168 683 882 603 597 477 350 381 416 452 420 407 409 387 308 301 316 327 309 191 183 233 284 393 454 431 428 467 496 485 471 449 453 450 439 345 305 293 291 296 305 331
374 321 276 206 115 138 38 104 139 258 744 742 451 422 475 410 375 419 493 470 458 424 364 237 241 293 267 250 222 249 244 333 417 511 411 436 465 426 435 434 417 423 398 393 316 302 290 291 298 311 350
381 319 274 179 104 122 40 123 203 321 1113 657 486 406 454 462 405 450 555 536 508 415 342 274 235 274 203 231 296 308 271 431 473 482 405 494 510 531 690 371 393 418 344 350 299 287 283 271 273 286 320
281 317 269 161 99 77 32 211 327 580 1452 482 450 361 426 484 441 536 559 578 505 390 318 267 276 260 185 265 291 321 306 480 561 525 409 454 455 422 373 546 378 401 361 349 311 265 251 276 328 356 397
279 223 263 146 88 55 33 271 625 1182 706 457 534 434 422 475 462 567 465 563 473 361 259 276 221 180 204 238 280 396 436 590 618 522 522 565 444 407 420 497 414 342 349 337 304 313 317 399 533 672 786
255 214 261 138 83 50 36 311 833 996 647 417 511 491 408 466 507 444 451 565 493 354 241 257 229 168 234 236 279 376 516 671 632 579 574 656 470 446 442 458 457 330 358 323 327 387 463 529 644 691 773
237 211 261 132 78 43 42 471 1155 963 578 397 403 457 500 557 580 422 444 583 509 380 257 258 285 184 219 248 264 334 501 628 541 622 554 674 502 494 492 455 491 424 370 335 359 440 474 539 586 592 567
193 208 264 128 71 33 57 662 811 792 448 446 380 398 504 628 497 444 506 594 446 390 310 303 229 225 205 236 223 321 463 488 526 502 550 618 493 554 535 491 498 377 371 333 406 451 510 527 620 625 592
190 119 268 129 67 30 280 1052 714 602 453 455 425 461 538 402 426 443 472 555 429 427 356 314 218 204 176 186 264 396 428 402 358 350 482 466 558 598 576 515 505 384 303 358 429 474 517 540 643 571 601
190 121 271 135 72 47 243 934 497 395 405 420 462 422 524 371 326 476 455 482 426 441 358 296 238 169 167 245 319 375 389 379 291 353 459 587 583 630 556 529 528 414 324 366 470 506 564 550 664 589 611
194 127 275 147 89 68 88 507 380 312 374 401 438 426 397 386 306 517 579 384 400 428 382 317 306 235 253 315 381 366 307 262 288 343 409 581 513 507 500 521 551 418 395 462 503 521 533 559 651 589 608
198 213 271 152 89 60 71 454 496 330 352 400 445 433 391 236 334 481 589 509 460 411 381 383 339 262 289 345 291 321 270 322 359 390 611 622 675 522 688 537 448 456 452 414 562 552 532 570 664 595 557
255 217 263 159 88 71 83 415 697 252 313 413 462 411 383 306 496 485 608 587 456 484 457 486 369 249 278 333 345 369 313 437 508 512 621 622 674 681 676 608 433 487 499 694 679 603 521 574 691 584 539
269 207 256 168 89 79 146 1026 700 227 291 434 465 386 336 362 591 527 597 477 555 485 464 588 291 255 277 259 175 241 310 496 519 536 734 710 677 676 688 627 683 439 558 745 611 568 682 590 715 577 526
266 200 250 170 63 84 502 946 464 276 393 545 458 370 243 542 593 533 633 650 726 669 582 404 290 163 194 204 125 184 285 338 484 455 697 756 625 579 663 594 615 688 579 701 743 850 736 628 713 589 576
263 193 242 169 75 113 511 914 419 367 385 398 341 346 437 425 558 620 582 844 605 517 421 329 210 163 192 226 137 152 278 342 468 443 541 575 649 651 644 542 483 580 589 804 549 888 707 731 678 687 574
263 188 232 164 78 134 486 975 366 512 573 418 330 323 435 415 598 508 604 767 454 435 335 251 194 171 179 221 150 240 241 314 413 457 494 581 568 606 625 525 517 580 649 872 874 817 1059 718 838 677 599
265 179 224 164 69 104 528 1277 360 370 424 396 456 377 394 444 604 579 741 655 459 461 340 254 198 152 170 203 194 286 269 261 396 423 522 552 598 553 620 523 485 487 479 663 570 1024 903 1035 841 987 749
271 170 216 161 63 98 451 1697 294 268 268 229 341 454 426 601 684 695 775 654 549 507 360 258 182 134 133 162 269 302 319 307 461 414 560 561 475 484 583 557 500 590 526 957 975 990 959 980 1108 954 1099
288 162 208 151 58 62 618 937 263 269 349 393 420 495 611 743 661 791 767 652 540 488 285 258 160 121 121 163 289 278 333 411 585 493 639 646 474 465 642 629 554 699 611 806 708 870 1055 943 1147 1194 1009
296 156 207 145 53 340 711 631 234 287 320 384 452 424 543 691 907 900 675 553 489 420 315 308 196 129 128 211 312 288 313 389 641 668 572 558 497 474 488 529 595 830 594 635 558 772 1032 945 1133 1231 1256
302 158 215 149 64 321 831 681 186 255 339 422 390 380 660 1102 1226 979 627 537 400 392 352 255 187 191 259 273 285 258 274 317 520 650 603 498 530 524 532 499 575 639 659 639 791 741 912 944 1125 1187 1298
309 158 227 172 239 420 996 925 225 267 359 411 368 419 1356 1445 1439 1233 779 674 488 379 408 250 138 211 274 306 299 260 260 289 488 536 494 506 718 583 470 475 508 522 735 760 875 831 828 961 1093 1137 1257
322 154 233 183 235 400 1141 628 151 211 406 373 430 748 699 353 400 1421 911 626 456 355 273 192 216 189 244 237 313 323 308 367 448 577 552 631 605 476 502 569 573 597 739 844 928 933 933 1040 1095 1115 1231
327 149 238 199 227 505 1561 363 130 3081 3702 270 710 1582 305 246 288 919 1122 609 391 279 253 235 194 177 224 207 253 357 302 406 533 593 648 667 576 557 514 707 833 672 792 669 903 1041 611 1108 1124 1121 1212
307 138 253 175 52 643 1338 269 185 2703 2111 1521 632 1038 233 320 223 435 1227 518 326 233 217 206 199 226 195 161 246 258 356 466 533 646 603 691 610 560 650 778 703 737 667 645 1064 1005 439 1035 1065 1092 1216
211 147 262 160 49 407 1256 238 320 1800 519 1095 747 323 227 305 176 230 2059 458 256 190 211 253 205 199 138 175 237 207 292 382 449 528 568 756 777 710 843 832 580 765 475 460 1024 432 529 767 822 1095 1285
201 170 277 157 53 262 1725 385 1827 793 369 213 490 174 266 215 151 201 1967 322 273 220 225 276 190 147 136 184 250 241 325 411 489 601 646 825 913 860 856 871 439 710 489 484 1076 499 607 967 1204 1284 1317
199 164 300 170 92 52 358 1169 900 389 290 237 146 127 211 191 141 317 634 267 321 267 438 246 211 138 189 168 269 295 401 475 463 687 812 806 894 861 862 882 441 650 694 606 1016 867 1267 1333 1075 1054 1250
193 190 325 202 128 62 150 398 399 249 216 180 172 145 167 151 154 448 402 230 361 490 548 363 208 172 184 294 306 359 439 428 547 656 765 798 891 789 848 825 441 642 761 779 749 618 884 1204 1448 1031 1316
186 188 349 243 130 149 34 126 176 121 119 106 127 139 166 125 112 122 296 303 536 1337 972 520 270 192 172 206 322 447 430 524 746 925 973 794 598 742 831 738 490 718 448 497 751 922 1158 1085 1307 946 1265
176 183 359 286 179 155 80 78 97 67 72 61 80 102 104 127 81 70 1077 535 1911 2090 1610 510 267 189 190 281 380 408 527 639 886 1019 1072 1084 539 764 689 416 692 642 507 470 406 789 808 1054 1060 833 947
162 170 353 325 199 187 170 118 57 67 140 74 53 81 77 121 68 79 348 1118 885 805 1936 547 222 137 175 229 451 462 616 751 811 864 970 952 582 757 416 519 790 499 572 559 571 501 776 972 857 692 1108
147 151 274 304 242 213 185 176 199 177 304 191 78 71 85 82 60 73 110 235 345 407 2276 781 458 143 166 213 586 909 582 814 718 755 873 647 677 748 538 590 476 600 501 492 489 387 518 729 550 478 1074
132 136 237 243 142 131 176 176 209 321 281 336 200 71 73 59 53 63 84 107 245 319 797 2245 1022 345 196 225 495 638 746 637 693 557 667 556 559 468 738 564 545 550 507 492 510 386 553 455 394 417 812
158 198 184 116 118 119 111 172 230 309 263 312 218 72 66 56 59 61 66 95 134 350 1073 520 2557 346 203 345 518 678 857 816 801 551 508 556 463 581 463 530 552 519 495 471 473 389 356 380 383 402 709
210 242 240 183 154 111 96 219 242 192 277 256 269 206 103 68 77 57 183 101 140 526 758 1790 821 345 272 449 553 768 824 852 742 660 449 477 540 585 595 598 563 533 492 613 670 498 390 385 378 388 539
212 260 241 182 197 199 199 206 218 225 249 225 241 147 99 85 82 57 79 1943 2227 2170 1637 724 515 335 351 512 576 765 834 810 725 683 529 583 587 548 628 585 581 522 446 700 624 541 453 386 376 366 479
225 305 280 200 189 179 178 166 188 224 208 148 161 118 83 98 75 88 130 1088 864 1010 810 521 454 450 441 523 652 760 769 577 519 630 646 474 498 624 588 601 530 522 441 570 373 487 414 393 467 372 448
259 309 276 190 173 169 163 144 218 172 124 108 127 50 83 97 82 102 1480 1012 932 810 788 460 418 486 448 535 766 927 949 666 631 637 621 515 505 545 612 527 510 479 617 498 53 427 449 410 398 389 462
318 309 239 176 163 165 142 147 182 72 116 47 59 98 86 98 92 324 1162 1015 985 988 760 375 376 481 430 584 814 1014 1028 620 551 644 593 543 607 550 532 464 418 417 549 569 559 595 487 443 399 424 479
319 308 225 168 160 156 115 189 57 121 150 129 163 99 90 123 1527 827 878 966 873 1077 698 389 400 484 507 733 946 1076 1191 788 634 715 473 606 547 506 489 458 441 580 542 514 371 510 499 477 460 459 470
320 309 207 163 159 145 119 164 34 98 164 121 107 159 158 517 706 605 791 783 770 1096 636 381 397 501 647 842 999 1210 1299 1030 749 544 544 470 463 479 563 471 539 507 503 541 518 569 377 441 477 466 399
320 310 203 161 160 140 185 77 102 183 153 143 139 150 267 2015 474 460 773 783 730 993 615 417 455 573 706 803 915 1241 1360 1231 832 604 521 537 477 461 441 543 424 547 489 471 373 378 382 373 359 365 433
318 308 197 165 157 139 182 59 90 170 274 765 389 426 1003 811 364 484 735 901 1089 785 648 490 389 569 732 616 653 1094 1356 1416 1021 776 808 496 547 543 520 501 368 483 362 380 394 412 431 398 382 402 464
204 275 188 172 148 136 159 65 165 151 1244 1575 1421 1496 1624 354 268 478 785 1076 852 705 604 506 431 503 560 557 606 1052 1302 1441 865 608 564 468 455 458 489 453 495 340 360 405 357 355 350 406 411 447 504
168 156 178 178 144 125 129 85 155 192 1210 671 901 949 534 205 202 610 1382 1074 778 712 786 525 363 418 579 565 595 889 1134 1411 892 558 593 540 466 466 489 406 450 351 327 354 349 361 358 360 352 349 545
91 85 173 151 155 109 94 85 149 293 782 494 759 705 419 262 314 1362 1611 1210 921 810 972 841 356 419 542 546 506 699 1013 1246 624 645 477 492 392 393 374 362 356 358 376 331 376 416 418 354 341 362 501
85 78 170 113 154 99 70 87 146 295 896 385 481 437 373 407 705 1699 1461 1271 972 737 790 1243 417 383 520 474 436 631 910 830 1009 815 657 434 363 392 420 424 409 386 319 379 339 333 432 356 333 368 377
80 75 168 133 146 93 76 69 150 317 1277 396 449 389 344 659 1193 1206 1137 1027 788 705 679 940 480 348 418 358 432 623 816 725 754 657 463 370 381 431 366 342 342 327 349 334 341 357 366 392 400 410 400
76 72 164 82 141 87 79 102 159 408 1422 357 237 282 402 840 1281 560 595 799 771 692 729 831 448 262 297 295 417 663 674 663 564 420 363 352 427 365 360 383 362 322 316 314 347 366 328 363 420 444 435
73 69 160 124 139 83 91 77 133 314 1115 414 221 269 977 1319 645 446 721 683 932 740 761 885 332 211 228 272 482 604 539 548 467 387 383 441 373 358 437 436 351 315 289 331 317 464 341 353 383 433 479
72 67 153 139 136 85 140 45 99 333 500 912 516 597 1078 1146 332 405 34 612 1100 1305 809 817 283 171 270 258 465 520 461 470 387 354 351 400 363 420 363 331 359 348 302 326 327 357 388 365 360 388 468
69 65 154 148 134 97 164 79 85 145 391 411 1122 1189 790 368 306 350 333 400 425 552 1796 1099 398 275 254 304 340 407 391 332 313 323 326 356 394 357 309 318 335 308 303 303 315 309 333 355 347 382 384
67 65 158 163 141 136 224 156 157 133 203 403 471 520 460 451 393 328 272 309 342 441 1246 1822 970 573 429 389 407 429 468 411 409 469 477 435 418 372 341 343 331 331 355 374 354 350 347 333 330 378 409
64 108 181 209 203 123 120 49 125 161 193 374 388 414 352 190 128 87 199 152 183 206 277 2473 869 434 414 411 429 455 466 446 516 525 424 393 386 356 348 373 344 356 402 427 432 414 404 395 380 385 438
80 136 192 216 228 126 106 37 121 166 153 340 307 287 431 83 41 43 207 130 153 176 224 2021 976 390 347 348 373 428 483 435 486 492 378 368 374 355 360 358 348 343 394 416 405 386 389 385 378 388 411
110 146 186 227 236 132 102 46 61 121 120 309 342 359 69 29 37 43 171 164 148 186 260 2012 715 389 349 347 374 439 471 443 484 423 372 367 363 376 351 358 344 349 385 393 398 394 385 358 369 389 403
