---
BL Wind Direction [deg] Valid 0700 PST ~Z75~(1500Z)~Z~ MON 22 May 2017 ~Z75~[15hrFcst@1228z]~Z~
Model= RASP Region= PANOCHE Grid= d2 Reskm= 4.0 Indexs= 1 51 1 69 Proj= lambert 4000 4000 40.0000 40.0000 -73.0000 36.6487 -121.0445
Day= 2017 5 22 MON ValidLST= 700 PST ValidZ= 1500 Fcst= 15.0 Init= 12 Param= blwinddir Unit= deg Mult= 1 Min= 0 Max= 360
299 299 301 300 298 296 295 276 283 274 279 44 84 84 90 84 89 96 103 106 107 104 97 90 83 79 71 73 61 52 37 14 353 344 342 340 338 333 325 319 286 220 193 181 176 177 181 187 190 194 199
297 296 298 298 295 294 293 276 284 278 281 354 67 74 84 78 85 94 102 105 104 101 93 87 80 77 70 73 61 53 42 22 5 353 349 346 343 339 335 331 304 224 194 181 177 178 182 187 190 193 197
295 294 295 294 292 288 286 286 286 288 290 356 49 58 65 69 78 88 95 100 102 99 92 85 79 74 71 68 62 54 43 27 10 358 350 346 343 341 338 336 315 236 198 185 180 180 182 185 187 190 194
294 292 292 292 288 286 287 294 301 304 287 84 66 56 56 56 62 59 47 65 88 98 92 85 79 75 71 67 61 53 43 30 13 358 350 346 345 344 342 338 323 272 212 193 186 183 181 182 183 186 190
294 292 292 290 287 284 287 295 303 299 253 108 70 56 49 47 51 27 336 315 349 96 91 83 76 73 70 67 61 50 38 26 7 355 349 347 350 349 350 344 328 287 233 205 190 185 180 180 180 182 186
294 293 293 291 287 286 287 292 291 286 248 210 61 54 50 51 50 37 333 303 284 255 89 78 71 70 70 69 61 49 35 22 2 349 339 337 339 340 342 339 329 301 251 211 194 187 180 179 178 179 183
294 294 294 291 286 285 286 288 284 279 245 158 62 57 57 60 56 41 342 295 278 266 86 75 69 69 70 69 61 50 35 16 354 338 330 330 332 335 338 337 329 307 255 215 197 190 178 178 177 178 180
295 294 294 290 286 284 284 283 286 274 248 110 65 63 63 65 59 21 332 299 275 262 312 74 69 71 72 67 59 49 31 11 339 323 318 321 324 330 332 334 328 313 270 224 203 187 178 177 177 176 177
296 296 296 291 286 284 281 280 277 258 238 91 66 71 65 62 55 353 332 303 278 260 314 72 70 73 74 65 56 49 29 353 322 310 308 312 315 322 332 335 327 315 286 227 203 189 180 177 176 174 174
297 297 297 291 286 284 277 274 241 235 167 80 71 39 357 57 25 346 336 308 282 260 277 67 65 64 61 57 57 53 39 334 309 307 301 300 305 316 326 332 329 316 296 254 210 192 184 179 176 173 173
298 298 297 291 288 283 276 265 245 209 97 78 83 339 318 257 262 295 326 311 281 266 261 65 61 54 49 51 60 71 70 299 308 312 295 288 297 310 321 329 330 321 304 273 220 200 184 177 176 173 172
300 300 297 293 289 282 278 243 235 139 94 94 93 352 332 292 267 270 294 305 281 268 253 70 63 54 48 51 65 86 108 271 294 307 288 283 290 303 315 325 329 324 311 286 249 208 188 184 178 175 172
302 300 297 294 291 285 278 253 219 132 93 99 66 354 326 307 289 292 330 300 283 260 239 74 65 58 55 59 77 110 214 248 269 284 278 280 291 304 312 321 327 328 318 295 255 218 194 188 180 176 172
303 300 296 295 295 288 276 238 178 111 85 97 20 346 333 311 285 269 255 276 280 247 228 73 65 62 64 75 88 223 240 255 263 265 263 284 303 310 318 320 325 328 321 301 263 227 199 192 183 175 171
303 300 295 295 299 291 275 206 122 92 81 98 343 338 326 302 276 261 237 228 249 246 208 67 64 66 71 86 125 246 256 295 42 84 15 337 311 311 312 319 325 323 320 305 271 238 206 196 185 176 170
303 299 294 295 302 296 267 170 108 87 80 90 326 324 313 294 276 282 257 184 212 248 297 68 66 70 78 88 71 63 28 39 101 123 46 0 341 325 321 324 328 328 319 307 280 249 214 201 187 177 170
303 299 294 297 307 302 254 132 75 63 49 346 308 309 303 301 335 8 356 141 200 242 266 71 69 73 84 80 76 74 79 152 140 95 7 14 4 347 333 328 329 327 318 308 288 259 223 207 190 178 171
303 299 294 298 311 301 241 104 68 53 19 320 310 305 304 336 22 3 349 129 184 240 259 71 74 78 85 79 76 92 246 186 145 0 357 3 8 358 343 333 329 324 317 310 292 266 229 212 193 180 172
303 299 294 298 311 293 203 98 84 71 351 322 329 325 325 355 353 331 353 133 175 245 255 78 82 84 84 78 86 199 241 100 28 343 342 356 6 359 346 335 330 324 315 306 291 268 233 216 195 177 169
304 299 294 297 309 280 165 100 90 85 345 321 335 77 19 9 350 329 101 137 183 255 246 113 87 85 81 80 100 201 128 55 358 330 336 358 7 359 347 336 330 323 313 300 287 268 234 218 199 184 174
305 300 294 296 305 263 159 100 94 82 345 345 24 90 34 2 337 349 117 139 211 269 248 126 85 81 79 87 84 80 92 52 343 342 355 2 5 358 347 337 329 320 308 294 282 267 237 221 203 187 174
305 301 294 295 300 245 179 94 91 76 28 19 47 68 16 353 339 54 119 153 246 269 257 106 84 83 88 95 104 125 130 92 9 36 356 1 4 357 347 336 327 318 303 288 277 266 239 225 207 189 174
306 301 293 294 300 223 178 92 89 81 59 357 41 46 11 1 4 90 128 163 249 265 261 229 94 94 106 125 143 142 139 110 65 30 344 357 1 354 344 334 325 313 299 284 274 263 241 227 209 190 174
306 301 293 294 305 200 164 84 83 75 41 11 72 34 360 20 46 102 136 173 238 255 258 209 125 119 129 152 154 147 131 124 132 340 341 353 359 351 343 331 320 309 296 283 272 261 240 227 210 190 173
306 299 292 293 306 199 150 80 75 64 43 88 112 180 10 62 63 93 141 179 223 248 250 177 134 136 139 163 160 122 116 126 170 324 331 348 358 350 341 328 316 306 293 281 269 257 238 227 211 191 174
305 298 291 289 286 198 128 91 87 83 85 104 134 157 56 46 23 76 138 176 228 242 230 167 124 108 103 97 88 96 108 122 248 317 326 342 350 346 337 326 315 303 290 277 266 253 236 224 209 189 174
304 297 290 284 257 184 127 102 104 107 112 126 147 143 45 351 335 12 153 206 240 224 205 146 98 85 81 87 101 111 140 155 282 312 321 330 330 328 329 323 315 301 286 273 260 249 234 221 206 187 173
304 297 289 281 230 174 126 109 113 120 126 132 134 118 40 352 328 320 304 273 251 210 173 121 85 81 88 110 135 180 189 214 274 301 309 316 326 325 323 319 314 299 283 269 257 245 232 218 203 185 172
305 298 290 279 207 160 113 104 110 117 108 103 106 84 32 14 344 323 319 307 266 198 156 106 83 86 99 121 142 163 203 252 264 279 292 304 315 320 319 316 311 296 279 264 252 242 229 215 200 184 173
306 302 293 282 183 149 101 96 94 56 307 84 83 308 11 26 342 305 271 267 265 211 184 100 85 91 107 132 160 213 261 261 264 270 285 303 316 320 317 312 307 292 275 262 251 239 226 212 198 184 174
308 306 297 289 171 142 100 97 97 95 103 173 242 274 250 13 334 320 278 252 231 219 157 84 79 90 108 129 176 280 274 270 284 326 351 331 324 320 314 307 300 287 273 261 249 235 222 210 197 185 176
310 311 303 298 194 144 107 103 105 111 127 150 193 194 183 339 333 320 313 203 170 235 175 83 77 92 110 131 247 276 270 284 293 297 319 330 324 318 311 301 292 284 273 261 247 230 216 207 197 186 177
313 314 308 304 237 150 114 110 115 124 134 143 147 160 169 324 325 318 48 170 190 245 181 97 89 103 128 225 242 228 217 254 319 339 39 357 327 316 307 296 288 283 274 260 241 223 210 204 196 187 178
317 316 312 302 280 147 118 119 128 135 138 138 136 155 155 331 323 316 135 150 183 241 159 109 103 114 118 110 203 210 205 230 288 330 23 350 323 314 303 293 287 284 274 257 236 218 205 201 194 186 178
320 319 316 307 280 158 127 129 140 146 140 130 127 140 121 339 323 306 131 102 96 255 169 122 114 115 107 99 96 204 212 226 251 276 319 335 323 312 302 292 287 284 274 253 231 214 202 197 191 184 177
322 323 321 315 301 179 140 137 147 163 160 122 114 120 76 331 323 299 118 73 64 284 225 129 114 110 105 101 103 89 247 216 238 276 325 340 325 311 301 292 287 282 272 250 227 213 201 195 188 181 174
325 327 327 323 309 274 161 144 136 20 334 100 102 123 348 331 322 299 111 77 70 307 264 120 107 101 99 97 99 93 50 52 38 11 35 340 323 308 299 291 284 279 268 249 226 212 199 194 185 177 170
328 331 332 336 326 300 184 150 114 353 336 54 105 131 326 326 315 288 102 76 87 308 307 71 89 82 79 84 89 87 64 1 342 337 15 334 314 302 294 287 280 275 265 247 227 212 200 193 183 174 167
330 335 338 355 2 311 228 163 78 344 330 358 119 124 325 317 302 251 79 79 99 320 319 12 73 71 65 69 76 80 62 9 347 343 1 334 306 295 289 283 276 272 264 245 225 211 201 193 182 172 166
332 337 343 6 14 340 242 41 20 350 346 357 72 38 312 309 299 132 88 97 104 337 327 321 70 69 61 77 98 88 72 47 332 335 332 317 299 289 284 278 273 271 262 242 222 209 201 193 181 172 166
332 338 346 6 10 358 27 27 4 355 352 354 338 312 306 307 303 113 92 113 119 343 326 306 52 66 62 64 210 212 217 230 318 319 313 303 291 283 279 275 272 272 262 240 218 208 203 195 182 173 167
331 336 345 3 7 1 350 4 3 345 311 300 309 310 309 309 298 104 104 128 148 327 314 298 41 64 65 65 101 248 251 277 301 314 310 293 279 274 274 275 275 273 260 236 214 205 203 197 184 174 167
328 333 341 353 357 350 338 337 316 310 284 279 292 301 303 305 289 345 104 121 321 325 312 294 40 77 80 80 62 359 323 313 315 319 300 279 269 267 274 278 276 274 258 233 211 206 204 198 185 175 168
326 329 336 343 345 339 329 303 281 280 277 267 285 294 299 300 290 291 73 59 340 318 302 295 298 85 90 91 79 0 330 299 286 273 264 262 257 263 276 280 279 274 257 232 206 201 202 198 185 176 169
324 326 329 331 330 324 313 296 282 279 271 262 271 278 288 288 295 269 262 280 288 286 278 289 262 58 88 92 89 325 324 314 305 279 240 242 250 266 274 280 279 274 254 230 206 203 204 198 187 178 172
322 322 322 320 318 314 307 296 286 277 272 267 271 274 284 290 295 267 260 262 259 254 248 282 256 279 71 95 285 298 24 13 2 342 235 233 249 269 280 280 274 268 252 229 207 202 203 199 190 182 177
320 320 318 315 312 310 305 298 290 281 273 269 267 275 276 283 279 271 267 257 246 198 122 12 214 221 294 280 276 76 46 350 332 274 234 238 257 278 288 278 272 265 252 231 210 204 202 198 190 183 179
318 317 315 313 311 309 306 301 294 284 274 270 267 274 260 266 267 270 263 245 145 145 176 158 150 170 250 307 162 44 341 331 334 206 216 245 269 290 296 279 272 266 250 232 215 208 205 199 190 184 180
316 315 315 314 313 310 306 302 296 286 276 269 266 270 257 252 254 269 297 105 136 148 191 149 103 66 359 322 72 3 336 321 327 103 187 252 289 302 293 281 275 267 252 235 224 216 211 202 192 185 181
315 314 315 316 316 311 307 302 296 286 276 266 263 270 260 242 236 249 86 122 146 156 193 115 38 22 328 331 5 342 305 299 308 103 144 278 300 306 296 278 273 266 255 244 233 226 221 205 194 186 182
314 313 315 318 317 311 306 301 292 285 272 258 252 257 264 238 220 205 25 163 160 178 200 71 30 359 328 330 346 347 327 327 73 105 13 314 310 301 292 279 274 265 264 253 233 231 231 211 197 188 182
312 312 315 317 316 311 305 294 290 282 260 236 212 243 260 237 200 51 19 262 170 189 212 54 29 0 330 328 16 16 3 356 51 95 45 331 319 320 298 291 279 270 269 262 254 243 240 219 200 190 183
312 312 315 317 315 311 304 292 290 275 278 300 161 233 256 204 93 48 6 307 166 186 226 50 31 358 339 48 41 4 336 337 1 45 58 351 335 335 317 315 292 287 276 266 261 255 253 229 208 193 183
312 312 315 316 315 310 298 293 292 283 244 178 196 227 240 134 86 80 341 360 153 184 226 54 34 356 346 50 34 6 318 309 328 0 45 15 348 354 346 328 311 296 282 272 267 263 263 242 220 198 183
311 312 315 315 314 309 297 297 289 279 108 124 171 203 227 137 101 116 153 53 144 197 228 50 45 359 350 17 30 354 308 302 310 337 19 26 358 7 2 338 320 304 291 280 274 272 273 257 236 207 184
311 311 314 315 312 308 298 301 277 243 107 59 154 183 203 134 101 123 121 71 142 212 200 45 51 1 339 2 12 342 319 305 311 329 356 29 356 3 359 347 329 314 300 289 283 283 283 272 258 222 184
311 311 313 314 311 303 301 308 285 206 68 47 131 152 183 145 126 134 52 50 202 215 166 47 56 6 312 307 346 346 334 331 324 331 358 38 350 358 1 357 334 320 307 296 291 291 293 287 278 243 182
310 310 313 313 312 308 306 311 277 185 86 62 100 127 141 83 118 99 49 323 235 239 166 69 67 354 295 76 25 12 348 329 321 331 38 63 354 355 359 355 342 324 313 303 297 298 301 297 294 266 182
309 309 311 312 314 312 309 310 265 179 94 98 121 116 91 297 352 76 47 319 249 244 148 78 70 343 18 70 22 3 338 316 314 330 77 57 358 354 355 351 338 325 317 309 300 299 304 303 305 294 183
309 308 310 313 317 313 308 306 246 189 94 114 121 103 79 145 36 25 352 320 270 233 133 66 64 37 50 56 35 11 338 309 317 336 62 16 358 353 351 346 335 324 317 311 303 298 303 307 313 309 142
307 306 309 313 315 311 305 299 228 173 113 122 119 93 95 73 63 350 344 315 268 218 155 70 70 55 48 49 49 21 335 311 321 341 14 359 358 351 347 341 331 322 316 311 305 298 301 307 318 318 72
307 306 308 311 312 307 301 281 222 168 153 138 108 87 102 62 59 332 320 314 280 202 175 88 79 70 64 56 55 28 312 261 312 333 358 5 359 351 343 336 327 319 313 308 303 296 290 298 316 314 105
308 307 308 309 308 302 295 289 235 208 160 113 75 83 104 98 75 313 314 302 266 198 187 114 85 80 80 66 56 360 282 285 299 319 348 13 2 350 341 333 324 316 310 305 299 291 272 277 299 243 149
311 310 308 309 305 297 284 257 240 276 51 51 42 54 241 259 296 294 320 297 277 211 196 107 87 96 88 71 54 316 280 285 294 308 331 17 4 348 341 331 321 313 307 301 295 281 259 257 254 211 155
312 312 311 310 306 297 275 214 245 12 29 33 18 316 288 281 292 297 322 298 348 4 8 23 63 92 90 71 34 293 265 285 291 302 318 26 359 343 337 330 320 311 305 299 290 268 241 239 199 170 140
313 315 315 315 312 307 295 247 286 334 1 20 4 327 310 306 312 316 320 321 334 347 353 5 62 124 144 195 230 253 262 273 283 295 309 323 333 333 331 325 318 309 303 298 290 273 247 229 186 170 150
314 319 324 326 326 322 318 308 288 264 224 188 101 34 5 346 334 328 324 323 324 321 307 234 208 208 210 221 231 242 251 256 268 286 307 323 330 329 324 318 312 305 300 293 286 276 262 231 193 177 161
313 319 327 330 332 333 323 305 272 247 224 202 243 95 22 353 353 339 323 320 316 303 296 283 263 249 242 225 225 242 266 256 264 282 305 324 330 326 318 312 306 302 296 291 284 274 266 234 205 186 166
313 319 326 330 332 332 326 303 281 250 224 209 218 197 230 323 330 330 313 316 306 286 278 269 258 245 238 230 233 243 264 255 264 284 308 326 331 323 312 305 300 297 292 287 281 270 259 235 209 186 164
