---
BL Wind Direction [deg] Valid 1600 PST ~Z75~(0000Z)~Z~ MON 22 May 2017 ~Z75~[24hrFcst@1242z]~Z~
Model= RASP Region= PANOCHE Grid= d2 Reskm= 4.0 Indexs= 1 51 1 69 Proj= lambert 4000 4000 40.0000 40.0000 -73.0000 36.6487 -121.0445
Day= 2017 5 22 MON ValidLST= 1600 PST ValidZ= 000 Fcst= 24.0 Init= 12 Param= blwinddir Unit= deg Mult= 1 Min= 0 Max= 360
292 290 289 290 297 304 273 279 280 281 287 278 266 255 247 240 237 236 233 233 236 238 241 247 255 263 266 267 277 275 278 282 278 273 256 216 176 183 205 248 283 300 324 328 328 342 343 342 339 334 327
289 287 286 286 289 291 261 272 275 272 272 272 261 251 245 240 237 236 233 233 235 237 239 243 250 258 262 258 266 265 267 269 266 261 250 223 204 211 221 237 266 289 315 325 326 336 339 341 338 335 328
286 284 284 282 281 279 273 272 272 271 265 262 255 248 244 240 237 235 233 233 235 237 240 243 248 255 260 259 258 258 257 257 255 245 233 221 214 223 226 242 265 286 310 319 322 328 333 337 337 334 329
284 283 283 279 273 266 269 276 284 284 264 248 248 245 241 240 237 234 233 233 234 237 240 244 249 255 260 256 253 253 249 248 244 232 222 217 208 220 224 251 287 295 308 314 319 322 332 334 334 332 329
283 283 282 277 270 264 267 272 283 271 251 246 249 245 241 238 237 235 233 232 233 235 238 243 251 260 260 254 250 243 239 239 226 218 213 217 193 182 176 129 337 320 317 315 320 320 326 329 331 330 327
285 285 282 276 270 269 264 266 252 259 246 252 253 248 243 240 238 236 234 231 231 232 235 239 248 261 261 256 253 237 234 230 219 224 221 228 203 201 224 216 283 296 303 299 305 315 324 324 328 327 325
286 285 282 276 271 269 262 263 230 250 248 260 256 248 244 242 240 238 236 234 233 232 232 237 252 260 258 256 255 239 235 229 221 221 212 211 192 192 218 218 270 302 314 310 303 306 319 322 324 323 321
286 286 284 276 271 267 263 246 253 247 251 262 254 245 242 242 241 241 241 241 240 237 236 246 255 258 255 253 255 244 235 212 190 187 188 197 201 202 219 232 255 278 307 316 310 312 314 319 321 320 318
288 288 286 278 271 266 260 231 244 242 252 261 248 241 240 241 242 243 245 249 250 247 243 244 247 251 250 246 251 250 213 168 162 170 184 197 211 213 225 242 254 266 292 320 326 320 312 318 319 317 317
289 289 288 279 271 265 252 232 196 227 255 257 244 239 238 240 241 242 246 251 250 245 240 239 240 241 243 236 248 237 183 168 171 181 205 220 233 232 231 245 256 260 271 301 321 323 317 317 318 317 315
291 291 290 280 273 263 249 222 231 234 268 252 241 240 242 242 243 241 243 247 247 243 239 237 236 234 235 233 248 211 182 184 190 202 224 243 248 247 244 247 254 261 263 285 305 313 315 314 318 316 314
293 294 291 283 277 260 256 213 223 249 266 245 240 244 249 246 243 242 241 241 240 241 238 237 232 234 227 240 237 207 201 202 210 219 234 247 254 259 255 250 253 256 260 275 292 307 312 314 316 315 312
296 295 292 286 281 263 265 260 219 241 247 241 243 248 251 249 243 238 233 232 234 236 237 236 233 233 224 243 225 213 213 216 222 230 239 244 248 255 258 260 255 257 263 269 287 300 306 310 314 313 312
296 296 292 288 288 270 280 262 232 240 240 242 245 246 245 243 242 237 230 229 231 232 233 230 232 227 226 238 220 221 221 225 230 239 243 242 243 244 245 258 261 260 268 270 283 294 300 306 312 312 311
297 296 292 291 293 286 295 260 242 239 237 240 242 241 239 236 235 233 228 226 227 226 228 224 226 222 231 232 232 234 232 231 239 245 244 242 243 243 241 245 252 253 269 286 287 294 298 304 311 312 312
297 296 293 292 297 299 301 257 245 239 232 232 236 236 232 229 228 225 223 223 224 225 226 224 228 227 234 232 243 241 230 231 246 248 240 238 239 246 243 247 257 258 261 280 293 304 302 305 311 312 311
298 297 294 294 301 305 303 257 243 234 229 229 231 231 230 227 226 223 221 223 227 229 229 228 231 230 237 230 245 231 214 235 257 243 225 228 235 247 248 250 259 264 265 276 290 299 304 307 310 311 312
300 298 296 297 304 308 302 263 240 231 227 226 227 226 228 225 224 223 222 225 229 230 227 227 228 230 235 225 244 205 212 256 258 220 190 217 248 263 264 258 260 266 276 290 292 297 302 306 308 309 309
301 300 298 300 308 309 291 259 230 226 221 219 219 219 219 220 220 221 225 229 229 225 221 222 222 231 225 224 236 210 234 259 236 181 135 203 298 294 293 280 276 273 285 299 301 300 304 305 306 307 307
303 302 300 302 311 309 288 234 218 221 208 205 203 208 208 211 213 221 230 235 226 216 211 216 219 231 225 234 230 229 242 246 194 143 127 27 310 303 301 284 279 278 287 295 303 303 306 304 304 305 305
303 302 302 305 315 316 296 216 206 208 202 195 195 199 201 205 209 231 242 238 222 210 205 209 214 223 223 239 238 242 241 208 166 113 86 33 342 316 307 293 287 288 290 296 302 303 306 302 301 302 301
303 302 303 308 322 336 342 217 193 191 192 192 192 194 196 198 220 249 255 238 210 196 195 200 203 204 216 254 266 251 220 172 163 109 63 306 291 290 286 279 285 288 290 290 299 301 308 303 301 299 298
303 302 304 311 329 339 332 215 194 183 180 185 184 185 189 194 246 323 320 300 234 201 200 204 207 207 220 265 291 244 169 149 157 104 357 335 316 317 310 294 291 295 297 294 300 300 309 304 301 298 297
303 301 305 314 333 337 321 208 198 192 185 182 181 184 181 207 328 324 321 314 289 213 197 201 198 200 202 280 324 90 142 156 165 98 332 327 327 323 321 312 307 301 298 303 309 303 308 304 302 300 297
303 301 305 316 336 332 277 181 192 198 185 181 179 176 182 332 326 324 318 311 296 245 196 190 189 203 202 258 22 76 106 131 127 59 8 4 349 339 335 332 327 325 306 299 302 301 305 305 303 301 298
304 302 306 317 336 327 214 164 173 174 166 168 168 160 359 335 328 321 317 311 292 239 172 171 186 199 207 228 212 168 132 156 162 69 15 13 354 334 316 314 314 319 309 301 301 302 304 303 302 300 298
305 303 306 316 335 328 194 168 154 136 141 141 141 141 3 342 329 320 315 310 291 244 177 160 154 152 258 243 228 221 217 211 205 223 310 333 336 331 318 305 301 306 304 296 298 299 302 300 300 298 296
305 303 307 316 333 327 195 177 173 128 111 127 134 108 7 346 331 321 314 307 286 244 194 160 169 195 296 248 224 194 186 195 213 245 268 279 295 315 319 311 306 304 300 294 297 296 300 296 297 296 293
306 304 307 314 329 325 185 179 189 167 102 113 118 108 10 343 332 321 312 304 278 242 203 170 179 232 314 87 84 105 129 143 143 297 304 302 303 309 313 314 314 308 303 294 294 291 297 295 294 294 291
306 305 307 310 323 321 179 175 184 172 106 111 115 110 10 336 328 320 312 305 265 240 197 165 179 276 274 169 173 205 217 219 235 264 279 294 297 309 314 318 320 315 310 300 296 292 299 295 294 292 290
307 305 307 305 313 306 172 174 159 107 113 112 118 107 349 327 324 319 313 306 263 267 234 217 192 308 300 175 216 257 215 210 359 309 321 319 317 311 309 314 319 315 311 303 297 293 300 296 294 292 290
307 305 307 300 302 300 169 178 173 107 117 108 111 130 329 319 320 318 312 301 270 317 304 254 235 252 253 231 221 240 195 243 303 297 301 307 304 303 307 309 316 312 308 305 298 295 301 296 294 291 287
307 304 307 296 289 288 168 178 152 136 122 330 315 302 316 315 318 317 310 295 287 338 316 279 254 255 252 244 220 212 199 238 313 318 317 316 315 310 313 314 317 313 309 306 299 301 301 297 295 293 288
305 302 308 297 303 283 168 172 64 349 329 312 297 293 314 319 322 319 311 294 321 317 302 287 277 268 264 252 195 180 186 219 316 313 305 300 304 312 316 317 320 317 312 308 299 303 300 298 297 294 288
304 299 307 296 296 282 183 104 34 1 326 308 288 282 316 327 325 320 312 299 323 311 317 317 316 321 312 272 164 157 161 152 347 342 333 318 307 308 312 315 318 319 314 310 304 307 301 300 298 294 288
301 297 305 301 290 264 210 125 358 348 325 310 288 280 320 327 326 320 311 321 321 325 325 320 313 309 315 315 149 142 141 39 343 336 331 328 324 318 317 318 318 320 319 316 310 308 305 304 301 296 289
299 295 305 318 311 258 237 158 297 332 322 313 292 282 320 326 323 317 304 333 328 329 322 317 311 300 332 56 118 100 78 31 5 345 336 330 326 323 322 323 320 321 322 318 316 315 315 308 303 298 291
298 293 300 295 179 228 241 208 281 315 319 315 296 284 314 321 318 310 296 334 327 333 327 322 314 300 352 64 99 80 55 17 3 352 344 340 336 331 327 327 324 324 326 324 322 322 320 310 305 300 293
296 292 293 264 179 213 228 238 287 309 316 311 288 282 307 316 313 307 292 330 329 342 336 327 315 299 357 71 76 68 37 9 353 344 339 340 339 338 333 329 327 326 327 326 325 326 321 311 307 302 295
296 292 285 252 188 201 213 234 275 299 309 300 279 292 305 314 312 309 294 317 322 346 339 328 315 301 10 78 50 41 10 355 346 339 332 333 334 337 334 331 329 328 329 328 328 325 320 312 309 304 298
296 292 282 253 212 194 204 228 262 296 308 299 295 298 305 314 314 309 292 300 314 344 338 326 317 310 29 62 33 12 358 349 345 342 335 330 328 333 333 331 329 329 330 329 327 320 319 314 311 307 300
294 291 280 259 250 202 214 228 252 291 294 285 287 295 303 313 314 300 279 286 309 333 332 325 320 319 27 44 30 9 360 352 348 347 343 337 331 327 329 331 330 329 329 326 321 318 319 316 314 310 304
291 287 280 264 252 231 221 230 245 289 282 276 279 289 296 304 300 262 241 243 276 304 317 319 316 314 346 19 25 7 356 347 339 339 339 339 339 333 328 329 330 329 329 325 321 319 320 319 317 315 309
288 284 279 267 246 245 232 237 251 263 264 265 273 280 287 288 271 236 228 236 255 275 290 296 287 273 283 321 346 346 344 338 330 327 326 327 333 333 330 327 328 329 328 324 320 318 319 318 318 316 311
285 282 278 268 251 242 236 236 242 250 252 245 260 268 274 271 254 236 234 243 253 261 268 270 252 237 244 254 302 273 322 326 325 325 325 326 326 329 331 327 327 329 329 324 318 317 318 318 317 314 310
284 282 277 269 255 246 241 238 242 246 248 243 245 257 262 259 250 244 246 249 249 250 255 253 236 226 229 239 252 302 308 318 319 318 319 322 323 324 326 328 329 330 327 320 315 316 319 318 315 311 307
283 281 277 270 260 252 246 244 244 245 242 244 235 250 253 251 251 252 256 252 245 242 234 231 229 223 224 231 244 281 320 326 327 325 322 324 325 325 324 328 330 331 327 322 319 321 321 317 313 309 304
282 279 276 272 265 258 252 249 246 245 241 241 233 238 242 243 251 259 255 252 246 232 213 209 221 226 223 222 232 301 319 322 324 325 326 327 330 328 331 331 333 330 325 322 320 318 317 316 313 310 305
280 278 276 274 270 265 259 255 251 246 242 237 232 222 236 238 245 259 258 249 247 218 168 197 232 243 236 219 219 300 311 317 323 328 334 335 337 340 340 338 334 327 324 325 323 319 317 316 315 311 307
281 278 278 278 274 269 265 260 254 248 242 233 224 212 233 232 231 244 242 237 239 207 188 223 244 255 302 305 277 297 302 313 324 333 341 344 344 344 343 339 333 328 327 328 326 320 317 317 316 312 308
282 280 280 281 279 274 270 264 256 249 242 228 210 193 224 224 224 233 234 234 231 205 197 230 254 297 317 345 331 317 325 334 342 347 350 351 349 348 344 337 332 331 329 328 332 322 319 317 316 312 308
285 283 283 285 282 278 275 267 260 254 243 223 199 191 203 208 221 236 235 233 223 193 189 229 266 309 311 300 309 322 338 346 352 352 349 347 346 346 345 339 334 332 330 327 324 323 320 318 316 313 310
288 286 287 288 286 283 278 269 269 259 258 238 155 157 183 235 250 244 235 231 209 173 174 227 286 312 305 290 332 1 357 6 5 354 347 343 342 343 343 340 335 330 328 327 324 322 320 318 317 315 311
291 289 290 291 290 287 281 275 278 273 253 192 148 153 186 249 270 303 303 320 311 181 229 269 289 310 309 285 53 29 13 16 6 358 352 347 345 342 340 338 335 331 328 325 324 322 320 318 316 313 310
294 292 293 294 293 290 282 284 281 277 258 183 165 173 206 237 312 23 7 321 307 287 274 281 301 324 325 111 97 30 22 18 7 358 349 344 340 337 336 335 335 332 327 325 323 321 319 316 314 311 308
296 295 295 296 296 293 285 293 281 279 266 209 178 177 198 223 351 5 349 331 316 301 289 287 306 332 347 107 106 33 30 14 3 355 346 344 339 336 331 330 332 331 328 325 323 321 317 314 312 309 307
298 298 297 299 298 296 291 301 301 292 272 236 184 178 189 221 346 335 333 327 322 311 298 298 329 355 25 102 112 14 23 3 356 350 344 342 340 334 329 326 326 330 328 326 323 320 316 313 310 307 305
301 300 299 301 301 299 297 304 300 297 277 276 186 176 188 236 334 330 328 324 322 315 306 306 339 10 37 95 101 54 37 12 358 350 344 341 342 337 331 327 323 325 326 325 322 318 315 312 309 306 303
303 302 300 303 303 302 300 303 298 299 285 305 180 168 188 340 329 332 326 324 324 317 311 307 331 2 26 98 94 61 32 12 359 349 344 340 340 336 330 327 325 324 325 323 321 318 314 312 309 306 303
305 304 302 305 306 305 301 299 295 296 294 314 212 188 58 334 337 331 329 325 325 319 317 317 336 359 0 128 102 56 23 5 352 344 338 338 339 336 332 327 324 324 324 324 320 318 314 313 309 305 303
305 305 303 307 309 307 301 297 301 300 303 322 21 155 195 318 325 327 328 323 324 322 322 328 339 3 34 96 74 45 10 348 337 330 329 330 333 332 330 327 324 323 324 323 321 319 316 314 311 308 305
306 306 305 310 312 308 301 299 316 316 319 324 338 318 313 305 310 321 328 323 325 326 323 330 347 7 36 67 50 27 0 343 333 329 330 331 331 330 328 326 324 324 324 323 321 320 317 315 314 310 308
307 308 307 311 313 306 304 318 326 329 325 325 323 308 301 297 303 315 327 322 325 327 326 326 342 354 13 31 27 7 348 335 329 330 331 332 331 329 329 327 324 324 324 324 322 321 319 318 317 314 312
308 309 308 313 313 305 303 307 330 333 327 324 321 311 302 298 299 308 328 321 326 328 323 315 320 346 7 11 5 351 337 329 325 326 329 330 329 329 329 328 325 324 325 325 324 324 322 321 321 318 316
309 310 310 314 313 307 302 309 332 331 322 317 312 306 301 298 299 306 318 317 320 318 310 298 300 332 357 359 353 339 330 324 326 325 327 330 329 329 328 328 326 326 326 327 327 326 326 325 324 320 318
308 310 311 315 317 316 316 318 317 318 309 302 301 301 301 300 302 306 309 310 309 304 296 289 293 316 339 345 343 338 331 326 326 329 329 328 328 328 327 327 327 327 328 329 330 330 330 329 326 319 317
308 309 313 318 325 331 334 327 312 296 292 284 292 297 301 303 303 301 300 301 301 294 286 281 285 302 326 335 334 332 330 329 328 327 327 326 325 325 326 326 327 328 330 332 334 335 335 333 329 322 319
306 308 313 319 327 337 346 330 297 281 284 274 283 289 294 301 293 289 289 293 292 285 278 273 275 297 314 327 328 328 329 329 327 326 326 326 325 325 324 326 327 328 330 333 336 337 336 334 330 326 321
305 308 312 318 326 334 338 326 309 288 281 267 269 274 286 289 288 286 275 287 289 282 276 272 278 302 309 323 327 329 330 330 328 328 327 326 325 324 324 325 326 327 329 332 335 335 334 332 329 325 320
