---
BL Wind Direction [deg] Valid 1000 PST ~Z75~(1800Z)~Z~ MON 22 May 2017 ~Z75~[18hrFcst@1232z]~Z~
Model= RASP Region= PANOCHE Grid= d2 Reskm= 4.0 Indexs= 1 51 1 69 Proj= lambert 4000 4000 40.0000 40.0000 -73.0000 36.6487 -121.0445
Day= 2017 5 22 MON ValidLST= 1000 PST ValidZ= 1800 Fcst= 18.0 Init= 12 Param= blwinddir Unit= deg Mult= 1 Min= 0 Max= 360
293 293 296 299 303 297 284 275 286 281 273 262 251 230 132 119 120 120 122 122 122 121 120 118 115 112 109 105 96 93 91 83 74 63 53 40 27 14 7 1 356 350 346 340 335 330 326 318 308 304 302
292 293 296 297 297 290 272 258 282 274 268 260 248 218 123 117 119 120 121 120 121 121 120 118 117 113 112 110 98 96 94 86 76 64 55 41 24 11 6 0 355 350 346 340 336 331 326 319 308 302 299
292 293 295 295 293 289 286 281 277 271 263 257 244 201 126 119 119 120 119 120 120 120 119 119 118 116 113 110 102 98 94 86 75 61 48 35 21 10 4 357 352 347 343 339 335 331 326 320 310 301 295
293 294 295 292 288 281 282 284 287 280 264 250 234 188 127 122 120 118 116 117 117 116 118 118 118 117 115 112 108 102 97 89 78 62 46 29 16 6 359 354 348 344 340 336 333 330 326 321 313 301 294
293 294 296 291 285 280 281 290 300 274 258 246 211 141 127 125 122 115 111 112 116 117 118 118 117 117 116 113 110 105 101 95 79 60 39 24 15 6 357 351 345 340 337 334 331 328 327 322 313 299 291
294 295 297 292 286 284 279 283 266 261 250 245 203 129 127 126 124 121 113 109 112 117 118 118 118 117 116 116 111 107 102 97 79 60 37 22 9 0 353 349 344 340 337 335 334 331 329 323 314 298 289
295 296 298 292 286 281 277 279 235 251 249 240 168 127 127 126 126 126 118 115 114 120 120 119 118 118 117 117 113 110 104 97 81 57 33 16 3 355 349 346 342 338 335 333 334 332 330 322 313 293 284
297 298 298 292 285 278 275 259 251 244 248 225 124 126 125 125 125 126 121 115 114 119 120 119 119 119 119 116 114 111 106 102 79 50 29 12 357 349 346 343 340 338 334 330 325 321 317 317 311 292 283
299 301 300 291 283 275 265 235 268 236 243 199 123 127 125 124 124 126 123 117 117 120 122 120 120 121 121 119 118 118 110 98 74 42 22 9 355 348 344 340 338 337 335 334 329 327 323 318 311 295 283
302 304 302 291 280 269 245 227 200 220 232 147 123 123 123 125 126 128 124 119 121 121 126 124 122 122 120 120 123 121 111 92 64 38 22 8 354 349 346 340 338 338 340 339 343 336 328 320 312 298 287
304 306 303 292 279 262 224 229 214 210 192 121 124 123 121 126 128 130 131 129 129 122 124 125 122 121 121 125 127 115 99 82 61 39 24 10 358 351 346 341 338 337 336 333 337 336 331 322 312 303 290
306 307 305 295 281 247 263 207 205 185 122 128 129 128 124 126 127 129 135 138 135 122 120 122 122 122 123 125 120 96 84 77 57 40 26 11 0 353 348 342 339 337 337 337 336 335 330 322 314 306 290
306 308 306 301 291 288 293 214 190 187 125 130 128 130 126 125 126 132 140 131 125 118 120 124 126 126 127 124 111 83 79 72 59 44 28 13 2 355 348 343 340 336 334 331 332 332 330 323 315 308 290
306 307 307 306 310 349 306 199 181 192 128 130 126 128 127 126 126 131 134 132 122 118 121 125 128 130 128 120 108 84 79 73 62 46 28 13 3 356 350 343 340 338 338 337 341 340 334 326 318 301 278
307 307 307 308 314 341 308 177 165 128 127 128 126 127 128 127 127 132 130 128 126 118 118 122 127 130 125 119 111 93 85 78 68 48 27 13 3 356 348 342 338 336 336 338 338 337 334 330 322 297 264
307 306 306 307 316 339 309 171 146 127 129 127 126 127 127 126 125 125 125 124 136 123 118 121 124 127 124 120 115 106 97 89 76 49 26 12 3 356 347 340 336 337 339 342 341 341 337 333 329 300 251
307 307 306 308 323 346 302 169 147 128 128 126 126 126 125 124 125 126 125 122 185 134 117 118 121 124 122 120 119 117 111 102 87 53 23 9 1 355 347 341 337 336 335 338 342 344 342 338 338 315 235
307 307 306 310 332 358 229 156 123 125 125 125 126 127 127 126 127 129 129 201 242 172 117 117 119 122 120 121 121 118 116 113 107 69 18 6 360 354 347 340 336 335 337 343 345 347 346 347 352 4 176
307 306 305 313 343 35 151 143 121 124 125 126 126 126 128 128 131 133 153 272 259 220 117 118 118 120 118 120 119 118 117 117 117 85 17 5 359 353 346 340 336 335 337 343 346 348 349 352 6 52 136
306 305 304 312 347 282 160 121 122 122 125 127 127 127 128 131 136 140 246 271 257 211 119 117 117 119 118 120 118 118 121 125 125 70 22 7 359 352 345 338 335 334 337 341 347 350 351 356 15 73 136
305 305 303 308 336 242 169 123 123 121 123 127 129 130 131 133 139 160 268 264 245 188 122 117 117 118 118 119 117 121 124 128 122 54 31 13 2 353 345 338 334 334 338 343 347 350 352 357 16 107 155
305 304 301 303 333 211 217 122 123 118 122 127 131 134 134 137 137 231 284 255 231 167 125 117 118 120 121 122 123 128 130 127 86 58 36 17 4 355 346 338 334 335 339 342 345 350 352 356 9 179 176
304 303 300 299 17 79 228 122 123 119 122 128 132 135 136 140 140 248 280 245 220 173 133 119 119 119 118 120 124 132 130 119 79 57 38 17 7 357 347 340 339 339 343 343 346 351 353 356 357 202 185
303 301 298 296 82 80 236 125 123 120 122 126 131 135 137 139 141 199 261 238 221 187 156 124 116 114 112 124 142 138 127 117 88 53 32 16 6 356 347 342 340 339 342 344 347 350 354 355 343 206 185
301 300 296 291 114 100 168 122 121 119 121 125 132 137 137 137 136 161 265 236 235 209 178 138 116 112 110 107 121 126 123 120 100 52 33 18 7 356 349 344 341 344 341 340 343 349 354 356 340 182 177
300 299 294 290 135 147 156 120 120 120 122 127 133 136 138 138 142 208 262 252 232 213 169 135 121 119 114 93 99 102 110 110 94 53 33 17 6 355 350 346 343 343 341 341 342 349 359 1 348 164 172
299 298 292 286 143 163 155 122 121 122 124 129 134 135 136 137 140 262 259 241 213 187 141 125 123 122 125 109 105 99 99 95 66 54 34 15 5 354 352 348 346 345 343 341 340 344 1 7 117 165 172
298 297 291 288 140 167 162 123 123 125 127 130 131 132 133 133 152 276 252 223 201 178 133 116 112 115 126 116 110 100 91 76 63 48 33 14 4 356 353 351 350 347 343 341 342 346 1 4 143 171 173
297 296 292 296 126 160 167 122 120 120 121 123 124 125 124 104 306 279 269 223 202 185 143 116 108 109 119 114 108 98 80 68 58 45 30 15 5 358 354 352 351 348 345 343 344 348 354 360 154 171 171
298 297 294 302 107 163 165 119 118 115 110 115 118 122 125 94 320 294 257 217 200 186 152 119 109 113 119 111 101 96 80 68 53 40 24 10 2 357 354 352 353 352 349 347 348 353 1 53 154 167 167
300 299 297 308 40 144 163 119 119 116 116 119 125 128 133 114 328 298 229 188 180 165 141 115 104 111 116 108 99 97 89 73 49 35 19 9 2 357 352 350 353 352 349 347 349 358 31 128 155 165 167
304 302 299 299 317 154 162 120 122 121 124 128 131 134 140 142 329 310 174 150 136 136 128 116 104 112 112 106 98 100 96 82 48 31 14 5 359 355 353 351 354 353 350 349 351 10 92 139 154 162 164
306 306 302 292 252 156 162 122 123 124 128 130 131 134 140 115 325 294 164 145 129 130 127 118 109 116 115 108 101 99 92 84 52 28 12 4 359 356 354 355 356 354 351 349 355 27 129 147 154 161 164
310 310 305 288 164 159 156 121 123 128 129 130 130 130 126 8 330 277 149 134 129 129 127 119 113 119 117 113 110 100 83 71 48 25 10 2 356 355 354 355 357 354 351 349 353 49 142 151 153 157 161
313 313 308 292 177 164 155 114 116 118 123 127 125 130 94 346 329 210 144 126 126 126 124 117 115 122 119 119 116 107 77 58 47 26 10 1 357 356 354 355 356 353 348 347 351 98 153 157 158 160 163
315 316 312 306 208 164 164 116 121 55 96 126 127 126 71 350 323 238 147 122 126 129 132 129 122 123 120 122 122 118 87 59 43 25 9 1 358 357 356 354 353 351 348 346 348 141 159 163 164 164 167
317 320 317 328 320 174 158 118 124 42 357 125 130 112 41 330 316 240 165 119 123 127 134 124 118 118 121 130 131 120 94 68 47 22 5 359 358 357 355 354 353 350 347 342 334 184 167 170 172 174 177
320 324 320 324 313 284 71 110 76 6 336 119 131 110 2 326 313 240 174 122 125 113 125 120 117 115 117 120 120 110 87 70 47 20 5 0 358 356 355 354 353 350 346 341 328 192 173 176 178 180 184
322 327 326 341 350 315 356 89 6 335 338 41 123 88 344 321 306 214 146 122 122 17 354 140 116 113 116 109 107 93 77 62 43 22 4 360 357 356 355 354 352 350 345 338 322 206 181 183 182 184 188
324 330 334 360 29 330 357 354 347 350 6 27 57 47 325 313 302 206 114 122 111 10 345 260 114 110 115 101 89 81 72 55 41 23 6 1 357 356 355 354 352 349 344 336 317 219 185 187 185 187 192
324 332 339 7 24 352 4 13 359 2 13 16 7 330 314 309 309 182 116 121 83 352 327 296 158 110 115 96 85 77 72 54 38 22 10 3 358 357 356 354 351 348 342 333 314 228 195 195 190 191 195
322 330 339 7 20 10 309 356 357 339 351 343 332 328 314 310 307 221 115 112 58 336 318 306 195 113 115 104 84 82 73 58 40 23 13 5 0 359 357 354 351 347 340 332 313 243 198 199 192 195 199
319 327 339 360 3 344 296 322 316 298 290 290 303 303 307 306 305 355 96 89 9 322 311 308 250 114 120 108 88 79 72 63 40 24 15 7 3 1 357 355 351 345 339 331 308 258 214 207 194 196 200
315 321 334 353 353 331 306 281 262 259 266 264 283 293 297 300 296 334 41 36 317 309 304 300 277 97 115 110 97 78 67 63 42 26 16 9 5 1 358 355 350 345 340 334 322 262 209 209 200 201 207
310 314 322 337 337 318 290 268 263 266 263 256 266 278 285 289 285 280 281 282 288 295 299 296 279 60 103 110 99 2 69 62 46 30 20 13 7 2 359 353 348 346 345 339 326 307 248 228 211 210 216
305 306 311 316 315 305 289 273 266 263 260 256 261 263 269 271 272 273 276 271 272 279 286 287 270 55 90 101 96 91 81 63 50 32 22 15 8 3 357 353 351 346 342 335 323 316 273 247 225 222 227
301 301 303 303 301 295 285 275 266 261 254 256 251 259 262 259 267 271 274 264 247 245 47 259 277 82 89 96 94 93 90 68 53 33 22 16 10 3 354 355 350 344 340 337 330 325 296 268 241 233 235
299 297 298 297 294 289 282 273 265 258 252 252 245 258 253 248 263 269 248 251 170 204 249 288 79 90 92 97 97 96 95 78 55 34 22 15 10 1 358 355 349 343 340 337 332 324 314 285 256 243 242
297 295 296 294 291 286 279 272 264 257 252 248 245 250 245 242 253 275 336 88 143 186 259 81 92 91 94 99 98 95 94 81 56 38 25 17 12 7 359 355 348 344 341 337 328 313 299 285 265 253 247
296 294 294 293 290 286 280 273 265 258 252 246 242 246 246 237 233 253 64 102 140 188 255 91 99 91 97 101 103 97 98 84 59 47 26 18 11 3 358 359 350 345 340 333 327 319 306 288 272 258 250
295 293 294 293 291 286 282 275 268 262 253 240 233 230 245 231 211 239 93 115 154 194 238 92 105 93 99 103 104 97 93 81 68 54 28 19 9 6 359 1 350 344 337 327 145 318 307 292 275 261 252
295 293 294 294 292 288 284 276 273 266 247 226 214 215 237 218 183 88 95 116 158 203 250 94 108 97 102 104 103 95 90 86 77 63 34 24 9 5 1 360 349 346 338 330 321 308 295 288 270 262 253
295 294 295 295 293 290 286 278 281 262 248 220 196 195 223 153 100 92 95 113 150 217 268 99 112 105 109 109 108 93 81 84 77 65 42 17 1 360 358 354 346 341 332 324 317 309 295 288 277 265 254
295 294 296 297 295 292 286 283 284 265 239 209 195 197 212 142 98 100 99 114 158 243 274 110 117 114 119 118 116 98 76 80 75 67 43 10 3 359 356 351 344 339 332 324 315 305 291 286 277 266 255
295 295 298 298 296 294 288 289 280 264 228 191 185 190 199 151 108 106 105 115 223 248 259 133 121 118 125 123 121 110 80 70 61 53 39 12 1 355 357 348 342 338 331 323 314 302 286 284 277 266 256
295 295 299 300 298 296 292 295 268 255 149 150 159 171 187 113 113 103 103 115 260 248 246 137 121 120 125 128 122 106 92 59 43 40 26 14 360 356 350 345 340 335 329 323 314 301 282 281 276 267 257
296 296 301 302 301 298 297 301 274 224 111 120 141 153 166 98 122 90 75 313 283 254 236 114 120 123 125 130 130 125 118 50 27 29 19 12 360 353 346 343 337 332 327 321 313 300 279 279 274 266 256
297 298 303 304 303 302 303 304 273 175 110 117 132 139 113 102 103 62 335 318 297 268 237 111 114 123 128 131 129 115 101 36 15 24 21 12 3 353 347 339 333 325 322 318 310 298 274 276 272 264 255
297 299 304 306 306 305 306 304 273 174 110 119 126 129 112 87 38 5 340 319 293 270 247 111 108 116 121 121 122 118 102 15 6 14 25 9 1 348 338 331 325 321 317 313 306 295 270 273 270 262 254
298 300 304 307 308 308 307 300 268 215 111 120 123 117 114 54 20 360 341 319 284 265 254 113 103 113 119 122 131 136 128 4 5 17 18 5 355 344 337 329 324 319 315 310 302 291 267 270 268 260 251
299 301 304 308 309 308 305 290 267 249 108 117 120 116 121 46 19 358 341 316 285 271 268 136 95 114 120 120 128 124 67 10 4 8 1 350 346 338 332 326 321 316 311 306 298 287 264 267 265 257 249
299 302 304 308 309 307 300 266 271 278 107 115 119 122 105 47 21 0 344 329 290 281 282 305 77 106 119 112 115 103 51 12 1 354 348 347 340 335 328 322 317 313 308 302 294 283 260 262 261 253 245
299 301 305 307 306 303 294 288 273 291 96 118 126 126 71 47 30 354 333 291 262 278 297 313 61 87 108 93 92 80 51 5 355 354 351 353 341 332 326 320 315 310 306 299 290 280 256 259 257 249 242
301 304 307 307 303 296 289 295 287 309 351 73 101 107 57 15 351 327 345 304 304 291 320 336 43 65 90 76 60 51 17 336 341 344 347 346 337 331 325 318 312 307 303 297 288 277 256 258 256 248 239
302 306 308 306 300 290 271 212 296 323 348 14 23 31 336 302 290 344 344 1 357 349 341 353 13 37 56 41 20 348 339 326 337 335 339 344 335 329 322 317 311 306 302 296 288 274 257 258 255 247 237
301 305 307 306 302 295 285 240 287 306 328 348 351 347 334 330 329 328 323 317 318 320 323 328 349 16 29 25 17 7 0 350 344 342 340 336 331 325 320 315 311 307 303 298 291 279 266 262 253 245 235
298 301 305 308 313 317 316 294 275 268 321 343 345 356 354 355 339 324 313 308 307 301 297 305 344 8 19 24 20 13 6 356 344 339 334 330 327 322 318 312 309 305 302 299 293 285 277 268 256 247 236
296 297 302 307 317 328 324 293 254 254 322 336 333 345 360 352 343 307 294 302 301 299 298 280 329 18 27 24 25 17 6 353 339 333 328 325 323 320 315 309 307 304 301 296 287 272 267 263 257 249 241
295 295 297 301 314 324 318 287 253 254 312 331 329 344 354 346 332 299 257 294 292 292 292 272 300 15 26 25 25 15 2 347 335 328 322 320 319 315 311 306 305 302 298 291 281 262 256 254 253 249 244
