---
CAPE [J/kg] Valid 0400 PST ~Z75~(1200Z)~Z~ MON 22 May 2017 ~Z75~[12hrFcst@1225z]~Z~
Model= RASP Region= PANOCHE Grid= d2 Reskm= 4.0 Indexs= 1 51 1 69 Proj= lambert 4000 4000 40.0000 40.0000 -73.0000 36.6487 -121.0445
Day= 2017 5 22 MON ValidLST= 400 PST ValidZ= 1200 Fcst= 12.0 Init= 12 Param= cape Unit= J/kg Mult= 1 Min= 0 Max= 13
0 0 0 0 0 0 0 0 0 0 0 2 0 0 0 0 0 0 0 0 0 0 0 0 0 0 0 0 0 0 0 0 0 0 0 2 6 7 6 5 0 0 0 0 0 0 0 0 0 0 0
0 0 0 0 0 0 0 0 0 0 2 1 0 0 0 0 0 0 0 0 0 0 0 0 0 0 0 0 0 0 0 0 0 0 0 2 3 7 6 4 0 0 0 0 0 0 0 0 0 0 0
0 0 0 0 0 0 0 0 0 0 2 0 0 0 0 0 0 0 0 1 0 0 0 2 0 0 0 0 0 0 0 0 0 0 0 0 2 6 5 4 0 0 0 0 0 0 0 0 0 0 0
0 0 0 0 0 0 0 0 0 0 2 0 0 0 0 0 2 1 3 4 0 0 2 2 0 0 0 0 0 0 0 0 0 0 0 0 0 3 5 4 0 0 0 0 0 0 0 0 0 0 0
0 0 0 0 0 0 0 0 0 1 1 0 0 0 0 3 12 11 11 9 4 7 3 0 0 0 0 0 0 0 0 0 0 0 0 0 0 2 5 2 0 0 0 0 0 0 0 0 0 0 0
0 0 0 0 0 0 0 0 0 0 0 0 0 0 0 0 1 2 9 8 9 9 1 0 0 0 0 0 0 0 0 0 0 0 0 0 0 1 5 0 0 0 0 0 0 0 0 0 0 0 0
0 0 0 0 0 0 0 0 0 0 0 0 0 0 0 0 0 1 6 11 12 6 0 0 0 0 0 0 0 0 0 0 0 0 0 0 0 0 4 0 0 0 0 0 0 0 0 0 0 0 0
0 0 0 0 0 0 0 0 0 0 0 0 0 0 0 0 0 0 6 7 6 1 0 0 0 0 0 0 0 0 0 0 0 0 0 0 0 0 1 0 0 0 0 0 0 0 0 0 0 0 0
0 0 0 0 0 0 0 0 0 0 0 0 0 0 0 0 0 0 7 11 1 0 0 0 0 0 0 0 0 0 0 0 0 0 0 0 0 1 0 0 0 0 0 0 0 0 0 0 0 0 0
0 0 0 0 0 0 0 0 0 0 0 0 0 0 0 0 0 0 4 7 0 0 0 0 0 0 0 0 0 0 0 0 1 0 0 0 0 3 0 0 0 0 0 0 0 0 0 0 0 0 0
0 0 0 0 0 0 0 0 1 0 0 0 0 0 0 0 0 0 0 7 1 0 0 0 0 0 0 0 0 0 0 1 4 0 0 0 2 3 0 0 0 0 0 0 0 0 0 0 0 0 0
0 0 0 0 0 0 0 0 0 0 0 0 0 0 0 0 2 7 4 6 2 0 0 0 0 0 0 0 0 0 0 2 4 0 0 1 2 3 0 0 0 0 0 0 0 0 0 0 0 0 0
0 0 0 0 0 0 1 2 0 0 0 0 0 0 0 0 0 2 4 5 1 0 0 0 0 0 0 0 0 0 2 4 4 3 0 2 2 2 0 0 0 0 0 0 0 0 0 0 0 0 0
0 0 0 0 0 0 2 0 0 0 0 0 0 0 0 0 0 0 4 4 0 0 0 0 0 0 0 0 0 4 3 5 3 0 0 3 3 2 2 0 0 0 0 0 0 0 0 0 0 0 0
0 0 0 0 0 0 2 0 0 0 0 0 0 0 0 0 0 0 6 3 0 0 0 0 0 0 0 0 0 0 6 3 2 3 0 2 3 2 2 0 0 0 0 0 0 0 0 0 0 0 0
0 0 0 0 0 0 3 0 0 0 0 0 0 0 0 0 0 0 2 8 0 0 0 0 0 0 0 0 0 0 1 3 4 7 2 0 3 4 2 0 0 0 0 0 0 0 0 0 0 0 0
0 0 0 0 0 0 3 0 0 0 0 0 0 0 2 1 0 0 0 5 0 0 0 0 0 0 0 0 0 0 0 1 1 1 0 0 2 4 4 1 0 0 0 0 0 0 0 0 0 0 0
0 0 0 0 0 0 0 0 0 0 0 0 0 0 3 0 0 0 0 5 0 0 0 0 0 0 0 0 0 0 1 0 0 0 0 2 0 3 4 2 0 0 0 0 0 0 0 0 0 0 0
0 0 0 0 0 2 0 0 0 0 0 0 0 1 1 0 0 0 0 4 2 0 0 0 0 0 0 0 0 0 1 0 0 0 1 2 0 3 4 2 0 0 0 0 0 0 0 0 0 0 0
0 0 0 0 0 2 0 0 0 0 0 0 0 2 0 0 0 0 4 4 3 0 0 0 0 0 0 0 0 0 0 0 0 0 0 0 0 3 4 3 0 0 0 0 0 0 0 0 0 0 0
0 0 0 0 0 1 0 0 0 0 0 0 0 1 0 0 0 0 4 5 3 0 0 0 0 0 0 0 0 0 0 0 0 0 0 0 0 3 4 3 0 0 0 0 0 0 0 0 0 0 0
0 0 0 0 0 1 0 0 0 0 0 0 0 0 0 0 0 3 4 5 1 0 0 0 0 0 0 0 0 0 0 0 0 1 1 0 1 3 4 4 1 0 0 0 0 0 0 0 0 0 0
0 0 0 0 0 1 0 0 0 0 0 0 0 0 0 0 0 4 4 4 1 0 0 0 0 0 0 0 0 0 0 0 0 0 1 0 3 4 4 3 0 0 0 0 0 0 0 0 0 0 0
0 0 0 0 0 1 0 0 0 0 0 0 0 0 0 0 4 2 3 5 1 0 0 0 0 0 0 0 0 0 0 0 0 0 0 0 3 4 3 3 0 0 0 0 0 0 0 0 0 0 0
0 0 0 0 0 2 0 0 0 0 0 0 0 0 0 0 3 2 3 6 3 1 0 0 0 0 0 0 0 0 0 0 0 0 0 1 3 4 3 3 0 0 0 0 0 0 0 0 0 0 0
0 0 0 0 0 2 0 0 0 0 0 0 0 0 0 0 0 2 2 6 3 0 0 0 0 0 0 0 0 0 0 0 0 0 1 2 3 3 3 2 0 0 0 0 0 0 0 0 0 0 0
0 0 0 0 0 3 1 0 0 0 0 0 0 0 0 0 0 3 1 3 0 0 0 0 0 0 0 0 0 0 0 0 0 0 1 3 3 3 3 0 0 0 0 0 0 0 0 0 0 0 0
0 0 0 0 0 1 1 0 0 0 0 0 0 0 0 0 0 3 1 2 0 0 0 0 0 0 0 0 0 0 0 0 0 0 0 3 3 3 3 0 0 0 0 0 0 0 0 0 0 0 4
0 0 0 0 0 1 1 0 0 0 0 0 0 0 0 1 2 2 1 4 2 0 0 0 0 0 0 0 0 0 0 0 0 0 1 1 4 2 2 0 0 0 0 0 0 0 0 0 0 1 5
0 0 0 0 0 0 0 0 0 0 0 0 0 0 0 0 0 1 2 4 1 1 0 0 0 0 0 0 0 0 0 0 0 0 1 2 2 2 2 0 0 0 0 0 0 0 0 0 0 4 5
0 0 0 0 0 0 0 0 0 0 0 0 0 0 0 0 0 2 0 0 0 0 0 0 0 0 0 0 0 0 0 0 0 0 2 2 3 2 2 0 0 0 0 0 0 0 0 0 0 4 4
0 0 0 0 0 0 0 0 0 0 0 0 0 0 0 0 2 1 0 0 0 2 0 0 0 0 0 0 0 0 0 0 0 0 2 5 3 3 2 0 0 0 0 0 0 0 0 0 0 4 4
0 0 0 0 0 0 0 0 0 0 0 0 0 0 0 0 3 1 0 0 0 3 1 0 0 0 0 0 0 0 0 0 0 0 2 6 5 2 1 0 0 0 0 0 0 0 0 0 0 4 4
0 0 0 0 0 0 0 0 0 0 0 0 0 0 0 0 0 0 0 0 0 1 0 0 0 0 0 0 0 0 0 0 0 0 4 6 5 1 0 0 0 0 0 0 0 0 0 0 0 4 5
0 0 0 0 0 0 0 0 0 0 0 0 0 0 0 2 2 0 0 0 0 0 0 0 0 0 0 0 0 0 0 0 0 0 5 7 1 0 0 0 0 0 0 0 0 0 0 0 0 3 4
0 0 0 0 0 0 0 0 0 0 0 0 0 0 0 1 2 0 0 0 0 0 0 0 0 0 0 0 0 0 0 0 0 0 5 7 0 0 0 0 0 0 0 0 0 0 0 0 0 3 4
0 0 0 0 0 0 0 0 0 0 0 0 0 0 0 0 1 0 0 0 0 0 0 0 0 0 0 0 0 0 0 0 0 0 5 7 0 0 0 0 0 0 0 0 0 0 0 0 0 4 4
0 0 0 0 0 0 0 0 0 0 0 0 0 0 0 0 0 0 0 0 0 0 0 0 0 0 0 0 0 0 0 0 0 0 5 5 0 0 0 0 0 0 0 0 0 0 0 0 0 4 4
0 0 0 0 0 0 0 0 0 0 0 0 0 0 0 4 0 0 0 0 0 0 0 0 0 0 0 0 0 0 0 0 0 0 6 5 0 0 0 0 0 0 0 0 0 0 0 0 1 5 8
0 0 0 0 0 0 0 0 0 0 0 0 0 0 0 6 0 0 0 0 0 0 0 0 0 0 0 0 0 0 0 0 0 1 7 6 0 0 0 0 0 0 0 0 0 0 0 0 6 6 8
0 0 0 0 0 0 0 0 0 0 0 0 0 0 5 5 0 0 0 0 0 0 1 0 0 0 0 0 0 0 0 0 2 7 7 6 0 0 0 0 0 0 0 0 0 0 0 3 7 10 9
0 0 0 0 0 0 0 0 0 0 0 0 0 2 4 3 0 0 0 0 0 0 1 0 0 0 0 0 0 0 0 0 2 7 5 5 1 0 0 0 0 0 0 0 0 0 0 11 11 11 10
0 0 0 0 0 0 0 0 0 0 0 0 1 2 2 3 0 0 0 0 0 0 1 0 0 0 0 0 2 7 0 0 2 7 5 5 6 0 0 0 0 0 0 0 0 0 0 11 12 13 11
0 0 0 0 0 0 0 0 0 0 1 1 1 1 2 3 0 0 0 0 1 5 5 0 0 0 0 0 0 4 1 0 5 11 10 5 6 0 0 0 0 0 0 0 0 0 0 12 12 11 10
0 0 0 0 0 0 0 0 0 0 0 0 0 0 1 1 0 0 0 0 4 4 4 0 0 0 0 0 0 1 1 4 5 9 10 5 5 0 0 0 0 0 0 0 0 0 0 12 5 3 4
0 0 0 0 0 0 0 0 0 0 0 0 0 0 0 0 0 0 0 1 2 3 4 0 0 0 0 0 0 2 1 4 5 9 10 5 5 0 0 0 0 0 0 0 0 0 0 9 0 0 0
0 0 0 0 0 0 0 0 0 0 0 0 0 0 0 0 0 0 0 0 1 5 0 0 0 0 0 0 0 0 0 0 4 9 9 9 5 1 0 0 0 0 0 0 0 0 0 6 0 0 0
0 0 0 0 0 0 0 0 0 0 0 0 0 0 0 0 0 0 0 0 0 5 0 0 0 0 0 0 0 0 0 0 1 5 9 9 4 5 0 0 0 0 0 0 0 0 0 11 7 3 3
0 0 0 0 0 0 0 0 0 0 0 0 0 0 0 0 1 0 0 0 0 2 0 0 0 0 0 0 0 0 0 0 0 5 9 9 4 5 0 0 0 0 0 0 0 0 0 12 13 12 11
0 0 0 0 0 0 0 0 0 0 0 0 0 0 0 1 0 0 0 0 0 1 0 0 0 0 0 0 0 0 0 0 0 5 8 9 4 5 0 0 0 0 0 0 0 0 2 12 13 12 10
0 0 0 0 0 0 0 0 0 0 0 0 0 0 1 1 0 0 0 0 1 0 0 0 0 0 0 0 0 0 0 0 0 5 5 4 4 5 0 0 0 0 0 0 0 0 2 12 12 11 8
0 0 0 0 0 0 0 0 0 0 0 0 0 0 0 0 0 0 0 0 0 0 0 0 0 0 0 0 0 0 0 0 0 3 6 4 4 4 0 0 0 0 0 0 0 0 0 11 11 10 7
0 0 0 0 0 0 0 0 0 0 0 0 0 0 0 0 0 0 0 0 0 1 0 0 0 0 0 0 0 0 0 0 0 0 5 5 4 4 0 0 0 0 0 0 0 0 0 10 10 10 8
0 0 0 0 0 0 0 0 0 0 0 0 0 0 0 0 0 0 0 0 2 4 1 0 0 0 0 0 0 0 0 0 0 0 1 5 4 3 0 0 0 0 0 0 0 0 0 9 10 9 8
0 0 0 0 0 0 0 0 0 0 0 0 0 0 0 0 0 0 1 2 2 3 1 0 0 0 0 0 0 0 0 0 0 0 0 5 3 3 0 0 0 0 0 0 0 0 0 9 10 9 6
0 0 0 0 0 0 0 0 0 0 0 0 0 0 0 0 0 0 0 2 3 1 0 0 0 0 0 0 0 0 0 0 0 0 0 6 3 3 0 0 0 0 0 0 0 0 0 8 9 7 2
0 0 0 0 0 0 0 0 0 0 0 0 0 0 0 0 0 0 0 2 3 0 0 0 0 0 0 0 0 0 0 0 0 0 0 5 3 3 0 0 0 0 0 0 0 0 0 7 7 3 0
0 0 0 0 0 0 0 0 0 0 0 0 0 0 0 0 0 0 1 2 1 0 0 0 0 0 0 0 0 0 0 0 0 0 0 5 3 4 0 0 0 0 0 0 0 0 0 8 7 3 0
0 0 0 0 0 0 0 0 0 0 0 0 0 0 0 0 0 0 1 0 0 0 0 0 0 0 0 0 0 0 0 0 0 0 0 3 2 0 0 0 0 0 0 0 0 0 0 8 8 2 0
0 0 0 0 0 0 0 0 0 0 0 0 0 0 0 0 0 3 0 0 0 0 0 0 0 0 0 0 0 0 0 0 0 0 0 3 0 0 0 0 0 0 0 0 0 0 0 8 4 0 0
0 0 0 0 0 0 0 0 0 0 0 0 0 0 0 0 0 4 2 0 0 0 0 0 0 0 0 0 0 0 0 0 0 1 5 4 0 0 0 0 0 0 0 0 0 0 0 8 3 0 0
0 0 0 0 0 0 0 0 0 0 0 0 0 0 0 0 1 4 4 2 0 0 0 0 0 0 0 0 0 0 0 0 0 1 5 0 0 0 0 0 0 0 0 0 0 0 0 2 2 0 0
0 0 0 0 0 0 0 0 0 0 0 0 0 0 0 0 0 2 3 2 0 0 0 0 0 0 0 0 0 0 0 0 0 5 3 0 0 0 0 0 0 0 0 0 0 0 0 0 2 0 0
0 0 0 0 0 0 0 0 0 0 0 0 0 0 0 0 0 1 2 2 0 0 0 0 0 0 0 0 0 0 0 0 0 5 3 0 0 0 0 0 0 0 0 0 0 0 0 2 3 0 0
0 0 0 0 0 0 0 0 0 0 0 0 0 0 0 0 0 1 0 2 0 0 0 0 0 0 0 0 0 0 0 0 1 4 3 0 0 0 0 0 0 0 0 0 0 0 0 4 3 0 0
0 0 0 0 0 0 0 0 0 0 0 0 0 0 0 0 0 0 0 0 1 0 0 0 0 0 0 2 1 0 0 1 5 4 2 0 0 0 0 0 0 0 0 0 0 0 0 4 2 0 0
0 0 0 0 0 0 0 0 0 0 0 0 0 0 0 0 0 0 0 0 1 0 0 0 1 0 4 9 3 0 0 3 5 3 0 0 0 0 0 0 0 0 0 0 0 0 0 4 3 0 0
0 0 0 0 0 0 0 0 0 0 0 0 0 0 0 0 0 0 0 0 0 0 0 0 0 1 0 0 0 0 0 5 4 0 0 0 0 0 0 0 0 0 0 0 0 0 0 6 6 0 0
0 0 0 0 0 0 0 0 0 0 0 0 0 0 0 0 0 0 0 0 0 0 0 0 0 1 0 0 0 0 0 5 4 0 0 0 0 0 0 0 0 0 0 0 0 0 0 3 2 2 0
