---
Depth of Critical Updraft Strength (AGL Hcrit) [ft] Valid 1300 PST ~Z75~(2100Z)~Z~ MON 22 May 2017 ~Z75~[21hrFcst@1239z]~Z~
Model= RASP Region= PANOCHE Grid= d2 Reskm= 4.0 Indexs= 1 51 1 69 Proj= lambert 4000 4000 40.0000 40.0000 -73.0000 36.6487 -121.0445
Day= 2017 5 22 MON ValidLST= 1300 PST ValidZ= 2100 Fcst= 21.0 Init= 12 Param= dwcrit Unit= ft Mult= 1 Min= 0 Max= 7001
0 0 0 0 0 0 0 0 0 0 381 606 681 817 1040 1597 2210 3193 5229 5508 5927 6008 6287 6282 6206 6125 6037 5864 5782 5747 5783 5858 5948 6019 6204 6449 6826 6922 7001 6981 6999 6749 6277 5330 4853 4141 3884 3645 3603 3641 3773
0 0 0 0 0 0 0 0 0 0 0 548 642 769 1001 1650 2409 4167 5325 5549 5960 6127 6247 6072 6153 6075 6013 5950 5747 5732 5768 5813 5992 5983 6135 6392 6562 6856 6823 6786 6778 6597 6245 5447 4937 4356 4030 3591 3601 3652 3776
0 0 0 0 0 0 0 0 0 0 0 465 609 727 932 1684 2682 4714 5306 5807 6064 6211 6099 6080 6143 6090 6025 5949 5758 5746 5758 5793 5881 5954 6073 6280 6388 6518 6755 6625 6632 6517 6142 5526 5046 4539 4172 3755 3631 3663 3717
0 0 0 0 0 0 0 0 0 0 0 431 593 695 953 1776 2984 4794 5453 5998 6212 6124 6295 6264 6226 6138 6063 5983 5939 5781 5773 5793 5855 5933 6029 6149 6281 6365 6616 6608 6649 6520 6149 5654 5204 4752 3973 3843 3671 3681 3743
0 0 0 0 0 0 0 0 0 0 287 521 653 776 1004 1814 3983 5026 5660 5838 6276 6371 6374 6321 6282 6192 6085 5972 5953 5732 5728 5969 5777 5844 5917 5984 6068 6380 6603 6563 6637 6519 6337 5939 5312 4800 4006 3937 3760 3699 3905
0 0 0 0 0 0 0 0 0 233 422 634 707 888 1473 2894 4632 5403 5721 5925 6022 6344 6427 6364 6325 6237 6088 6309 5931 5700 5719 5929 5667 5755 5682 5891 5949 6139 6456 6497 6516 6396 6178 5706 5296 4764 4050 4066 3874 3815 3979
0 0 0 0 0 0 0 0 0 234 471 681 777 1216 2615 4255 5077 5527 5718 5848 6212 6356 6442 6369 6341 6274 6199 6249 5916 5812 5615 5593 5636 5698 5723 5746 5837 6045 6208 6235 6290 6160 6021 5570 5186 4709 3945 3980 3924 3910 3964
0 0 0 0 0 0 0 0 197 369 551 688 884 1784 3885 4880 5441 5908 6050 5888 6282 6337 6444 6385 6357 6298 6299 6016 5878 5723 5522 5786 5582 5667 5639 5587 5586 5533 6007 6049 6089 6052 5775 5290 4910 4247 3971 3994 3962 3966 4004
0 0 0 0 0 0 0 0 0 229 487 682 1003 3205 4713 5194 5648 6027 6214 6288 6347 6326 6419 6427 6366 6326 6309 6010 5768 5605 5477 5505 5599 5655 5561 5453 5437 5360 5599 5568 5797 5783 5687 4675 4242 4072 4079 4006 3992 4071 4031
0 0 0 0 0 0 0 0 0 213 463 694 1852 4006 5010 5431 5935 6256 6361 6411 6406 6390 6506 6504 6363 6321 6245 6008 5903 5544 5374 5509 5614 5586 5409 5139 5130 5151 5395 5327 5354 5590 5572 5244 4161 4008 4083 4015 4083 4016 4111
0 0 0 0 0 0 0 0 163 477 497 1315 3632 4696 5274 5607 6034 5924 6241 6403 6414 6401 6425 6407 6361 6331 6278 5948 5932 5538 5535 5597 5592 5488 5282 5057 5056 5136 5016 5148 5184 5140 5303 5124 4283 4080 4078 4115 4020 4035 4124
0 0 0 0 0 0 0 0 169 480 763 3301 4590 5212 5466 5669 5891 6048 6223 6338 6364 6310 6277 6252 6378 6323 6190 6052 5810 5588 5605 5556 5324 5214 5078 4981 4912 4833 4879 4982 5015 5075 5138 4929 4587 4055 3982 3996 4005 4026 4118
0 0 0 0 0 0 0 164 444 734 933 3661 4949 5459 5496 5632 5723 5745 6062 6242 6244 6223 6235 6211 6285 6263 6155 5872 5726 5694 5584 5360 5230 5227 5121 4967 5003 4736 4740 4700 4812 4775 4654 4763 4142 3931 3961 3952 3947 3961 3986
0 0 0 0 0 0 0 196 789 957 1229 3631 4732 5318 5640 5582 5448 5651 6101 6150 6153 6203 6282 6256 6283 6248 6071 5747 5798 5663 5521 5203 5110 5143 5059 4838 4990 4895 5246 4743 4766 4737 4443 4491 4056 3964 3988 3942 3784 3743 3835
0 0 0 0 0 0 0 453 1009 1196 2136 3907 4650 5193 5620 5579 5394 5505 5952 6065 6142 6198 6270 6222 6262 6233 5954 5758 5764 5508 5506 5345 5087 5141 5167 4698 4629 4809 4752 4972 4846 4910 4370 3926 3953 3778 3768 3747 3650 3626 3608
0 0 0 0 0 0 0 704 1303 2109 3396 4263 4874 5196 5479 5476 5430 5502 5775 6032 6140 6150 6181 6247 6142 6166 5868 5701 5602 5303 5394 5336 5268 5082 4862 4806 4610 4782 4722 4840 4794 4527 4473 3980 3781 3592 3645 3545 3277 3101 3087
0 0 0 0 0 0 0 761 1398 2212 3226 4602 5066 5297 5114 5346 5263 5453 5789 6024 6060 6076 6103 6227 6053 6114 5779 5591 5508 5325 5107 5088 5100 4784 4718 4861 4697 4687 4626 4864 4754 4445 4405 3957 3593 3443 3244 3176 2959 2834 2729
0 0 0 0 0 0 0 928 1559 2297 3398 4657 5203 5422 4960 5176 5179 5470 5893 6007 5968 5982 6032 6090 5847 5978 5679 5532 5485 5354 5257 5157 5022 4845 4579 4805 4687 4704 4627 4751 4740 4590 4358 3694 3547 3278 3154 2981 2811 2644 2509
0 0 0 0 0 0 0 952 2316 3020 4241 4808 5187 5103 4963 5061 5298 5664 5930 5974 5940 5912 5969 5942 5628 5800 5555 5558 5497 5295 5230 4989 4730 4696 4377 4767 4674 4776 4752 4744 4717 4505 4334 3732 3469 3234 3032 2864 2711 2551 2354
0 0 0 0 0 0 421 1297 2905 3627 4601 4946 5218 4958 5103 5029 5421 5558 5795 5936 5895 5823 5935 5899 5589 5731 5660 5550 5270 5183 4962 4660 4648 4599 4601 4710 4739 4795 4766 4730 4691 4472 4065 3887 3460 3192 2924 2786 2646 2439 2259
0 0 0 0 0 0 479 1255 3561 4171 4547 4966 5068 4905 5063 5130 5515 5400 5892 5934 5867 5782 5909 5885 5576 5644 5412 5321 5086 5081 4673 4704 4771 4534 4651 4735 4738 4832 4774 4737 4636 4455 4057 3718 3462 3176 2980 2824 2680 2425 2227
0 0 0 0 0 0 0 872 3716 4217 4447 4873 4967 5013 4999 5330 5211 5230 5493 5921 5857 5771 5739 5785 5473 5445 5167 5112 5008 4716 4668 4805 4840 4628 4721 4742 4731 4646 4674 4734 4553 4272 3894 3871 3624 3171 2775 2707 2668 2374 2260
0 0 0 0 0 0 0 934 3348 4211 4324 4462 4825 4866 4910 5263 5052 5271 5315 5685 5672 5674 5634 5636 5243 5267 5346 5418 5046 4909 4811 4886 4949 4694 4919 4738 4820 4732 4867 4735 4378 4280 3925 3660 3519 3202 2798 2699 2649 2498 2021
0 0 0 0 0 0 0 950 2908 4149 4175 4412 4635 4498 4914 5015 4978 5405 5568 5506 5484 5536 5547 5494 5099 5183 5433 5546 5371 5046 4838 4874 4918 4589 4728 4740 4777 4886 4856 4802 4388 4216 3945 3909 3608 3317 2865 2790 2634 2301 2049
0 0 0 0 0 0 0 1058 2796 3878 4202 4320 4253 4287 4891 4824 5064 5814 5575 5488 5041 5315 5367 5112 5036 5356 5735 5725 5824 5716 5453 5168 4869 4480 4859 4758 4972 4998 4945 4833 4668 4036 4043 4052 3657 3269 3012 2731 2632 2433 2139
0 0 0 0 0 0 748 2123 3040 3542 3899 3962 4049 4492 4800 4731 4961 5699 5573 5045 5086 5092 5113 5137 5092 5684 5958 5800 5898 6035 5801 5429 4838 4523 4848 4763 5163 5111 4956 4840 4628 4330 4039 3958 3916 3572 3139 2903 2701 2452 2267
0 0 0 0 0 0 875 2386 3454 3589 3555 3591 3655 4553 4711 4993 5001 5459 5682 4772 4966 5088 5249 5448 5411 5609 5784 5715 5904 6030 5760 5337 4691 4849 4757 5055 5519 5586 4968 4834 4376 4226 3923 3941 3699 3645 3224 3174 2788 2663 2389
0 0 0 0 0 0 898 2368 3905 3891 3539 3446 4021 4613 4927 5245 5001 5345 5504 5057 5064 5202 5435 5579 5591 5699 5769 5709 5941 5829 5605 5395 4954 4947 4798 4889 4996 5167 5045 4808 4233 4111 3980 4038 3945 3675 3554 3330 3126 2869 2705
0 0 0 0 0 0 795 2074 4099 4568 4696 4839 4716 4750 4952 4965 5139 5620 4836 4687 5016 5184 5404 5534 5534 5694 5757 5758 5869 5691 5623 5545 5104 5123 4934 5090 4870 5088 4911 4720 3968 4041 3673 3749 3688 4002 3710 3651 3293 3172 2908
0 0 0 0 0 0 1005 2215 4222 4409 4755 5190 5055 4810 4617 4418 4926 5029 4532 4445 4835 5115 5382 5525 5557 5710 5636 5610 5631 5807 5686 5505 4933 5143 4945 4790 4737 4752 4848 4581 3925 3863 3660 3950 3953 4040 3875 3688 3594 3283 3197
0 0 0 0 0 0 1089 3022 4188 4353 4450 4431 4784 4417 4214 4591 5368 4882 4444 4268 4554 5126 5480 5556 5565 5699 5498 5552 5641 5899 5614 5289 4738 5032 4835 4965 4715 4738 4886 4727 3861 3795 3653 3836 3783 3890 3955 3651 3673 3598 3321
0 0 0 0 0 649 1293 3345 4223 4171 3920 4084 4283 4144 4118 4851 4313 4203 4132 4179 4874 5273 5490 5387 5461 5486 5403 5481 5680 5888 5525 5086 4494 4776 4728 4687 4671 4785 4825 4529 3811 3924 3714 3742 3736 3776 3899 3727 3702 3677 3617
0 0 0 0 0 742 1302 3325 4410 4222 3945 4063 4074 3709 3463 3922 3557 3590 3908 4233 4988 5374 5533 5318 5411 5156 5291 5466 5700 5837 5508 5126 4818 4749 4764 4714 4664 4681 4509 4107 3699 3752 3637 3711 3653 3738 3794 3739 3720 3652 3743
0 0 0 0 729 1189 1566 3164 4490 4715 4531 4164 3995 3324 1842 2056 1521 2566 3318 3937 4636 5335 5610 5447 5704 5133 5181 5198 5311 5540 5507 5179 4759 4746 4732 4683 4875 4506 4428 4044 3646 3690 3639 3699 3713 3735 3745 3748 3677 3673 3771
0 0 0 0 369 1230 1842 3766 4987 5064 4734 4819 4074 2728 1104 1322 1108 1561 2785 3764 4510 5323 5691 5733 5734 5381 5148 4985 4847 5243 5392 5164 5026 4848 4761 4562 4520 4400 4325 4019 3671 3673 3683 3589 3674 3719 3709 3747 3743 3739 3785
0 0 0 0 423 1454 2168 4125 4699 2340 2019 4964 4174 1750 955 1269 772 1168 2197 3682 4590 5457 5811 5831 5746 5531 5286 4943 4708 4826 5045 4944 4820 4862 4867 4699 4402 4092 4028 3987 3952 3659 3669 3441 3543 3707 3452 3713 3721 3718 3780
0 0 0 0 0 986 2415 3921 4427 2597 1791 3141 4134 792 915 816 556 842 2015 3761 4860 5721 5844 5855 5648 5696 5400 5135 4756 4656 4698 4729 4686 4819 4772 4576 4213 4017 4007 3924 3831 3639 3458 3456 3653 3636 3328 3623 3638 3651 3768
0 0 0 0 0 666 2422 3629 3837 2088 1410 1009 3525 474 554 770 495 609 1779 3997 4920 5686 5890 5688 5570 5704 5609 5219 4856 4668 4687 4697 4626 4678 4760 4549 4174 3991 3980 3893 3713 3643 3302 3291 3632 3330 3289 3496 3535 3606 3830
0 0 0 0 0 403 1284 3292 2336 1196 772 717 689 532 531 596 493 566 2060 4226 4882 5662 5840 5509 5484 5622 5430 5084 4873 4783 4828 4797 4553 4523 4658 4486 4346 3988 3924 3909 3682 3661 3301 3307 3654 3324 3314 3556 3677 3688 3808
0 0 0 0 0 0 379 1011 1202 845 692 608 506 504 723 562 493 425 3387 4434 5021 5522 5554 5467 5398 5381 5092 4977 4877 4804 4730 4724 4750 4406 4511 4401 4303 3997 3930 3953 3691 3674 3468 3393 3666 3574 3686 3754 3591 3575 3689
0 0 0 0 0 0 223 640 740 524 474 558 520 521 517 523 350 400 3713 4433 4856 5108 5187 5222 5060 5174 4925 4752 4823 4692 4676 4664 4694 4340 4310 4391 4400 4012 3947 3948 3699 3681 3590 3594 3518 3454 3788 3769 3790 3562 3731
0 0 0 0 0 0 0 223 511 166 269 121 323 583 640 510 316 201 3682 4009 4318 4088 4519 4798 4666 4850 4715 4658 4748 4877 4665 4570 4536 4319 4286 4170 4009 4015 3960 3900 3704 3678 3292 3418 3594 3684 3954 3770 3710 3532 3677
0 0 0 0 0 0 0 185 120 0 134 141 298 375 558 442 318 172 2632 3594 2706 2370 3507 4325 4289 4480 4536 4449 4691 5082 4805 4624 4467 4403 4417 4453 4020 4002 3884 3719 3607 3558 3264 3300 3339 3777 3824 3769 3608 3490 3481
0 0 0 0 0 0 0 0 0 0 0 242 320 424 542 359 315 120 421 1069 1439 1439 2666 4111 4228 4315 4532 4293 4350 4715 4834 4551 4389 4342 4381 4446 4025 3955 3707 3679 3667 3269 3128 3352 3511 3665 3788 3684 3566 3439 3572
0 0 0 0 0 0 0 0 0 0 0 0 235 387 356 334 317 336 329 502 765 1137 1958 3759 3968 4257 4539 4300 3910 0 4704 4433 4372 4281 4345 4238 4078 3964 3551 3509 3350 3166 2837 2878 2862 3392 3654 3624 3460 3390 3574
0 0 0 0 0 0 0 0 0 0 0 0 0 331 354 334 314 347 352 360 506 844 1411 1951 3170 3981 4492 4358 4182 4322 4459 4231 4163 3966 4085 4049 3985 3671 3597 3117 2823 2737 2878 2944 3034 3404 3607 3459 3391 3378 3476
0 0 0 0 0 0 0 0 0 0 0 0 0 318 345 327 314 311 304 309 319 840 0 0 940 3853 4425 4367 4172 4094 4083 3968 3996 3908 3985 3934 3712 3529 3405 2821 2799 2847 2917 2969 3016 3396 3399 3389 3367 3356 3457
0 0 0 0 0 0 0 0 0 0 0 0 0 0 219 293 347 308 0 0 177 817 1215 1577 3204 4063 4393 4324 4091 3827 3651 3829 3873 3840 3620 3684 3116 3072 2507 2693 2668 2818 2842 3082 3194 3158 3305 3298 3337 3328 3382
0 0 0 0 0 0 0 0 0 0 0 0 0 0 228 331 379 330 97 1337 1826 1820 2450 3421 3842 4165 4299 4241 4083 3785 3535 3624 3680 3719 3573 3472 3120 2484 2340 2646 2764 2807 2819 3195 3278 3356 3296 3128 3333 3330 3352
0 0 0 0 0 0 0 0 0 0 0 0 0 0 175 339 397 217 141 2746 3448 3361 3536 3761 4065 4238 4197 4177 3977 3708 3482 3333 3441 3664 3608 3258 2950 2710 2273 2372 2649 2692 2949 3389 3001 3161 3423 3154 3447 3309 3337
0 0 0 0 0 0 0 0 0 0 0 0 0 0 177 408 416 201 646 3112 3461 3864 3462 3751 4098 4207 4150 4171 3891 3717 3434 3210 3364 3681 3525 3160 2785 2298 2279 2408 2622 2806 3294 3223 0 2862 3298 3325 3310 3291 3313
0 0 0 0 0 0 0 0 0 0 0 0 0 131 204 347 360 399 2924 3365 3530 3421 3184 3869 4100 4220 4126 4133 3921 3731 3391 3115 3131 3552 3356 3291 3093 2743 2317 2458 2508 2804 3247 3292 3280 3313 3288 3274 0 3249 3260
0 0 0 0 0 0 0 0 0 0 268 540 455 320 312 359 697 3168 3508 3434 3685 3319 3207 3733 4054 4177 4112 4051 3796 3699 3429 3159 3105 3407 3239 3376 3021 2758 2422 2911 2717 3319 3333 3256 3025 3240 3184 3218 3223 3199 3154
0 0 0 0 0 0 0 0 0 0 329 564 535 405 425 722 3284 3694 3527 3613 3693 3290 3224 3466 3924 4090 4105 3876 3768 3573 3455 3242 3140 3147 3247 3279 2882 2830 2703 2961 3137 3272 3251 3306 3089 3222 3028 3105 3154 3109 2968
0 0 0 0 0 0 0 0 0 161 358 491 586 607 710 1534 3681 3808 3496 3513 3812 3541 3225 3325 3898 4079 4131 4009 3809 3536 3477 3253 3139 3092 3283 3074 2925 2857 2512 3147 3055 3211 3105 3096 2996 2939 2890 2925 2981 2903 2925
0 0 0 0 0 0 0 0 0 207 621 963 961 937 946 2944 3886 3655 3441 3374 3269 2955 2984 3244 3797 4099 4246 4340 4156 3779 3584 3368 3220 3220 3497 3141 3075 2997 3191 3215 2902 3080 2911 2933 2917 2889 2847 2872 2891 2930 2899
0 0 0 0 0 0 0 0 205 404 1245 2245 1507 1462 2043 3792 4167 3987 4006 3742 2648 2639 2844 3217 3887 4321 4448 4551 4378 3918 3717 3470 3234 3216 3360 3168 2942 2965 3110 3350 3313 2850 2720 2704 2663 2599 2691 2792 2827 2894 2883
0 0 0 0 0 0 0 0 226 495 2473 3383 3279 3135 3636 4013 3775 3989 3220 2952 2684 2431 2559 3184 3972 4447 4493 4579 4422 4154 3861 3492 3241 3276 3443 3388 2990 2974 3094 3052 3195 2940 2700 2656 2502 2620 2592 2599 2610 2637 2842
0 0 0 0 0 0 0 0 241 666 2876 3822 3491 3504 3985 4026 4019 3407 2887 2858 2877 2273 2286 2894 4051 4512 4488 4527 4467 4195 3871 3476 3267 3484 3361 3416 2968 2920 2990 2962 2903 2857 2738 2618 2370 2467 2478 2503 2503 2598 2772
0 0 0 0 0 0 0 0 246 668 2529 3907 3807 3781 3919 3790 3744 2757 2645 2710 2786 2326 2287 2585 4000 4673 4647 4672 4454 4093 3820 3596 3681 3774 3750 3427 2950 2858 2796 2819 2750 2720 2558 2348 2291 2316 2452 2455 2449 2546 2644
0 0 0 0 0 0 0 0 202 672 1992 3869 4066 4023 3678 3650 2981 2312 2342 2579 2700 2359 2457 2877 3967 4771 4803 4871 4427 4072 3795 3659 3879 3864 3739 3393 2864 2667 2637 2668 2631 2582 2417 2246 2165 2352 2354 2401 2478 2527 2619
0 0 0 0 0 0 0 0 254 725 1779 3655 4219 4111 3453 3379 2125 1871 1978 2300 2561 2375 2566 3145 4044 4812 5077 4822 4436 4010 3770 3675 3862 3767 3401 2988 2684 2577 2603 2512 2499 2458 2216 2118 2119 2340 2264 2304 2383 2469 2469
0 0 0 0 0 0 0 0 293 639 1476 3126 3819 3764 2509 2635 1773 1498 939 1812 2037 2238 2592 3172 4158 4743 4899 4615 4306 3971 3800 3832 3734 3440 3175 2667 2565 2539 2418 2347 2412 2303 2126 2069 2181 2399 2138 2211 2230 2352 2551
0 0 0 0 0 0 0 0 0 488 957 1870 2909 2871 2341 1781 1465 1273 0 1149 1813 1669 2515 3158 4145 4589 4694 4516 4233 4235 3899 3695 3625 3385 3008 2638 2532 2389 2245 2270 2535 2498 2076 2043 2263 2063 2016 2181 2194 2298 2457
0 0 0 0 0 0 0 0 0 215 406 859 1204 1189 1062 1179 1100 1054 0 965 1231 1100 1406 2768 3906 4347 4460 4318 4341 4085 3641 3702 3337 3254 2912 2488 2335 2231 2249 2172 2365 2306 2191 2146 1971 1987 1998 2119 2142 2245 2324
0 0 0 0 0 0 0 0 0 0 192 521 743 813 627 481 262 219 267 466 483 490 850 1850 3178 3823 4091 4095 4212 3987 3851 3584 3246 2813 2618 2465 2318 2196 2171 2293 2207 2149 2105 2070 1872 1897 1926 1986 2040 2170 2255
0 0 0 0 0 0 0 0 0 0 176 710 774 777 508 0 0 0 0 247 442 391 469 851 3041 3704 4093 4186 4092 3926 3625 3274 2839 2645 2489 2386 2266 2197 2029 2271 2057 1982 1852 1760 1626 1704 1762 1815 1860 2010 2135
0 0 0 0 0 0 0 0 0 0 195 637 744 750 310 0 0 0 0 232 240 383 461 725 2794 3617 3965 4015 3988 3904 3523 3164 2935 2675 2543 2431 2303 2077 2198 2104 1923 1796 1684 1661 1645 1620 1675 1742 1812 1862 1981
0 0 0 0 0 0 0 0 0 0 294 430 477 403 0 0 0 0 0 218 445 383 434 722 3101 3647 3889 3801 3957 3881 3431 3052 2850 2537 2559 2272 2158 2010 1904 1897 1791 1753 1613 1582 1637 1631 1673 1706 1771 1829 1938
