---
Depth of Critical Updraft Strength (AGL Hcrit) [ft] Valid 1000 PST ~Z75~(1800Z)~Z~ MON 22 May 2017 ~Z75~[18hrFcst@1232z]~Z~
Model= RASP Region= PANOCHE Grid= d2 Reskm= 4.0 Indexs= 1 51 1 69 Proj= lambert 4000 4000 40.0000 40.0000 -73.0000 36.6487 -121.0445
Day= 2017 5 22 MON ValidLST= 1000 PST ValidZ= 1800 Fcst= 18.0 Init= 12 Param= dwcrit Unit= ft Mult= 1 Min= 0 Max= 4821
0 0 0 0 0 0 0 0 0 0 0 320 460 980 2186 2887 3088 3423 4021 4045 4310 4168 4347 4266 4124 3997 3823 3392 3180 3027 2931 2771 2585 2414 2400 2517 2767 2731 2688 2539 2480 2390 2323 2182 2008 1570 1456 1291 1328 1388 1498
0 0 0 0 0 0 0 0 0 0 0 307 424 946 2296 2868 3220 3598 3980 3966 4258 4252 4259 3962 4075 3936 3825 3562 3180 3084 2998 2799 2731 2425 2409 2505 2632 2765 2672 2510 2464 2363 2322 2165 2000 1675 1477 1221 1297 1364 1481
0 0 0 0 0 0 0 0 0 0 0 296 397 884 2128 2803 3209 3570 3717 4060 4204 4222 4015 3967 4053 3964 3875 3655 3300 3205 3116 2921 2734 2540 2501 2499 2500 2533 2696 2485 2453 2347 2261 2145 1993 1760 1545 1328 1286 1357 1425
0 0 0 0 0 0 0 0 0 0 0 319 408 750 2081 2749 2970 3270 3460 3937 4104 3966 4271 4252 4206 4111 4003 3889 3713 3429 3281 3108 2931 2700 2618 2445 2413 2391 2561 2518 2494 2397 2241 2145 2032 1883 1422 1365 1338 1378 1429
0 0 0 0 0 0 0 0 0 0 170 370 679 1486 2515 3077 3048 2625 2839 3225 4030 4271 4356 4373 4310 4246 4130 3973 3842 3509 3479 3455 2900 2680 2393 2255 2258 2524 2598 2474 2441 2345 2260 2264 2094 2042 1379 1395 1354 1371 1461
0 0 0 0 0 0 0 0 0 150 319 386 708 2091 2799 2960 2918 2626 2081 2570 3269 4276 4441 4499 4414 4315 4182 4378 3840 3569 3422 3499 2921 2726 2331 2258 2165 2390 2558 2446 2450 2361 2344 2179 2124 2006 1393 1448 1354 1347 1441
0 0 0 0 0 0 0 0 0 150 353 442 938 2459 2799 2774 2629 2426 1392 1570 3419 4143 4503 4545 4492 4382 4264 4307 3946 3702 3394 3243 2964 2684 2380 2161 2037 2193 2464 2384 2415 2330 2248 2158 2126 1944 1248 1345 1325 1313 1389
0 0 0 0 0 0 0 0 126 248 362 471 1760 2630 2789 2762 2630 2450 1816 1132 3134 3957 4455 4595 4555 4441 4413 4097 4093 3833 3501 3502 2762 2492 2317 2055 1869 1779 2260 2254 2313 2345 2224 1992 1869 1280 1188 1320 1310 1324 1394
0 0 0 0 0 0 0 0 0 174 328 491 2205 3141 3091 2775 2587 2440 2053 1751 3025 3834 4386 4664 4593 4513 4541 4339 4183 3912 3280 2984 2522 2269 2075 1830 1761 1716 1936 1940 2176 2275 2193 1426 1188 1173 1316 1303 1309 1395 1395
0 0 0 0 0 0 0 0 0 179 270 875 2931 2952 3033 2822 2569 2101 1431 1376 2414 3650 4287 4681 4647 4634 4655 4573 4335 3541 3090 2549 2208 2046 1832 1617 1620 1668 1891 1904 1857 2157 2251 2056 1244 1206 1300 1292 1367 1331 1442
0 0 0 0 0 0 0 0 104 266 285 2318 2717 2462 2480 2550 2077 1129 1149 1220 1614 3085 4003 4540 4722 4716 4690 4727 4235 3284 2752 2143 2033 1884 1714 1594 1645 1688 1603 1842 1857 1802 2168 2083 1349 1321 1283 1224 1312 1342 1455
0 0 0 0 0 0 0 0 89 332 1751 2824 2282 2083 2018 2147 1952 1781 1238 1303 1497 2673 3966 4448 4821 4750 4598 4432 3831 2837 2295 2029 1808 1724 1630 1611 1649 1589 1601 1739 1821 1865 2016 2087 1841 1286 1152 1266 1321 1359 1459
0 0 0 0 0 0 0 125 371 434 2241 2716 1926 1900 1890 2045 1984 1346 1197 1393 1700 3034 4046 4501 4671 4676 4478 3921 3448 2425 2083 1836 1784 1787 1695 1614 1700 1590 1629 1531 1760 1639 1548 1844 1233 1152 1143 1285 1329 1357 1407
0 0 0 0 0 0 0 165 504 490 2351 2470 1927 1972 2226 2034 1788 1419 1488 1570 2089 3270 4178 4555 4649 4666 4159 3690 3329 2380 2035 1795 1795 1811 1695 1544 1753 1651 2119 1596 1767 1705 1514 1615 1232 1208 1234 1317 1288 1335 1406
0 0 0 0 0 0 0 297 517 1787 2577 2357 2024 2091 2295 1920 1705 1406 1642 1678 1937 2905 4057 4483 4652 4499 3920 3678 3323 2303 2012 1932 1864 1903 1846 1483 1436 1650 1609 1876 1843 1921 1424 1068 1178 1173 1205 1200 1139 1156 1213
0 0 0 0 0 0 0 333 1003 2434 2814 2264 2122 2114 2021 1879 2032 2019 1664 1576 1688 2353 3827 4371 4506 4250 3858 3668 3285 2358 2025 1977 1963 1809 1677 1703 1452 1594 1610 1790 1695 1444 1589 1166 1116 1015 1134 1095 1009 993 1037
0 0 0 0 0 0 0 378 1121 2540 2491 2436 2221 2002 1646 2088 2377 2326 1514 1472 1491 1897 3469 4227 4402 4166 3860 3634 3285 2951 2020 1936 1970 1780 1647 1746 1577 1534 1524 1851 1671 1517 1504 1165 972 937 912 948 917 892 892
0 0 0 0 0 0 0 418 1892 2428 2273 2462 2223 2105 1615 2358 2812 2259 1419 1440 1451 1637 3149 4022 4290 4118 3872 3671 3495 3254 2916 2741 2684 2301 1489 1697 1571 1550 1517 1649 1683 1654 1447 964 952 890 877 846 821 796 787
0 0 0 0 0 0 0 571 2154 2186 2334 2252 2007 1648 1641 2415 2736 1794 1238 1321 1343 1493 3002 3743 4165 4058 3807 3818 3589 3528 3285 3052 2965 2366 1361 1649 1617 1671 1633 1665 1675 1637 1424 997 916 874 848 818 777 749 720
0 0 0 0 0 0 0 1840 2253 1943 2293 2100 2110 1609 2009 2502 2288 1133 1106 1192 1224 1487 2843 3585 4085 4153 3947 3847 3642 3557 3242 3233 2873 1813 1530 1595 1641 1679 1635 1660 1669 1593 1256 1074 913 863 834 796 737 701 660
0 0 0 0 0 0 206 2176 2634 1898 1924 2069 2027 1682 2294 2521 1780 910 1056 1174 1206 1538 2797 3556 3988 4190 3753 3864 3566 3597 3324 3225 2623 1385 1604 1657 1647 1711 1638 1665 1636 1543 1247 1038 937 865 869 810 734 681 630
0 0 0 0 0 0 0 2134 2819 1705 1827 2108 2042 2047 2383 2228 1176 846 819 1150 1198 1605 2649 3515 3848 4085 3597 3588 3618 3563 3289 2810 1902 1418 1704 1674 1653 1573 1568 1655 1572 1332 1104 1143 1017 864 813 760 711 633 612
0 0 0 0 0 0 0 2209 2657 1727 1939 1861 2174 2254 2365 1860 1003 855 837 1166 1176 1541 2477 3351 3686 3998 3833 3975 3855 3570 3099 2679 1884 1583 1839 1698 1691 1644 1752 1658 1448 1362 1111 1084 971 877 814 754 704 633 514
0 0 0 0 0 0 0 1913 2690 2000 1935 1946 2281 2194 2359 1623 1006 1110 1169 1176 1089 1402 1961 3065 3578 4049 4258 4562 4544 3662 3071 2779 2093 1570 1659 1730 1736 1812 1799 1729 1484 1328 1167 1137 1026 960 817 785 709 608 530
0 0 0 0 0 0 0 2044 2567 1985 2190 2190 2249 2178 2325 1514 1084 1481 1173 1140 843 1170 1591 2571 3622 4375 4602 4721 4494 4096 3642 3294 2396 1437 1864 1774 1860 1908 1848 1795 1614 1193 1264 1223 1080 916 828 773 731 630 559
0 0 0 0 0 0 249 2333 2328 1854 2216 2294 2416 2633 2285 1611 1062 1334 1179 827 957 1191 1785 2906 3798 4592 4541 4457 4423 4364 4100 3354 2392 1408 1861 1871 2026 1986 1868 1762 1590 1325 1225 1178 1207 968 851 803 772 626 594
0 0 0 0 0 0 445 2478 2293 2011 2036 2170 2090 2642 2205 1603 907 1143 1175 842 1095 1441 2710 3619 3975 4388 4421 4262 4349 4262 3735 2956 1475 1793 1764 1898 2186 2295 1876 1679 1340 1251 1165 1179 1173 1044 884 840 781 663 634
0 0 0 0 0 0 504 2678 2456 2160 2122 2076 2352 2376 1846 1270 854 1137 1166 965 1124 1502 2939 3850 4122 4337 4253 4156 4261 3894 3310 2347 1644 1869 1825 1852 1858 1970 1895 1639 1229 1238 1213 1240 1228 1097 947 961 824 763 733
0 0 0 0 0 0 414 2850 3082 3269 3478 3159 2548 1867 1297 860 923 1300 844 827 1056 1336 2421 3703 4050 4278 4125 4121 3953 3498 2798 2138 1740 1974 1872 1949 1834 1959 1858 1595 1126 1192 1122 1151 1154 1205 1122 1070 972 877 848
0 0 0 0 0 0 454 3040 3367 2924 3006 3071 2285 1705 1157 771 1052 1097 826 838 1071 1266 2178 3625 4041 4237 3958 3837 3566 3554 2698 2172 1689 2012 1954 1853 1783 1776 1841 1577 1114 1118 1116 1204 1206 1214 1151 1112 1064 1017 984
0 0 0 0 0 0 508 3084 3179 2754 2789 2382 2217 1637 1131 852 1209 1083 827 859 1019 1467 2508 3654 3996 4161 3837 3679 3536 3792 3179 2358 1620 1904 1874 1963 1773 1751 1865 1654 1109 1119 1112 1180 1181 1200 1176 1106 1116 1091 1077
0 0 0 0 0 426 699 3129 3118 2631 2511 2408 1941 1857 1441 1193 810 740 794 1204 2189 2543 3226 3639 3864 3942 3544 3516 3551 3960 3413 2550 1566 1839 1816 1777 1755 1777 1739 1542 1104 1169 1155 1167 1164 1184 1197 1164 1150 1137 1131
0 0 0 0 0 581 889 3183 3233 2715 2598 2529 1922 1801 1504 952 817 746 771 1460 2979 3228 3476 3662 3828 3588 3506 3400 3450 3836 3460 2728 1806 1779 1810 1777 1738 1692 1569 1278 1096 1146 1081 1147 1077 1167 1200 1183 1178 1141 1230
0 0 0 0 448 825 1178 3198 3630 3452 3182 2425 2100 2198 633 756 586 593 853 1857 2854 3443 3615 3758 3993 3541 3452 3188 3258 3534 3257 2452 1764 1783 1778 1753 1907 1637 1548 1296 1095 1141 1081 1137 1137 1149 1185 1196 1166 1181 1327
0 0 0 0 385 872 1474 3625 4017 3812 3435 2750 2515 1902 349 591 542 546 887 2242 2965 3536 3749 3966 4075 3760 3448 3165 2903 3093 2539 2125 1940 1815 1786 1704 1680 1568 1515 1318 1125 1138 1135 1065 1120 1131 1172 1205 1249 1319 1411
0 0 0 0 464 1068 1640 3731 3648 794 1679 3604 3074 1103 432 868 529 424 798 2591 3046 3703 3853 4019 4048 4006 3661 3355 2820 2436 2010 1866 1756 1851 1862 1775 1625 1412 1378 1341 1260 1125 1127 1073 1043 1116 1079 1191 1275 1349 1445
0 0 0 0 0 921 1922 3545 3255 745 812 2840 3009 492 423 599 533 398 614 2849 3109 3423 3531 3743 3909 4072 3890 3769 3062 2461 1936 1772 1717 1841 1805 1712 1499 1403 1366 1312 1230 1103 1053 1119 1105 1108 1052 1174 1270 1357 1485
0 0 0 0 0 504 1825 3001 988 761 636 1700 2491 283 360 594 314 382 614 2846 2725 1954 2177 2843 3647 3978 3889 3761 3156 2321 1733 1719 1656 1700 1776 1704 1506 1368 1340 1278 1205 1087 1037 1053 1100 1031 1030 1160 1260 1351 1563
0 0 0 0 0 0 1196 1954 613 326 211 464 1702 0 365 461 241 351 866 2639 1625 1034 1129 1610 3314 3732 3698 3317 2797 1902 1709 1707 1580 1624 1725 1678 1584 1342 1302 1255 1204 1095 1043 1053 1102 1026 1019 1154 1332 1412 1547
0 0 0 0 0 0 401 434 474 460 259 218 195 282 662 439 255 271 2017 2210 1482 864 872 905 3022 3500 3347 2722 2115 1709 1610 1638 1720 1562 1670 1642 1553 1331 1299 1269 1219 1111 1066 1074 1106 1095 1065 1249 1238 1318 1431
0 0 0 0 0 0 0 302 337 383 352 344 358 318 451 320 278 340 1894 1700 1088 640 604 634 1470 3253 3066 2056 1924 1677 1582 1565 1686 1535 1506 1610 1598 1338 1301 1285 1229 1134 1135 1149 1065 1030 1270 1282 1369 1296 1476
0 0 0 0 0 0 0 215 393 0 366 276 332 665 466 329 235 417 1949 1150 815 607 555 600 853 3111 2857 2079 1841 1989 1556 1555 1644 1529 1501 1487 1369 1348 1304 1287 1215 1157 1098 1160 1142 1115 1337 1302 1297 1284 1455
0 0 0 0 0 0 0 176 0 0 0 0 290 315 559 267 221 317 1163 774 648 618 612 538 587 3063 2782 1954 1874 2158 1835 1668 1583 1565 1571 1701 1373 1346 1293 1256 1110 1172 1106 1124 1115 1280 1407 1334 1254 1290 1369
0 0 0 0 0 0 0 0 0 0 0 85 92 350 353 233 178 314 614 606 593 684 683 558 331 2772 2889 1824 1646 1741 1844 1657 1514 1491 1518 1636 1390 1342 1240 1182 1195 1108 1017 1150 1262 993 1316 1228 1238 1276 1437
0 0 0 0 0 0 0 0 0 0 0 0 134 295 248 230 194 378 602 614 809 801 767 618 400 1724 2798 1784 1173 0 1678 1633 1480 1453 1478 1497 1499 1394 1089 1168 1152 997 782 778 706 1132 1197 1203 1208 1251 1437
0 0 0 0 0 0 0 0 0 0 0 0 0 116 0 0 169 348 608 605 781 807 502 429 361 1325 2241 1721 1347 1393 1722 1521 1466 1350 1446 1444 1385 1170 1165 957 782 777 838 830 812 1161 1196 1175 1159 1202 1351
0 0 0 0 0 0 0 0 0 0 0 0 0 97 0 0 255 276 257 552 822 766 0 0 329 1623 1991 1792 1481 1431 1591 1497 1447 1326 1386 1368 1262 1144 1199 756 830 842 867 853 833 1169 1163 1161 1148 1178 1336
0 0 0 0 0 0 0 0 0 0 0 0 0 0 0 0 338 299 0 244 829 506 272 351 1236 1710 1901 2011 1810 1523 1405 1485 1418 1328 1189 1225 955 934 647 785 804 854 842 870 875 806 1031 1085 1128 1153 1320
0 0 0 0 0 0 0 0 0 0 0 0 0 0 103 288 356 398 437 531 514 503 426 859 1701 1733 1834 2079 2104 1687 1437 1464 1372 1277 1126 1082 947 634 664 781 830 821 835 915 1098 1139 1071 925 1144 1211 1305
0 0 0 0 0 0 0 0 0 0 0 0 0 0 0 313 364 253 604 693 605 485 568 1394 1966 1841 1904 2125 2109 1716 1417 1187 1095 1254 1154 1034 897 830 616 695 771 779 916 1163 935 1073 1237 944 1217 1187 1278
0 0 0 0 0 0 0 0 0 0 0 0 0 0 91 384 393 413 782 757 677 615 475 1674 2246 1961 2056 2188 2067 1716 1355 1131 1049 1348 1103 1014 881 586 611 681 730 803 1111 990 0 845 1038 1124 1123 1158 1242
0 0 0 0 0 0 0 0 0 0 0 0 0 0 161 365 399 655 969 739 666 544 384 1866 2397 2176 2118 2133 2068 1758 1369 1124 984 1197 1054 1072 1006 853 626 705 697 841 1096 1071 961 1063 1061 1090 0 1111 1192
0 0 0 0 0 0 0 0 0 0 294 292 265 187 201 389 560 1234 937 755 671 613 472 1674 2386 2364 2234 2131 2047 1833 1501 1277 1093 1245 1074 1141 962 858 663 951 791 1109 1128 1087 999 1067 1019 1074 1089 1084 1144
0 0 0 0 0 0 0 0 0 0 339 350 314 297 361 441 1622 1506 977 766 700 680 532 1459 2398 2385 2431 2334 2168 1969 1631 1454 1263 1095 1107 1089 828 867 852 971 1028 1083 1086 1115 1019 1060 1005 1061 1079 1063 1112
0 0 0 0 0 0 0 0 0 169 349 233 332 342 443 672 2234 1596 939 770 819 794 568 1287 2678 2431 2664 2669 2416 2126 1885 1650 1425 1203 1199 968 848 851 612 948 928 1036 1030 1065 1055 1034 949 1066 1088 1050 1090
0 0 0 0 0 0 0 0 0 188 387 510 622 590 592 1158 2241 1139 715 771 824 688 558 1346 2629 2579 2714 2890 2698 2373 2194 1903 1640 1381 1388 953 908 898 955 884 830 976 958 981 1018 1042 948 1050 1076 1113 1087
0 0 0 0 0 0 0 0 151 261 585 807 739 721 824 1633 1908 574 594 877 681 577 543 1883 2673 2588 2717 2844 2716 2556 2365 2042 1693 1423 1271 963 850 906 972 834 820 912 877 864 896 864 928 1033 1069 1119 1110
0 0 0 0 0 0 0 0 161 338 925 1006 902 935 1312 1446 816 485 540 517 562 458 491 2162 2653 2608 2688 2747 2722 2673 2453 2055 1692 1454 1279 1108 864 927 1030 1024 891 989 886 857 838 912 871 1018 1068 1083 1151
0 0 0 0 0 0 0 0 166 409 1279 1263 986 1033 1454 916 548 488 503 503 478 422 412 2113 2733 2670 2697 2719 2736 2690 2443 2074 1741 1720 1193 1183 885 919 997 1022 1006 953 905 870 817 866 875 1000 1061 1146 1187
0 0 0 0 0 0 0 0 158 400 1278 1299 1081 1260 1410 358 456 466 465 475 495 432 455 1848 2758 2765 2809 2902 2783 2550 2332 2097 2084 2039 1656 1242 904 902 901 950 900 881 851 790 788 801 844 967 1047 1147 1209
0 0 0 0 0 0 0 0 0 335 1225 1458 1407 1719 1171 333 428 445 470 462 484 432 532 1531 2699 2907 2942 2994 2747 2476 2243 2070 2204 2133 1778 1259 891 855 846 866 866 844 812 760 756 821 805 922 1074 1135 1226
0 0 0 0 0 0 0 0 87 337 1193 1732 1785 1778 862 385 438 456 785 499 464 436 583 1074 2644 2989 2956 2943 2695 2432 2217 2176 2264 2109 1373 891 826 798 827 806 821 813 739 721 724 825 819 893 1041 1121 1123
0 0 0 0 0 0 0 0 154 350 993 1630 1867 1442 241 413 434 734 538 791 698 467 600 858 2483 2869 2857 2718 2590 2442 2269 2370 2281 1760 1173 775 755 764 732 726 789 761 717 693 746 907 791 856 944 1086 1218
0 0 0 0 0 0 0 0 0 348 710 1203 1546 1094 474 454 413 566 0 642 825 561 664 816 2041 2515 2617 2547 2501 2601 2260 2277 2116 1776 1076 783 739 692 634 659 863 888 694 683 852 756 725 810 917 1058 1198
0 0 0 0 0 0 0 0 0 170 289 508 590 598 430 444 398 540 0 616 675 510 561 721 1133 1930 2270 2325 2567 2388 1916 2157 1763 1517 1032 710 657 617 631 619 766 775 766 787 701 719 687 762 866 1019 1170
0 0 0 0 0 0 0 0 0 0 0 285 289 311 0 0 0 176 216 343 0 326 437 535 801 1356 1890 2127 2384 2288 2167 1955 1588 977 772 670 606 562 576 698 695 701 710 738 651 688 711 713 773 948 1083
0 0 0 0 0 0 0 0 0 0 0 313 269 276 0 0 0 0 0 0 293 0 214 410 736 1053 1428 2115 2164 2114 1974 1697 1197 824 670 572 504 501 465 695 647 649 622 597 489 542 587 612 646 827 972
0 0 0 0 0 0 0 0 0 0 0 352 124 152 0 0 0 0 0 177 0 0 180 209 573 908 1472 1921 2025 2011 1870 1589 1287 896 763 646 559 416 491 521 593 585 548 550 557 486 487 549 617 678 861
0 0 0 0 0 0 0 0 0 0 261 311 0 0 0 0 0 0 0 0 0 0 0 0 602 952 1335 1685 1982 1982 1812 1514 1179 820 814 589 494 450 441 521 535 540 458 467 547 487 465 515 583 630 764
