---
Depth of Critical Updraft Strength (AGL Hcrit) [ft] Valid 1600 PST ~Z75~(0000Z)~Z~ MON 22 May 2017 ~Z75~[24hrFcst@1242z]~Z~
Model= RASP Region= PANOCHE Grid= d2 Reskm= 4.0 Indexs= 1 51 1 69 Proj= lambert 4000 4000 40.0000 40.0000 -73.0000 36.6487 -121.0445
Day= 2017 5 22 MON ValidLST= 1600 PST ValidZ= 000 Fcst= 24.0 Init= 12 Param= dwcrit Unit= ft Mult= 1 Min= 0 Max= 7721
0 0 0 0 0 0 0 0 0 0 0 299 297 300 382 427 441 530 645 680 870 858 1164 1387 1702 3009 4122 5455 6223 6299 6375 6483 6650 6893 7268 7501 7717 7704 7721 7667 7683 7529 6835 6352 5888 4801 4394 3847 3640 3644 3926
0 0 0 0 0 0 0 0 0 0 0 271 274 255 310 398 466 561 633 652 865 942 1147 1181 1617 2742 4167 5659 6260 6325 6363 6457 6708 6812 7043 7363 7487 7693 7638 7584 7578 7387 6843 6334 5922 5062 4536 3681 3580 3600 3905
0 0 0 0 0 0 0 0 0 0 0 180 238 224 259 375 431 511 541 685 854 932 1035 1171 1641 2819 4368 5680 6243 6342 6374 6449 6586 6766 6924 7170 7225 7406 7631 7478 7442 7232 6754 6302 5913 5277 4680 3937 3566 3585 3728
0 0 0 0 0 0 0 0 0 0 0 127 204 207 227 336 322 380 478 661 799 829 1098 1319 1849 3226 4843 5852 6411 6348 6448 6520 6613 6757 6874 7036 7172 7270 7466 7412 7347 7154 6734 6325 5903 5399 4089 3785 3593 3583 3741
0 0 0 0 0 0 0 0 0 0 0 155 253 198 177 277 359 336 430 555 741 897 975 1186 2170 4348 5316 5916 6435 6634 6584 6806 6682 6630 6711 6949 6992 7251 7419 7390 7287 7082 6740 6447 5944 5482 4415 3906 3635 3590 3911
0 0 0 0 0 0 0 0 0 0 0 258 250 210 199 266 383 443 495 582 688 916 1000 1279 2547 4807 5670 6495 6387 6697 6426 6703 6511 6517 6423 6827 6912 7150 7278 7207 7151 6952 6604 6224 5879 5411 4455 4244 3669 3602 3904
0 0 0 0 0 0 0 0 0 0 108 296 192 0 0 215 328 485 571 796 1055 1139 1267 1784 3713 5265 5948 6321 6337 6420 6321 6444 6479 6560 6617 6844 6883 7077 7117 7073 6969 6772 6446 6009 5705 5421 4197 3948 3696 3631 3721
0 0 0 0 0 0 0 0 0 0 138 210 0 0 0 227 390 602 929 1233 1836 2138 2495 3695 5040 5705 6169 6212 6160 6214 6028 6717 6514 6570 6589 6576 6533 6465 6867 6809 6742 6608 6336 5785 5401 4624 4235 3949 3707 3639 3710
0 0 0 0 0 0 0 0 0 0 139 0 0 0 171 366 561 829 1233 2125 3141 3892 4633 5320 5763 6086 6393 6422 6055 6092 6246 6226 6277 6432 6325 6220 6174 6115 6351 6269 6448 6385 6241 5035 4251 4117 4371 3912 3704 3805 3673
0 0 0 0 0 0 0 0 0 0 121 0 0 0 332 575 743 1023 1652 2798 3799 4629 5232 5597 5757 6104 6368 6201 6124 6260 6076 6094 6180 6221 6115 5733 5742 5817 6072 6013 5872 6150 6144 5858 4404 4057 4191 3872 3869 3603 3804
0 0 0 0 0 0 0 0 0 177 0 0 0 265 845 1113 1247 1174 1852 3154 4251 4998 5473 5644 5760 6078 6273 6139 6407 6111 6072 6204 6189 6047 5985 5584 5543 5696 5453 5730 5660 5597 5976 5791 4620 4374 4138 4238 3628 3594 3775
0 0 0 0 0 0 0 0 0 161 0 0 0 842 1550 1865 2257 2798 3386 4251 4900 5365 5601 5685 5768 6056 6080 6185 6521 6114 6270 6213 5953 5897 5673 5494 5397 5222 5121 5518 5452 5628 5793 5663 5238 4322 3908 3773 3596 3567 3742
0 0 0 0 0 0 0 0 0 112 0 0 151 692 1020 1367 2159 2899 4088 4841 5273 5555 5681 5758 5450 5856 5884 6350 6536 6445 6429 6013 5922 6057 5854 5511 5529 5171 5085 4981 5264 5282 5187 5419 4562 4044 3897 3712 3555 3529 3555
0 0 0 0 0 0 0 0 364 256 0 0 260 561 901 1310 1784 2776 4162 4721 5129 5436 5671 5917 5611 5804 5894 6451 6478 6408 6407 6047 5871 6021 5901 5610 5647 5428 5939 5026 5255 5254 5029 5109 4417 4145 4026 3823 3490 3438 3527
0 0 0 0 0 0 0 0 300 259 191 0 334 803 1210 1789 2276 3082 4216 4725 5114 5397 5624 5910 5974 5865 6008 6449 6459 6201 6320 6286 5788 6011 6166 5416 5147 5327 5160 5570 5618 5673 4918 4061 4131 3943 3860 3681 3286 3198 3140
0 0 0 0 0 0 0 0 313 336 311 323 620 1162 1831 2643 3272 3861 4548 5084 5432 5551 5726 5919 5926 5831 6144 6487 6256 5921 6217 6082 5989 6013 5838 5630 5197 5201 5033 5293 5237 4872 5143 4342 3975 3479 3592 3448 3078 2983 3040
0 0 0 0 0 0 0 140 160 0 0 409 764 1252 1749 2911 3346 4038 4882 5493 5748 5818 5897 5950 5830 5770 5978 6346 6250 6065 5826 5510 5894 5627 5444 5471 5103 4906 4735 5177 5088 4835 4876 4297 3715 3473 3273 3106 2952 2834 2693
0 0 0 0 0 0 0 0 0 0 0 574 823 1335 1748 2771 3145 3922 4931 5676 5911 5921 5932 5909 5661 5632 5822 5946 6208 6034 5892 5870 5684 5573 4995 5152 4945 4785 4624 4969 5072 5036 4766 3875 3693 3482 3267 3056 2889 2758 2596
0 0 0 0 0 0 0 0 0 0 714 1096 1145 1203 1920 2652 3210 4174 5051 5727 5916 5953 5951 5825 5571 5520 5667 5880 6278 5940 5711 5643 5520 5139 4397 4999 4828 4935 4842 4970 5056 4981 4722 3931 3682 3495 3246 3042 2869 2707 2505
0 0 0 0 0 0 0 395 0 0 1354 1624 2026 1800 2550 2892 3700 4350 5173 5883 5954 5953 5909 5721 5501 5470 5565 5780 6187 5716 5257 5362 5169 4402 4447 4595 4730 4888 4822 4928 5040 4919 4459 4217 3733 3510 3261 3091 2866 2672 2403
0 0 0 0 0 0 0 464 689 700 1255 2122 2555 2580 2978 3261 4376 4864 5725 6029 6080 6010 5894 5684 5468 5432 5156 5690 5846 5637 5203 5349 5229 4303 4501 4813 4861 5021 4912 4970 5064 4881 4458 4041 3784 3537 3458 3297 3084 2805 2479
0 0 0 0 0 0 0 267 1039 1243 1632 2429 2949 3240 3534 4163 4719 5077 5005 5758 5945 5959 5832 5695 5465 5423 5153 5379 5247 5184 5587 5177 5228 4319 4503 4599 4681 4740 4783 5108 5017 4598 4173 4294 4035 3612 3322 3192 3135 2882 2847
0 0 0 0 0 0 0 261 883 1604 2292 2537 3238 3562 3902 4788 3979 732 711 1695 4718 5848 5834 5699 5414 5279 5258 5346 5291 5684 5369 5419 5640 5016 5290 4882 4932 4945 5123 5060 4804 4624 4184 4123 3881 3717 3402 3235 3141 3386 2265
0 0 0 0 0 0 0 0 637 1349 2218 2986 3509 3391 4387 4802 439 312 462 629 1936 5200 5721 5458 5192 5135 5377 5651 5838 5393 5471 5638 5639 4945 5062 4976 5012 5204 5151 5114 4748 4596 4250 4247 3982 3989 3487 3436 3142 2825 2446
0 0 0 0 0 0 0 332 534 924 2084 2759 3202 3658 4791 969 0 639 547 526 900 4144 5351 5291 5139 5235 5580 5683 5597 5631 5660 5615 5225 4797 5274 5099 5219 5329 5298 5191 5062 4379 4499 4484 4125 3899 3675 3316 3161 3185 2533
0 0 0 0 0 0 0 643 658 919 1877 2514 3219 4299 2099 268 0 463 446 282 1133 4241 5279 5314 5122 5449 5666 5804 5651 5777 5744 5587 5186 4835 5311 5201 5447 5423 5349 5216 5075 4663 4444 4205 4403 3997 3838 3440 3334 2987 2798
0 0 0 0 0 0 0 521 1157 1708 1652 2417 3031 3718 493 267 0 401 426 260 1023 3711 5151 5448 5343 5404 5659 5824 5779 6025 5973 5680 5118 5318 5085 5189 5619 5711 5254 5181 4746 4621 4252 4204 4223 4090 3965 3683 3343 3311 2960
0 0 0 0 0 0 288 549 1137 2876 3186 3516 3521 2872 482 308 209 431 397 375 983 3472 4834 5415 5490 5509 5645 6224 6114 6129 6021 5748 5404 5319 5144 5142 5152 5341 5239 5103 4624 4530 4383 4349 4371 4177 4087 4123 3543 3550 3498
0 0 0 0 0 0 203 631 923 2504 4220 4207 3910 3246 353 0 239 531 248 229 1170 3557 4788 5341 5450 5480 5837 6106 6037 5956 6050 5963 5597 5594 5435 5489 5197 5343 5214 4962 4244 4405 4106 4126 4184 4363 4294 4199 4088 3735 3678
0 0 0 0 0 0 287 796 1052 2036 4014 4836 4512 3594 551 0 237 431 158 0 1808 4127 5059 5480 5501 5590 5834 5752 5758 6022 6077 5989 5327 5626 5563 5281 5138 5081 5171 4889 4189 4124 4076 4330 4356 4369 4322 4252 4186 4093 3794
0 0 0 0 0 0 380 848 1470 3030 3978 4077 4391 3235 0 0 510 498 159 0 2016 4638 5452 5542 5558 5730 5796 5733 5819 6140 6090 5704 4968 5330 5328 5401 5077 5032 5242 5007 4185 4087 4064 4298 4317 4349 4349 4142 4243 4191 3903
0 0 0 0 0 0 586 1046 1826 3738 3848 3539 3409 3154 0 342 318 360 0 0 2990 4910 5467 5380 5328 5863 5616 5721 5839 6129 5766 5294 4705 5074 5115 5068 5026 5112 5106 4910 4178 4234 4248 4277 4301 4344 4371 4324 4288 4255 4130
0 0 0 0 0 0 754 1230 2404 3420 2380 993 663 1627 0 405 439 276 0 0 3019 5087 5495 5334 5284 5576 5660 5596 5682 6024 5713 5310 5081 5074 5107 5060 4981 4999 4827 4477 4140 4223 4004 4230 4115 4333 4371 4348 4323 4156 4315
0 0 0 0 0 477 941 1613 2829 1199 842 547 206 585 0 467 296 171 0 280 3751 5131 5180 4919 4880 5072 5424 5554 5534 5888 5782 5411 4986 5054 5075 5031 5245 4899 4769 4472 4097 4247 3980 4204 4282 4334 4363 4363 4207 4183 4374
0 0 0 0 0 192 794 2385 2658 733 609 692 271 485 0 261 256 0 0 636 4211 4355 3375 3344 3305 4533 4845 5471 5286 5620 5707 5422 5165 5005 4990 4904 4909 4760 4681 4439 4071 4231 4113 3962 4257 4324 4332 4362 4346 4334 4398
0 0 0 0 0 444 675 2377 2219 368 679 684 453 698 0 415 229 0 0 1553 3761 2584 1353 1458 1720 2632 3956 5276 5148 5170 5186 5061 4919 4917 5020 4919 4750 4512 4448 4385 4242 4194 4072 3907 4089 4312 4156 4338 4326 4309 4389
0 0 0 0 0 0 473 2161 2134 528 637 430 255 583 0 265 0 0 0 2001 2795 1027 1012 1112 1160 1589 3952 5317 4917 4673 4648 4702 4696 4922 4927 4828 4577 4464 4382 4269 4203 4141 3797 4027 4258 4292 4157 4309 4290 4273 4369
0 0 0 0 0 0 280 1584 1637 540 337 0 0 0 0 283 0 0 0 2019 1795 769 768 604 762 1120 4271 5103 4682 4538 4627 4669 4632 4687 4879 4806 4560 4404 4295 4214 4159 4099 3786 3789 4262 4116 4161 4295 4268 4244 4442
0 0 0 0 0 0 226 499 719 0 0 0 0 0 0 230 0 0 0 2161 1609 575 540 356 452 799 4447 4992 4657 4750 4813 4875 4621 4663 4864 4801 4666 4338 4209 4166 4125 4092 3787 3803 4245 4070 4165 4291 4406 4378 4411
0 0 0 0 0 0 0 0 538 269 0 0 0 0 330 306 0 0 0 2200 2043 412 406 380 397 718 4554 4877 4786 4861 4686 4727 4833 4655 4809 4733 4636 4297 4209 4153 4100 4075 3785 3815 4174 4178 4315 4446 4233 4189 4250
0 0 0 0 0 0 0 0 262 0 0 0 0 0 284 331 0 0 0 1952 2275 336 389 394 189 694 4435 4612 4784 4796 4743 4761 4883 4680 4626 4695 4747 4260 4190 4126 4024 3941 3930 3962 3814 3773 4466 4441 4501 4132 4302
0 0 0 0 0 0 0 0 0 0 0 0 0 328 561 342 0 0 0 989 1812 408 427 404 0 310 3745 4306 4575 5062 4837 4724 4782 4656 4611 4481 4299 4225 4129 4056 3954 3938 3763 3918 3944 3988 4465 4414 4288 4033 4215
0 0 0 0 0 0 0 0 0 0 0 0 0 200 426 334 0 0 0 0 492 370 466 435 0 0 1783 3488 4406 5063 4960 4735 4774 4748 4723 4774 4235 4122 4018 3977 3757 3930 3658 3663 3739 4146 4422 4324 4005 3975 4021
0 0 0 0 0 0 0 0 0 0 0 197 144 309 393 260 171 0 0 0 0 0 405 587 135 0 0 1809 3610 4561 4981 4970 4763 4714 4694 4710 4187 4016 3926 3915 3916 3634 3532 3782 4098 4233 4192 4010 3964 3921 4089
0 0 0 0 0 0 0 0 0 0 0 0 0 238 203 217 145 0 0 0 173 230 383 598 328 0 0 0 2243 0 4757 4979 4729 4676 4619 4427 4275 4114 3634 3841 3835 3558 3394 3417 3392 3930 4001 3977 3905 3847 4034
0 0 0 0 0 0 0 0 0 0 0 0 0 0 171 180 0 189 202 147 0 139 313 420 298 0 0 0 0 3763 4731 4598 4558 4359 4455 4318 4127 3814 3756 3528 3380 3255 3437 3472 3468 3959 3997 3927 3780 3697 3811
0 0 0 0 0 0 0 0 0 0 0 0 0 0 123 0 0 0 0 0 0 0 0 0 0 0 0 0 0 2486 4264 4262 4327 4191 4295 4149 4002 3695 3827 3309 3357 3307 3451 3487 3486 3731 3854 3744 3652 3606 3651
0 0 0 0 0 0 0 0 0 0 0 0 0 0 0 0 168 0 0 0 0 0 0 0 0 0 0 0 0 3516 3724 3962 4204 4239 4000 4028 3468 3537 2965 3221 3106 3304 3281 3477 3465 3405 3531 3514 3606 3542 3565
0 0 0 0 0 0 0 0 0 0 0 0 0 0 0 123 251 0 0 0 0 344 0 0 0 0 430 257 1130 3783 3684 3804 4055 4163 3881 3798 3579 2922 2771 3127 3273 3216 3235 3425 3535 3664 3496 3157 3568 3478 3367
0 0 0 0 0 0 0 0 0 0 0 0 0 0 0 167 290 0 0 0 0 418 240 0 0 636 3275 3764 3792 3657 3636 3593 3661 4035 3940 3662 3371 3204 2729 2929 3149 3143 3419 3701 3301 3600 3742 3123 3631 3262 3212
0 0 0 0 0 0 0 0 0 0 0 0 0 0 0 293 300 0 0 0 0 412 0 306 535 2309 3649 4014 3710 3608 3459 3387 3569 4047 3873 3651 3368 2756 2825 2938 3170 3320 3566 3513 0 3155 3278 3251 3210 3148 2908
0 0 0 0 0 0 0 0 0 0 0 0 0 0 0 0 0 0 0 0 0 0 0 435 876 3052 3676 3864 3583 3574 3354 3271 3389 3810 3734 3674 3528 3231 2810 2921 3053 3308 3502 3484 3532 3286 3221 3162 0 2827 2821
0 0 0 0 0 0 0 0 0 0 140 407 250 0 0 0 0 0 0 0 0 0 0 305 1911 3327 3733 3579 3539 3484 3309 3296 3315 3745 3610 3694 3499 3230 2817 3335 3167 3595 3599 3170 3036 3201 3131 2871 2827 2762 2700
0 0 0 0 0 0 0 0 0 0 0 313 263 0 0 0 0 2178 2391 2497 2788 540 939 1947 2947 3581 3704 3604 3324 3304 3320 3336 3342 3365 3474 3611 3256 3250 3272 3322 3515 3458 3281 3275 2938 2927 2837 2794 2763 2671 2511
0 0 0 0 0 0 0 0 0 0 0 0 246 237 0 0 571 3662 2820 2843 3429 3206 2815 2608 3067 3632 3755 3725 3455 3340 3352 3375 3384 3378 3582 3399 3175 3165 2797 3502 3432 3177 3134 2984 2882 2802 2752 2665 2613 2411 2459
0 0 0 0 0 0 0 0 0 0 0 301 282 242 0 0 2090 3375 2639 2220 2496 2295 2447 2516 2989 3747 4025 4142 3941 3453 3426 3412 3383 3354 3690 3297 3232 3050 3421 3458 3067 3037 2861 2802 2763 2563 2488 2428 2383 2458 2421
0 0 0 0 0 0 0 0 0 0 210 544 289 238 0 0 2970 3961 3780 2909 1193 1851 2240 2388 2969 3761 4056 4201 3922 3739 3530 3439 3331 3295 3457 3234 2913 2890 3146 3667 3595 2670 2509 2323 2259 2227 2391 2330 2231 2345 2354
0 0 0 0 0 0 0 0 0 0 336 926 469 264 0 320 2580 3434 2095 2082 1395 1421 1891 2138 2682 3736 4046 4154 4234 3750 3479 3309 3275 3306 3487 3395 2806 2770 2938 2900 3380 2771 2337 2212 2079 2333 2306 2069 1990 1957 2098
0 0 0 0 0 0 0 0 0 0 418 1453 458 0 234 3354 3454 1795 1446 1568 2024 1177 1738 1909 2526 3726 4122 4222 3981 3540 3482 3334 3348 3588 3421 3410 2777 2689 2830 2811 2738 2632 2364 2261 1892 2069 2042 1976 1909 2013 2032
0 0 0 0 0 0 0 0 0 156 544 1379 1604 774 2738 3305 2250 1428 1021 1155 1436 783 1576 1895 2429 3706 4198 4349 3901 3548 3505 3503 3652 3778 3739 3379 2725 2580 2476 2575 2534 2389 2232 1867 1828 1840 1966 1911 1704 1812 2001
0 0 0 0 0 0 0 0 0 0 654 1566 2423 3107 2642 2805 1887 1335 708 912 982 0 1387 1901 2235 3357 4470 4353 3817 3652 3524 3537 3682 3771 3597 3245 2611 2431 2301 2367 2332 2236 2001 1792 1770 1912 1819 1698 1743 1729 1787
0 0 0 0 0 0 0 0 0 0 563 841 1958 2191 1531 2044 1796 1073 279 813 844 0 807 1718 2153 2768 4138 4200 3766 3620 3544 3555 3690 3662 3197 2753 2442 2279 2288 2173 2177 2083 1744 1720 1703 1849 1675 1645 1718 1703 1472
0 0 0 0 0 0 0 0 0 0 231 385 686 1011 559 1573 1400 573 0 546 359 0 0 1080 1889 2385 3329 3787 3670 3625 3609 3705 3715 3312 2999 2439 2281 2273 2099 2000 2034 1781 1672 1645 1766 1968 1611 1611 1589 1682 1732
0 0 0 0 0 0 0 0 0 0 0 0 460 555 976 1055 803 523 0 369 542 0 0 481 1151 2346 3323 3533 3588 3889 3833 3612 3543 3331 2859 2454 2259 2086 1782 1858 2221 2163 1564 1511 1878 1578 1561 1577 1552 1645 1703
0 0 0 0 0 0 0 0 0 0 0 0 0 259 0 663 570 344 0 278 307 0 0 0 729 1967 3120 3433 3862 3796 3418 3726 3189 3123 2717 2102 1913 1711 1769 1699 2014 1966 1799 1675 1472 1516 1514 1530 1451 1541 1622
0 0 0 0 0 0 0 0 0 0 0 0 0 0 0 374 0 0 0 0 215 0 0 0 382 1394 2534 3218 3672 3626 3696 3415 2958 2287 2086 1914 1772 1557 1602 1904 1848 1822 1769 1744 1379 1406 1434 1469 1367 1481 1531
0 0 0 0 0 0 0 0 0 0 0 0 0 0 371 0 0 0 0 0 0 0 0 0 0 1370 3116 3743 3838 3711 3405 2926 2322 2042 1885 1754 1667 1660 1298 2060 1617 1578 1499 1421 1173 1294 1340 1340 1324 1440 1483
0 0 0 0 0 0 0 0 0 0 0 0 0 0 0 0 0 0 0 0 0 0 0 0 0 1454 2732 3609 3906 3737 3332 2844 2585 2190 2027 1906 1804 1390 2233 1985 1424 1312 1268 1324 1372 1281 1307 1377 1358 1283 1394
0 0 0 0 0 0 0 0 0 0 0 0 0 0 0 0 0 0 0 0 265 0 0 0 458 2045 2654 3137 3870 3537 3251 2811 2582 1934 2007 1541 1293 1141 1040 1236 1209 1257 1144 1212 1386 1327 1370 1382 1414 1307 1375
