---
Height of BL Top [ft] Valid 1600 PST ~Z75~(0000Z)~Z~ MON 22 May 2017 ~Z75~[24hrFcst@1242z]~Z~
Model= RASP Region= PANOCHE Grid= d2 Reskm= 4.0 Indexs= 1 51 1 69 Proj= lambert 4000 4000 40.0000 40.0000 -73.0000 36.6487 -121.0445
Day= 2017 5 22 MON ValidLST= 1600 PST ValidZ= 000 Fcst= 24.0 Init= 12 Param= hbl Unit= ft Mult= 1 Min= 36 Max= 12641
36 36 36 36 38 67 223 302 451 769 1465 1832 2086 2322 2571 2732 2874 3017 3098 3220 3398 3492 3867 4249 4780 6586 8059 9896 10879 10886 10762 10643 10553 10593 10847 10964 10985 10979 10937 10837 10754 10509 9649 9042 8468 7103 6548 6183 6085 6071 6260
36 36 36 36 36 51 187 253 393 635 1001 1731 2017 2230 2446 2617 2738 2869 2941 3033 3251 3394 3747 3988 4601 6199 8106 10014 10919 10922 10790 10690 10622 10576 10645 10850 10905 10904 10837 10731 10616 10350 9618 9009 8502 7430 6774 6158 6005 6006 6219
36 36 36 36 36 40 150 218 355 564 918 1606 1957 2179 2374 2525 2618 2707 2774 2879 3117 3284 3603 3901 4595 6294 8370 10069 10936 10994 10881 10783 10690 10615 10596 10691 10749 10770 10746 10601 10441 10147 9531 8961 8482 7699 6965 6331 5998 5988 6144
36 36 36 36 91 38 125 115 343 452 787 1505 1911 2165 2316 2425 2505 2541 2600 2735 2949 3157 3538 3963 4834 6824 8991 10334 11054 11052 11042 10964 10831 10707 10621 10588 10585 10599 10582 10459 10288 10009 9498 8986 8465 7848 6767 6354 6040 5982 6155
36 36 36 58 134 38 126 115 253 456 1165 1604 2034 2215 2284 2345 2448 2443 2477 2612 2800 3111 3329 3753 5250 8277 9653 10497 11160 11514 11339 11299 11051 10652 10492 10539 10410 10505 10532 10433 10240 9940 9497 9097 8507 7903 6968 6510 6086 5983 6205
36 36 36 57 44 44 53 132 293 936 1257 1775 2120 2291 2335 2381 2456 2458 2506 2590 2763 3080 3317 3870 5775 8906 10153 11103 11177 11719 11279 11235 10868 10548 10273 10456 10373 10389 10331 10186 10055 9750 9262 8823 8408 7835 6992 6729 6120 5990 6189
36 36 36 36 36 58 76 158 327 1008 1380 1942 2255 2384 2414 2477 2548 2551 2591 2841 3129 3353 3700 4617 7403 9578 10524 11008 11153 11384 11275 11181 10919 10644 10415 10527 10369 10277 10103 9995 9812 9532 9093 8537 8176 7776 6822 6497 6142 6019 6108
36 36 36 36 36 70 105 176 797 1086 1466 2013 2363 2446 2474 2615 2684 2741 2969 3425 4198 4767 5433 7235 9234 10235 10769 11011 11031 11328 11118 11530 10969 10558 10340 10173 9947 9730 9767 9634 9520 9330 8974 8261 7789 7162 6848 6470 6142 6019 6086
36 36 36 36 36 84 139 207 311 988 1538 2135 2443 2398 2474 2746 2865 2949 3316 4511 6028 7203 8311 9400 10262 10789 11043 11248 11248 11524 11649 10998 10457 10218 9976 9733 9469 9264 9266 9151 9160 9065 8890 7859 6818 6663 6829 6399 6115 6058 6026
36 36 36 36 36 98 176 253 356 962 1677 2286 2461 2335 2547 2930 2970 3095 3818 5424 6971 8222 9108 9811 10341 10841 11067 11159 11637 12158 11274 10510 10062 9834 9683 9210 8954 8872 8903 8845 8678 8794 8787 8411 7027 6576 6586 6336 6142 5941 6027
36 36 36 36 36 127 224 304 815 1339 2055 2648 2552 2404 3027 3450 3547 3325 4032 5862 7523 8659 9422 9954 10462 10861 11068 11274 12064 11654 10781 10228 9850 9593 9424 8920 8648 8617 8393 8525 8440 8375 8592 8334 7334 6819 6513 6416 5975 5911 5977
36 36 36 36 59 170 283 368 926 1697 2603 2933 2641 3063 3954 4408 4881 5391 6110 7311 8327 9151 9715 10155 10535 10925 11113 11522 11963 10997 10526 10115 9724 9458 9090 8739 8490 8212 8060 8337 8229 8322 8376 8181 7584 6759 6378 6185 5924 5860 5923
126 36 36 36 101 227 357 902 1199 1958 2749 2769 2413 2780 3276 3781 4818 5818 7099 8086 8855 9483 9909 10257 10360 10828 11146 11849 11499 10802 10498 9969 9626 9428 9174 8767 8603 8222 8099 7920 8061 8074 7912 7887 7104 6581 6372 6102 5866 5804 5815
152 128 44 49 161 301 449 1074 1811 2299 2746 2670 2411 2677 3098 3704 4535 5682 7107 7996 8770 9412 9891 10318 10446 10853 11293 11805 11075 10640 10436 9935 9495 9408 9281 8934 8715 8478 8731 8037 8116 8086 7736 7528 6933 6552 6377 6088 5782 5696 5691
167 148 152 85 234 389 553 1305 2153 2586 2912 2813 2636 3145 3528 4307 5198 6190 7352 8078 8767 9382 9896 10376 10680 11028 11369 11512 10987 10659 10367 9976 9435 9510 9492 8713 8294 8341 8091 8428 8438 8316 7635 6689 6580 6304 6173 5944 5605 5517 5486
178 169 185 144 323 492 674 1507 2429 2935 3143 3054 3099 3707 4441 5512 6500 7269 8003 8534 9116 9564 10088 10516 10755 11063 11462 11479 11042 10661 10393 9794 9633 9705 9430 8876 8375 8169 7951 8120 7995 7670 7746 6917 6405 5907 5897 5726 5434 5351 5314
182 172 199 194 404 586 793 1818 2574 2935 2944 2954 3249 3804 4554 6010 6900 7760 8480 8978 9471 9885 10247 10503 10717 11011 11227 11493 11521 11020 10237 9458 9825 9620 9088 8626 8112 7810 7588 7884 7869 7656 7426 6848 6289 5963 5711 5521 5362 5260 5146
184 170 211 240 478 672 929 2146 2892 3078 2990 3004 3202 3742 4538 5975 6832 7656 8441 9123 9637 9968 10198 10395 10626 10948 11111 11295 11753 10989 10246 10171 10061 9785 8764 8323 7950 7693 7486 7772 7845 7699 7287 6530 6298 6028 5772 5531 5367 5265 5147
188 172 223 276 541 747 1056 2459 3324 3442 3504 3705 3617 3732 4759 5957 6906 7831 8463 9139 9624 9999 10239 10416 10639 10914 11140 11498 11839 10720 10327 10609 10690 9728 8167 8156 7815 7757 7613 7745 7787 7599 7227 6621 6313 6089 5802 5584 5431 5305 5158
195 168 235 305 592 809 1616 2971 3674 3696 4452 4553 4834 4663 5653 6478 7479 8030 8666 9354 9723 10029 10206 10352 10584 10856 11113 11402 11545 10658 10409 11002 10695 8789 7948 7699 7697 7697 7569 7672 7744 7495 7093 6822 6401 6140 5871 5719 5517 5374 5160
191 170 244 324 629 862 1736 3166 4095 4266 4652 5278 5656 5870 6429 7074 8224 8494 9145 9630 9998 10163 10210 10308 10522 10864 10969 11268 11349 11163 11077 11289 10286 8294 7872 7926 7863 7825 7680 7705 7737 7417 7062 6774 6479 6195 5997 5885 5732 5507 5252
184 170 256 333 651 897 1274 2910 4543 5129 5288 5838 6349 6737 7304 8172 8715 8770 8324 9279 9875 10163 10257 10376 10565 10989 11068 11201 11208 11510 12079 10805 9710 8007 7788 7621 7629 7656 7668 7857 7639 7256 6902 6901 6622 6308 6008 5960 5871 5726 5423
177 167 260 342 675 932 1265 2848 4443 5690 6365 6558 7007 7513 8002 8868 7406 2554 2262 3785 8246 10036 10274 10409 10613 11000 11146 11303 11770 12641 11638 10408 9822 8822 8607 8006 7951 7912 7891 7742 7548 7267 6903 6827 6587 6449 6125 6045 5928 5859 5429
173 160 259 351 698 971 1287 2830 4181 5393 6502 7282 7670 7809 8845 8734 2250 1705 1727 2272 4510 9122 10037 10105 10547 11029 11367 11750 12482 11913 11208 10451 9950 8885 8486 8130 8035 8060 7896 7769 7436 7211 6981 6943 6687 6617 6235 6147 5953 5783 5548
167 156 261 363 727 1019 1400 3232 4397 5039 6148 7081 7789 8496 9374 3423 1908 1862 1834 2108 3145 7692 9531 10035 10712 11164 11394 11746 11941 11508 10917 10545 9826 8892 8634 8244 8252 8157 8030 7814 7584 7118 7086 7038 6832 6644 6471 6146 5955 5777 5452
165 154 264 371 750 1070 2170 3965 5013 5493 6210 7275 8309 9292 5581 2514 1944 1674 1678 1932 3359 7902 9608 10186 10716 11163 11309 11640 11350 10872 10582 10463 9799 8870 8567 8283 8327 8216 8045 7809 7565 7250 6981 6840 6938 6720 6636 6228 6055 5727 5619
166 156 267 379 772 1115 2554 4060 5812 6569 6649 8044 8843 8383 3150 2505 1948 1658 1690 2002 3342 7345 9525 10240 10675 11033 11327 11494 10961 10761 10661 10286 9527 8985 8346 8209 8302 8272 7884 7724 7338 7194 6892 6834 6840 6783 6731 6474 6130 6035 5678
170 158 271 387 792 1143 2689 4080 5618 8115 9001 10008 9198 7056 2981 2304 1889 1637 1690 2107 3333 7001 9053 10076 10580 11068 11407 11913 11214 10961 10614 10014 9405 8778 8324 8142 8019 8053 7836 7589 7205 7073 6881 6842 6856 6842 6830 6810 6318 6252 6293
174 159 282 410 831 1186 2765 4209 5109 7264 9719 9818 8731 7278 2776 1903 1601 1566 1643 2014 3493 6983 8943 10039 10612 11122 11646 11466 11072 10697 10317 9846 9289 8919 8611 8431 8107 8052 7809 7430 6887 6922 6711 6739 6799 6862 6868 6845 6792 6410 6429
176 160 300 447 884 1251 2874 4465 5266 6796 9209 9626 8935 7638 3228 1778 1437 1504 1660 1941 4425 7748 9293 10245 10680 11215 11551 10988 10713 10401 10090 9736 9038 8835 8568 8266 8031 7898 7782 7364 6819 6732 6678 6824 6843 6857 6865 6858 6852 6811 6496
175 165 322 493 947 1343 3150 4690 6027 8300 9249 9131 8919 7641 3191 1924 1492 1617 1904 2284 5215 8578 9796 10304 10787 11356 11423 10806 10430 10297 10249 9646 8674 8543 8353 8245 7942 7830 7770 7403 6815 6690 6664 6783 6799 6840 6866 6853 6871 6876 6572
171 182 362 567 1035 1930 3602 5025 6604 9518 9746 8661 8031 7997 3255 2129 1429 1596 2129 2688 6686 9032 9799 10181 10717 11545 11028 10536 10204 10414 10208 9470 8508 8264 8073 7953 7863 7782 7598 7304 6805 6722 6733 6761 6789 6840 6866 6875 6887 6910 6824
162 207 414 655 1136 2118 3931 5265 7440 9200 7815 5248 4506 6369 3399 2077 1438 1663 2232 2868 6705 9295 9848 10192 10802 11246 10826 10276 10154 10466 10152 9538 8822 8316 8060 7926 7790 7636 7371 7035 6753 6715 6579 6709 6734 6832 6861 6878 6895 6909 6926
150 245 482 766 1755 2897 4317 5917 7973 5854 5094 4368 4133 4830 3080 1832 1383 1768 2416 3139 7924 9439 9462 9637 10157 10440 10549 10721 10446 10255 9891 9380 8667 8250 7999 7866 7833 7506 7302 7037 6704 6747 6552 6684 6787 6838 6858 6877 6884 6908 6975
144 270 520 828 1764 2688 4150 6998 7546 4550 4073 4045 3976 4363 2635 1491 1350 1800 2546 3881 8736 8488 7156 7448 7819 9484 9943 11060 10592 9953 9543 9110 8523 8072 7853 7672 7536 7324 7192 6997 6687 6729 6577 6549 6763 6829 6828 6861 6878 6919 6999
142 269 520 828 1779 2896 3880 6811 6771 3909 3570 3651 3909 4297 2145 1320 1307 1814 2552 5424 8274 6140 4346 4612 5275 6752 8767 10850 10602 9817 9139 8716 8305 7951 7765 7556 7321 7132 7032 6930 6747 6696 6540 6495 6724 6824 6778 6841 6854 6901 7010
142 268 522 823 1260 2383 3494 6397 6329 3559 3093 3161 3564 3896 1832 1174 1248 1852 2593 6137 7021 3861 3601 3863 4330 5251 8663 10759 10290 9609 8906 8433 8124 7928 7652 7421 7210 7073 6955 6792 6722 6651 6364 6505 6787 6815 6800 6829 6819 6874 7010
143 263 486 752 1146 2181 3055 5373 5349 3138 2547 2780 3301 2878 1612 1141 1273 1914 2587 6077 5458 3188 2979 3085 3662 4506 8991 10244 9754 9314 8799 8390 8091 7767 7591 7375 7176 6996 6865 6753 6691 6615 6360 6357 6791 6761 6813 6830 6803 6854 7016
146 237 423 641 982 1829 2689 3465 3666 2634 2248 2531 2995 2356 1410 1141 1270 1995 2723 6268 4918 2578 2467 2704 3142 3957 9114 9852 9347 9017 8518 8326 8016 7712 7555 7365 7200 6930 6786 6702 6630 6587 6348 6362 6761 6698 6819 6833 6828 6876 6996
159 204 246 483 762 992 1977 2530 2939 2316 1976 2023 2148 1663 1223 1180 1323 2118 2961 6313 5121 2207 2162 2517 2896 3811 9301 9585 9172 8828 8265 8098 7941 7577 7447 7289 7171 6864 6748 6648 6556 6534 6324 6357 6650 6650 6839 6859 6772 6795 6928
200 199 177 352 569 740 1439 1989 2109 1681 1538 1488 1394 1258 1173 1224 1470 2213 2917 5698 5294 2070 2017 2327 2635 3804 9247 9227 8984 8721 8248 8035 7840 7489 7294 7226 7144 6774 6671 6566 6415 6320 6317 6356 6322 6269 6849 6853 6824 6734 6891
265 268 121 240 399 513 699 1152 1328 1188 1219 1134 1018 1026 1184 1250 1497 2181 2772 4241 4551 2020 1913 2230 2651 3466 8434 8827 8582 8660 8299 7988 7736 7424 7262 7058 6799 6693 6550 6426 6280 6283 6237 6268 6302 6374 6842 6818 6699 6623 6803
228 178 86 160 265 333 445 942 998 448 797 919 944 907 1091 1220 1473 1991 2381 2253 2361 1732 1755 2138 2676 3297 5865 7760 8280 8426 8405 7956 7684 7414 7270 7163 6701 6536 6375 6282 6184 6238 6069 6077 6180 6393 6783 6705 6499 6572 6716
186 156 59 97 160 204 290 341 337 204 177 765 825 879 1047 1118 1404 1669 1890 1579 1315 1342 1490 2097 2430 2973 3405 5412 7236 7787 8259 8005 7597 7338 7219 7065 6632 6382 6231 6209 6185 5987 5870 6042 6281 6377 6485 6460 6458 6525 6705
155 139 53 57 104 171 214 218 150 87 55 88 564 758 883 1070 1304 1443 1455 1316 1195 1159 1319 1916 2233 2575 2814 2776 5258 924 7770 7840 7472 7264 7115 6826 6588 6327 6029 6091 6039 5848 5823 5858 5844 6266 6396 6422 6392 6448 6660
133 101 45 42 85 137 176 100 76 51 36 36 70 564 855 1082 1257 1368 1324 1221 1151 1049 1256 1665 2048 2252 2412 2400 2156 6654 7767 7553 7285 7020 6920 6694 6389 6114 6013 5833 5748 5725 5822 5882 5915 6302 6390 6358 6241 6286 6559
108 50 45 89 86 96 118 95 91 39 36 36 52 549 823 1021 1166 1254 1194 1067 942 963 391 810 1822 2009 2125 2234 2220 5467 7679 7391 7110 6862 6758 6490 6230 5960 5914 5729 5693 5732 5778 5862 5908 5980 6212 6136 6113 6208 6385
85 36 37 126 116 102 93 104 46 121 36 36 36 76 633 811 1048 1227 808 1017 816 853 1446 1766 2009 2036 2053 2181 2372 7300 7464 7230 7108 6853 6544 6360 5872 5760 5352 5599 5515 5677 5655 5827 5890 5903 5973 6031 6094 6164 6293
36 36 36 124 122 122 122 121 122 122 36 36 36 105 617 830 1085 1265 1446 1249 758 1729 1708 2045 2325 2444 2869 2624 4008 7926 7564 7167 7019 6818 6428 6233 5892 5406 5243 5475 5588 5600 5641 5793 5866 5935 5953 5970 6064 6086 6031
36 36 36 126 131 133 132 159 122 122 37 36 36 122 642 835 1153 1389 1569 1258 817 2002 2213 2581 3021 3586 7106 7824 7994 7791 7511 7138 6808 6725 6410 6086 5801 5534 5224 5414 5496 5592 5768 5867 5411 5878 5959 5826 5992 5822 5834
36 36 36 130 137 139 145 139 99 53 36 36 36 166 709 1066 1351 1524 1531 1138 920 1903 2360 3175 3737 6154 7879 8384 7997 7742 7372 6965 6789 6688 6396 6114 5833 5418 5407 5481 5587 5737 5858 5826 227 5470 5538 5574 5625 5695 5445
36 36 43 134 141 145 146 134 45 92 36 36 50 561 843 1115 1520 1805 1641 1196 1013 1629 2380 3360 4256 7324 8160 8263 7819 7762 7331 6923 6688 6600 6411 6179 5887 5629 5445 5514 5665 5784 5836 5821 5768 5496 5483 5484 4723 5295 5359
36 36 82 135 146 152 155 71 65 77 494 918 714 702 1073 1643 2090 2316 1916 1393 1366 1709 2229 3429 5876 7832 8395 8085 7938 7784 7334 7032 6715 6631 6282 6075 5857 5641 5505 5700 5686 5805 5806 5414 5302 5411 5390 5123 5173 5244 5229
36 36 119 136 157 154 169 94 184 404 715 1183 1135 949 1355 2059 2788 6125 6019 5809 5978 2815 3836 6041 7684 8377 8471 8437 8041 7746 7414 7138 6843 6470 6153 5962 5728 5667 5669 5717 5743 5644 5401 5391 5185 5066 5023 5057 5136 5176 5024
134 36 130 136 170 160 124 154 156 607 1118 1487 1444 1514 1786 2288 4026 8346 6790 6463 6705 6501 6699 7161 7979 8617 8652 8848 8608 8041 7597 7312 7003 6619 6220 5803 5591 5539 5519 5773 5655 5286 5230 5031 4947 4926 4945 4927 4986 4889 5026
259 259 140 137 168 173 136 259 242 887 1595 1935 1727 1776 2007 2431 6183 8014 6521 5585 5351 5665 6284 7086 8105 8914 9091 9354 9226 8251 7785 7466 7061 6634 6281 5639 5449 5355 5670 5730 5411 5116 4887 4821 4811 4623 4617 4651 4737 4889 5045
263 260 150 140 150 188 168 305 748 1372 2271 2710 2076 2095 2240 2794 7313 7594 6498 5317 3969 5113 6090 7012 8189 8974 9106 9284 9016 8585 7962 7535 6985 6515 6079 5513 5142 5105 5287 5595 5502 4835 4623 4388 4340 4363 4523 4570 4590 4788 5005
271 261 164 148 145 209 203 273 827 1670 2728 3701 2563 2366 2403 3170 6686 6364 3910 3779 3753 4455 5653 6677 7836 8906 9098 9320 9526 8688 8135 7592 6965 6464 6016 5520 4949 4901 4979 4951 5212 4791 4407 4269 4132 4360 4439 4250 4309 4454 4708
277 262 165 151 149 226 226 316 904 1907 3040 4521 2880 2538 2883 6707 6326 3624 2777 2912 3754 3893 5349 6210 7355 8873 9313 9640 9410 8575 8252 7683 7043 6549 5911 5452 4864 4751 4807 4816 4736 4606 4280 4189 3912 4021 4117 4170 4259 4462 4689
279 263 157 143 157 220 227 336 966 2002 3141 4432 4689 3802 6674 6556 4382 2922 2227 2398 2936 3278 5055 6090 7160 8896 9541 9959 9367 8595 8063 7590 7129 6572 6014 5408 4785 4576 4458 4494 4497 4340 4158 3868 3865 3926 4062 4133 4038 4257 4725
278 264 147 141 168 189 232 364 1037 2014 3155 4603 6000 7288 6632 5629 3844 2820 1818 2105 2385 2746 4777 6053 6890 8472 9953 9881 9112 8616 7940 7359 6899 6415 5796 5223 4629 4404 4287 4282 4290 4203 3908 3829 3843 3922 3901 3890 4040 4225 4516
277 264 141 140 171 180 234 373 1177 2102 3035 3595 5323 5873 4828 4495 3741 2487 1439 1995 2262 2502 3852 5629 6651 7672 9451 9530 8866 8404 7828 7235 6749 6181 5416 4816 4489 4282 4198 4099 4161 4074 3812 3797 3818 3894 3734 3864 4063 4258 4466
276 263 135 139 168 165 203 635 1157 1877 2482 2848 3404 4055 3729 3824 3212 1978 1110 1743 2021 2228 3012 4521 6076 6973 8200 8789 8517 8148 7665 7171 6650 5883 5230 4624 4370 4220 4038 3957 4065 3946 3797 3764 3799 3855 3692 3848 4055 4283 4521
275 261 132 139 157 133 200 374 1062 1640 2025 2498 2941 3229 3357 3014 2385 1862 427 1544 2016 2175 2647 3494 4725 6564 7859 8134 8085 7959 7526 6958 6399 5805 5097 4601 4312 4085 3880 3876 4058 4007 3750 3666 3737 3612 3676 3834 4033 4256 4521
272 260 130 138 145 116 188 358 1021 1374 1680 2128 2510 2826 2628 2369 2024 1666 686 1484 1723 1962 2442 2967 3836 5725 7303 7729 7912 7599 7079 6807 6030 5545 4954 4374 4127 3887 3853 3810 3870 3821 3747 3653 3534 3605 3672 3808 3915 4127 4422
267 218 131 135 107 94 149 299 513 1143 1491 1841 2126 2357 2176 1854 1425 1145 1174 1258 1533 1783 2187 2611 3149 4637 6220 7158 7388 7142 6867 6361 5641 4895 4516 4245 4104 3897 3825 3812 3757 3725 3636 3596 3519 3549 3628 3762 3791 4024 4273
261 158 137 130 120 121 119 254 451 723 1314 1621 2064 2137 2100 1108 767 584 998 1178 1432 1641 1892 2142 2574 4319 6253 7168 7341 7032 6429 5717 5088 4561 4299 4162 4178 4117 3883 3790 3575 3501 3481 3476 3459 3490 3567 3621 3710 3914 4141
185 141 140 111 121 132 166 237 401 652 1225 1497 1798 1999 1643 788 447 395 825 1179 1432 1596 1784 1963 2326 4284 5768 6921 7262 6932 6227 5538 5047 4506 4252 4148 4191 4113 4099 3731 3502 3437 3454 3463 3483 3500 3571 3682 3731 3789 3994
144 133 137 88 120 145 197 223 453 716 1214 1382 1435 1433 826 557 392 370 369 1159 1560 1623 1784 1952 2565 4822 5644 6594 7175 6609 6070 5474 5035 4489 4265 4116 4147 4098 3897 3642 3494 3451 3492 3513 3544 3551 3606 3678 3798 3766 3891
