---
Height of Critical Updraft Strength (Hcrit) [ft] Valid 1300 PST ~Z75~(2100Z)~Z~ MON 22 May 2017 ~Z75~[21hrFcst@1239z]~Z~
Model= RASP Region= PANOCHE Grid= d2 Reskm= 4.0 Indexs= 1 51 1 69 Proj= lambert 4000 4000 40.0000 40.0000 -73.0000 36.6487 -121.0445
Day= 2017 5 22 MON ValidLST= 1300 PST ValidZ= 2100 Fcst= 21.0 Init= 12 Param= hwcrit Unit= ft Mult= 1 Min= 3 Max= 9713
3 3 3 3 5 34 77 175 318 508 1097 1542 1851 2169 2533 3164 3820 4826 6859 7140 7566 7662 7984 8045 8057 8048 8005 7831 7748 7574 7390 7239 7088 6910 6890 6972 7243 7261 7276 7219 7214 6951 6471 5526 5055 4352 4108 3882 3856 3905 4049
3 3 3 3 3 18 43 128 263 447 661 1441 1792 2104 2460 3159 3942 5696 6824 7039 7462 7666 7851 7764 7954 7967 7973 7917 7714 7587 7429 7256 7197 6931 6868 6950 7000 7197 7098 7024 6989 6794 6433 5635 5132 4561 4247 3821 3846 3907 4039
3 3 3 3 3 7 17 93 222 419 656 1358 1759 2062 2366 3147 4157 6162 6699 7182 7454 7660 7632 7718 7907 7976 7986 7941 7761 7658 7500 7329 7180 6985 6877 6893 6862 6881 7040 6868 6843 6711 6324 5708 5234 4738 4383 3979 3869 3909 3971
3 3 3 3 3 5 5 82 220 419 656 1324 1748 2041 2387 3210 4429 6190 6771 7288 7520 7510 7778 7866 7970 8024 8024 8010 7980 7756 7610 7440 7268 7069 6923 6835 6807 6761 6921 6862 6865 6713 6327 5830 5385 4945 4177 4060 3901 3920 3990
3 3 3 3 3 5 5 82 220 419 943 1437 1866 2172 2438 3248 5417 6391 6928 7072 7530 7718 7833 7916 8026 8078 8094 8081 8086 7818 7694 7749 7318 7087 6901 6739 6643 6809 6927 6828 6857 6712 6514 6112 5490 4989 4207 4150 3985 3933 4148
3 3 3 3 3 11 20 99 236 682 1115 1603 2001 2371 2961 4334 6029 6712 6917 7089 7223 7638 7847 7957 8103 8176 8118 8410 8101 7909 7815 7781 7248 7028 6689 6689 6561 6575 6774 6754 6728 6579 6346 5874 5472 4953 4251 4277 4096 4046 4218
3 3 3 3 3 25 43 125 279 758 1251 1780 2259 2855 4222 5818 6571 6848 6856 6927 7335 7602 7874 8017 8212 8299 8249 8334 8127 8158 7871 7584 7321 7008 6748 6604 6507 6491 6510 6477 6490 6331 6182 5736 5366 4900 4146 4191 4144 4139 4201
3 3 3 3 3 38 72 132 487 916 1388 1960 2592 3564 5574 6540 7006 7229 7125 6889 7365 7602 7922 8096 8327 8404 8338 8077 8202 8294 8013 7942 7301 6938 6670 6501 6282 5961 6288 6279 6284 6221 5937 5465 5095 4438 4172 4205 4182 4194 4239
3 3 3 3 3 51 106 174 262 749 1391 2189 2893 4964 6341 6837 7140 7243 7221 7262 7481 7664 7929 8169 8417 8492 8339 8189 8462 8588 8202 7653 7133 6797 6601 6380 6087 5745 5861 5791 5995 5963 5867 4863 4432 4265 4282 4217 4211 4298 4266
3 3 3 3 3 65 143 220 304 715 1513 2420 3755 5583 6468 6949 7289 7324 7273 7375 7598 7764 8013 8292 8521 8548 8329 8423 8982 8769 8007 7316 6837 6583 6404 5984 5673 5488 5647 5544 5555 5784 5766 5437 4354 4205 4286 4227 4303 4244 4345
3 3 3 3 3 94 191 271 523 1170 1952 3392 5488 6038 6451 6843 7188 6833 7043 7321 7557 7726 7928 8279 8634 8617 8488 8582 9059 8456 7627 6972 6601 6360 6140 5747 5497 5457 5281 5364 5381 5342 5502 5321 4480 4279 4283 4327 4241 4262 4358
3 3 3 3 26 137 250 334 639 1502 2771 5632 6315 6397 6546 6785 6953 6944 7035 7229 7448 7651 7923 8283 8727 8709 8714 8910 8588 7776 7158 6761 6286 5977 5767 5540 5326 5182 5181 5229 5226 5281 5341 5128 4786 4256 4188 4208 4227 4255 4354
3 3 3 3 68 194 324 602 1085 2012 3074 5786 6413 6600 6682 6848 6882 6719 6870 7127 7378 7664 7982 8237 8554 8750 9015 8791 7987 7272 6842 6436 6069 5874 5699 5463 5421 5106 5067 4981 5048 4988 4859 4965 4344 4135 4167 4165 4171 4193 4226
3 3 11 16 128 268 416 796 1692 2377 3225 5514 6111 6548 6859 6794 6690 6670 6915 7104 7398 7737 8020 8121 8377 8811 9034 8403 7669 7063 6713 6138 5821 5768 5634 5322 5408 5271 5580 5040 5021 4956 4649 4694 4259 4170 4195 4155 4009 3978 4079
3 3 25 52 201 356 519 1250 2269 2866 4191 5864 6142 6520 6810 6704 6598 6572 6886 7079 7380 7728 8056 8142 8378 8875 8802 8063 7561 7056 6706 6188 5798 5866 5809 5189 5037 5177 5082 5269 5110 5138 4579 4131 4158 3984 3975 3961 3879 3864 3856
3 3 48 111 290 459 640 1668 2811 4001 5520 6221 6433 6560 6637 6591 6707 6774 6870 7005 7280 7635 8005 8279 8376 8865 8609 7964 7714 7235 6760 6248 6116 5983 5610 5329 5012 5135 5042 5130 5059 4760 4685 4185 3987 3799 3853 3761 3508 3343 3338
3 3 67 161 371 553 760 1866 3040 4218 5268 6352 6568 6616 6219 6607 6868 7001 6921 6892 7120 7509 7830 8168 8353 8871 8476 8100 8137 7653 6709 6249 6265 5979 5651 5452 5097 5020 4930 5143 5011 4676 4617 4163 3800 3650 3453 3394 3193 3079 2983
3 3 85 206 445 639 895 2300 3525 4471 5333 6195 6550 6596 6031 6601 7006 7078 6928 6793 6981 7342 7622 7929 8252 8831 8426 8361 8391 7673 6996 6841 6865 6578 5785 5466 5082 5015 4912 5016 4985 4812 4567 3899 3754 3485 3364 3201 3048 2891 2765
3 3 99 243 508 714 1022 2618 4665 5346 6082 6257 6448 6186 6100 6630 7101 7088 6807 6703 6922 7231 7537 7840 8148 8692 8480 8668 8331 7440 7250 7437 7439 6974 5740 5431 5061 5073 5018 4993 4946 4717 4537 3935 3676 3440 3244 3086 2951 2801 2611
3 3 110 271 558 776 1545 3139 5423 6011 6451 6411 6469 6094 6451 6797 7116 6701 6510 6642 6883 7122 7489 7848 8127 8615 8745 8679 7922 7538 7633 7799 7770 6877 5809 5305 5120 5093 5021 4962 4906 4673 4262 4086 3667 3399 3139 3010 2889 2690 2517
3 3 117 291 596 829 1694 3187 6095 6557 6421 6441 6316 6136 6601 6986 7018 6248 6486 6689 6929 7104 7463 7821 8071 8570 8543 8403 8026 8262 8213 8179 7603 6331 5587 5262 5120 5142 5032 4960 4839 4648 4249 3916 3671 3386 3199 3053 2924 2678 2488
3 3 121 300 618 863 1240 2794 6268 6685 6415 6475 6364 6439 6656 7054 6476 5908 6030 6715 6986 7156 7368 7762 8002 8506 8392 8455 8761 8875 8728 8060 7049 6031 5562 5252 5113 4964 4937 4953 4746 4458 4083 4069 3837 3387 2999 2940 2915 2629 2524
3 3 125 309 641 898 1232 2799 5955 6924 6695 6429 6496 6645 6775 6782 6065 5875 5834 6486 6857 7118 7276 7634 7891 8545 8807 9131 9330 9410 8692 7583 6725 6010 5818 5275 5200 5044 5123 4948 4563 4460 4111 3856 3731 3422 3026 2937 2899 2756 2289
3 3 128 318 665 937 1254 2799 5529 6952 6731 6624 6604 6614 6939 6420 5816 5926 6071 6318 6690 6965 7112 7513 8000 8704 8973 9322 9661 9270 8212 7314 6839 6093 5696 5295 5156 5182 5095 5002 4565 4391 4128 4104 3818 3539 3097 3031 2887 2563 2322
3 3 133 329 693 986 1366 3130 5669 6735 6595 6699 6747 6745 6920 6210 5905 6293 6063 6288 6178 6673 6938 7302 8197 8886 9048 9254 9713 9279 8336 7739 7230 6209 5829 5282 5324 5261 5157 5016 4837 4208 4223 4247 3868 3492 3247 2977 2888 2699 2419
3 3 136 337 716 1036 2295 4597 6382 6727 6668 7090 7255 7114 6734 6194 5931 6200 6067 5864 6236 6539 6881 7462 8132 8924 9082 9039 9023 8684 8192 7941 7220 6164 5699 5210 5463 5340 5146 5011 4792 4498 4217 4152 4127 3796 3376 3151 2961 2723 2555
3 3 139 346 739 1081 2533 5051 6989 7099 7145 7676 7301 7042 6466 6481 6032 5986 6231 5701 6262 6703 7148 7666 8093 8630 8941 8756 8442 8196 7909 7546 6643 6134 5440 5442 5792 5804 5156 5003 4537 4392 4100 4134 3909 3869 3462 3424 3051 2940 2686
3 3 141 353 759 1109 2595 5025 7281 7331 7309 7530 7436 6897 6507 6513 5843 5815 6100 6074 6412 6788 7284 7698 8147 8778 9028 8637 8409 8096 7695 7240 6422 5898 5371 5268 5280 5399 5243 4981 4394 4279 4159 4231 4153 3899 3792 3582 3392 3152 3013
3 3 152 377 797 1152 2561 4747 7264 7644 7732 7808 7194 6676 6454 5980 5680 5996 5439 5652 6241 6623 7202 7731 8191 8885 8973 8543 8355 7906 7394 6941 6196 5867 5436 5470 5170 5337 5121 4898 4132 4211 3852 3940 3893 4224 3948 3904 3562 3462 3228
3 6 171 414 851 1217 2871 4982 7435 7435 7320 7326 6802 6571 6320 5417 5297 5378 5218 5478 6088 6551 7173 7754 8230 8850 8756 8285 7862 7595 7137 6740 5895 5782 5388 5155 5042 5009 5064 4764 4089 4031 3836 4138 4156 4261 4113 3942 3865 3580 3532
3 14 193 460 914 1309 3122 5948 7580 7730 7569 6940 6685 6525 6317 5703 5694 5253 5386 5782 6208 6733 7266 7769 8292 8797 8547 8072 7479 7446 7256 6854 5847 5667 5249 5311 5015 4992 5100 4907 4022 3959 3825 4020 3982 4110 4194 3906 3946 3901 3671
3 34 234 533 1002 2076 3489 6327 7713 7962 7774 7219 6699 6864 6644 6032 4603 4635 5323 6076 6826 6993 7263 7711 8463 8604 8135 7586 7264 7574 7563 7010 5797 5462 5132 5013 4953 5027 5031 4702 3966 4083 3882 3923 3933 3994 4137 3983 3978 3989 3984
3 63 287 622 1102 2288 3587 6285 7952 8180 7938 7355 6967 6971 6115 4978 3829 4201 5299 6154 6922 7135 7338 7745 8589 8257 7752 7450 7448 7654 7563 7091 6211 5486 5158 5013 4919 4905 4702 4272 3848 3907 3801 3889 3848 3956 4034 3998 4001 3974 4129
3 104 356 732 1950 2871 3976 6247 7992 8320 7942 7118 7087 6655 4071 2785 1816 3398 4968 6008 6676 7220 7525 7930 8812 8136 7782 7712 7595 7361 7206 6849 6015 5444 5108 4953 5100 4709 4606 4200 3790 3840 3799 3875 3906 3954 3985 4010 3964 4006 4176
3 129 396 794 1647 2986 4312 6875 8333 8079 7207 7143 6940 5705 2776 1766 1423 2498 4617 6108 6779 7344 7706 8109 8465 8136 7967 8017 7601 7168 6771 6388 5980 5433 5106 4806 4719 4579 4485 4163 3808 3818 3842 3763 3867 3937 3949 4011 4034 4083 4208
3 129 396 794 1701 3193 4548 7069 7785 4838 3840 6878 6736 4329 2267 1567 1096 2165 4161 6273 7041 7490 7741 7889 8042 8069 8103 8046 7683 7116 6575 6062 5692 5434 5195 4920 4581 4249 4170 4119 4084 3805 3833 3619 3738 3922 3690 3977 4016 4072 4220
3 129 396 790 1226 2628 4705 6750 7160 4637 3300 4912 6562 3115 2007 1058 939 1916 4022 6442 7370 7606 7491 7632 7771 8158 8101 8072 7748 7285 6602 6045 5673 5457 5093 4765 4370 4154 4136 4056 3972 3796 3629 3639 3851 3850 3563 3886 3935 4014 4225
3 123 361 718 1113 2133 4537 6224 6151 3794 2804 2779 5972 2663 1478 989 959 1764 3783 6564 7209 7242 7244 7328 7586 8075 8170 7869 7604 7154 6496 5997 5653 5345 5063 4702 4307 4118 4112 4038 3868 3804 3472 3475 3829 3541 3520 3755 3831 3975 4304
3 97 301 607 949 1636 3106 5508 4259 2721 2167 2439 2937 2369 1204 771 969 1813 4245 6755 6842 6862 7003 7117 7425 7895 7855 7413 7185 6764 6199 5867 5491 5140 4920 4615 4472 4121 4069 4057 3831 3815 3464 3484 3847 3530 3540 3811 3971 4061 4299
3 57 213 450 729 958 1842 2784 2731 2137 1897 1926 2025 1597 1055 713 1070 1880 5726 6848 6708 6562 6600 6938 7240 7614 7516 7125 6799 6409 5826 5580 5481 4870 4721 4527 4431 4132 4070 4087 3819 3815 3623 3563 3851 3773 3905 4003 3880 3949 4194
3 29 144 319 536 707 1284 1884 1803 1487 1378 1397 1278 965 635 702 1107 2075 6028 6617 6352 6084 6105 6480 6815 7420 7434 6895 6532 6094 5651 5383 5234 4659 4486 4517 4515 4127 4065 4064 3811 3807 3736 3757 3698 3649 4005 4018 4079 3946 4258
3 10 88 207 366 480 666 996 1230 853 943 720 711 742 700 717 1095 1864 5942 6082 5663 4913 5267 5941 6526 7286 7354 6869 6303 6018 5536 5271 5028 4588 4445 4292 4111 4115 4064 4003 3807 3795 3429 3574 3770 3879 4174 4025 4008 3932 4231
3 5 53 127 232 300 388 675 630 415 537 554 539 456 612 654 1004 1625 4641 5348 3722 2937 4049 5324 6196 7110 7296 6703 6146 6082 5712 5386 4946 4647 4561 4566 4121 4099 3983 3817 3706 3670 3396 3452 3513 3975 4052 4036 3921 3913 4067
3 3 26 64 127 171 231 308 300 171 145 442 459 489 608 569 886 1235 1827 2145 2017 1792 3023 4849 5806 6643 7094 6518 5835 5715 5723 5228 4761 4530 4502 4549 4123 4051 3803 3775 3765 3378 3257 3503 3685 3868 4026 3965 3897 3883 4187
3 3 9 24 56 83 118 139 117 54 22 55 294 431 441 567 829 1161 1162 1059 1149 1434 2213 4287 5139 6049 6630 6272 5332 889 5352 4893 4625 4420 4448 4332 4172 4057 3643 3602 3447 3275 2966 3030 3038 3601 3903 3919 3809 3856 4213
3 3 3 9 21 37 56 52 35 18 3 3 18 357 463 624 808 976 914 824 936 1124 1643 2467 4186 5459 6167 5979 5503 5205 5076 4684 4420 4105 4188 4140 4074 3760 3687 3208 2918 2846 3010 3102 3217 3622 3869 3771 3760 3865 4136
3 3 3 3 3 8 19 18 11 6 3 3 3 334 464 628 725 798 863 854 729 1071 357 776 2070 5185 5822 5827 5623 5309 5011 4618 4354 4078 4094 4026 3798 3616 3495 2914 2896 2955 3048 3131 3205 3620 3665 3706 3742 3849 4120
3 3 3 3 3 3 3 3 3 3 3 3 3 22 322 506 637 789 774 739 557 1065 1840 2754 4675 5521 5741 5745 5717 5457 4948 4690 4355 4049 3734 3779 3199 3158 2597 2787 2772 2931 2971 3241 3385 3382 3569 3611 3708 3814 4035
3 3 3 3 3 3 3 3 3 3 3 3 3 29 313 434 606 981 1202 2348 2275 2160 3307 4840 5592 5880 5787 5705 5757 5532 4962 4588 4229 3960 3693 3566 3199 2567 2430 2743 2873 2924 2945 3348 3465 3574 3550 3427 3687 3795 3977
3 3 3 3 3 3 3 3 3 3 3 3 3 47 302 444 684 1101 1408 3738 3891 3804 4600 5423 6043 6127 5826 5812 5725 5372 4874 4332 4016 3937 3749 3353 3025 2787 2361 2468 2751 2805 3079 3547 3190 3375 3668 3440 3787 3756 3942
3 3 3 3 3 4 6 7 6 3 3 3 3 69 393 659 884 1231 1833 3916 3896 4392 4734 5728 6255 6227 5924 5886 5635 5349 4876 4283 3974 3996 3702 3268 2863 2371 2358 2495 2717 2921 3440 3396 192 3071 3534 3599 3638 3727 3908
3 3 3 3 3 4 12 13 12 7 3 3 8 234 541 879 1235 1735 4183 4204 4049 3998 4535 5936 6227 6283 6074 5872 5596 5386 4903 4281 3854 3950 3578 3422 3177 2810 2386 2537 2601 2924 3400 3469 3471 3517 3514 3540 326 3684 3855
3 3 3 3 3 10 28 33 32 22 278 563 526 548 871 1343 2214 4993 4955 4348 4283 3972 4603 5858 6268 6297 6198 5993 5643 5496 5022 4472 4062 3965 3526 3525 3107 2822 2486 2984 2804 3430 3469 3419 3210 3438 3408 3484 3548 3635 3749
3 3 3 3 3 20 49 61 65 89 489 787 813 833 1210 2169 5445 5898 5024 4502 4338 4055 4692 5758 6456 6394 6295 6193 6115 5662 5180 4685 4287 3895 3623 3441 2966 2890 2763 3030 3218 3371 3368 3447 3260 3417 3254 3380 3497 3567 3587
3 3 3 3 3 31 73 98 123 416 848 1071 1157 1242 1653 3257 6165 6120 4969 4347 4445 4394 4742 5734 6701 6609 6466 6647 6641 5950 5415 4893 4468 4042 3773 3249 3003 2913 2570 3213 3133 3304 3213 3224 3156 3132 3124 3218 3355 3399 3585
3 3 3 3 3 48 103 140 208 705 1521 1891 1744 1777 2099 4821 6355 5751 4733 4126 3929 3953 4602 5777 6807 6824 6676 6927 6972 6296 5673 5175 4675 4291 4074 3327 3145 3052 3250 3280 2976 3170 3015 3058 3077 3083 3095 3191 3306 3474 3608
3 3 3 3 5 67 135 186 518 1172 2595 3561 2481 2512 3441 5760 6523 5728 4922 4358 3400 3847 4659 5921 7061 7121 6850 6979 6997 6390 5884 5367 4737 4303 3945 3350 3007 3019 3172 3418 3387 2939 2824 2832 2829 2800 2956 3143 3291 3496 3650
6 3 3 3 13 90 170 240 654 1489 4167 5045 4464 4397 5227 5838 5679 5233 3735 3347 3353 3660 4507 5959 7131 7236 6928 7141 7169 6773 6348 5696 4851 4336 3960 3535 3048 3024 3155 3123 3273 3028 2803 2786 2673 2831 2880 2987 3131 3303 3670
8 3 3 3 23 107 193 283 759 1803 4733 5602 4785 4987 5796 5606 5167 4043 3151 3083 3318 3304 4184 5542 7038 7333 7117 7380 7517 7061 6529 5781 4890 4437 3760 3517 3018 2965 3047 3032 2984 2946 2838 2741 2537 2684 2788 2929 3085 3337 3676
8 3 3 3 33 120 194 303 816 1834 4261 5587 5297 5624 5951 5244 4494 3171 2960 2999 3218 3333 4145 5143 6938 7585 7485 7736 7627 6999 6263 5571 5148 4638 4127 3579 3036 2915 2852 2886 2830 2814 2659 2468 2454 2540 2783 2920 3092 3361 3631
6 3 3 3 45 126 194 331 843 1823 3555 5512 5775 6078 5639 4900 3639 2738 2704 2909 3215 3468 4329 5396 6912 7762 7709 7911 7481 6875 6105 5364 5090 4608 4119 3586 2967 2726 2694 2735 2707 2676 2524 2371 2332 2582 2704 2904 3184 3421 3695
5 3 3 3 49 126 194 340 962 1885 3312 5337 5976 6076 5215 4488 2776 2316 2355 2657 3149 3525 4342 5485 6863 7843 8018 7752 7326 6661 5952 5246 4925 4428 3779 3191 2789 2630 2662 2578 2572 2548 2318 2245 2290 2572 2625 2831 3133 3423 3617
4 3 3 3 47 114 170 355 954 1706 2874 4688 5481 5579 4135 3694 2418 1932 1321 2181 2659 3385 4245 5302 6769 7614 7696 7384 6986 6355 5728 5264 4727 4056 3531 2852 2659 2582 2472 2409 2480 2388 2220 2190 2348 2628 2499 2738 2997 3346 3751
4 3 3 3 36 90 167 341 598 1431 2171 3276 4465 4505 3767 2741 2094 1698 393 1539 2458 2816 4091 5093 6433 7074 7135 6965 6567 6283 5564 4973 4526 3944 3328 2793 2609 2421 2281 2321 2599 2578 2162 2156 2424 2283 2375 2708 2961 3296 3683
3 3 3 3 26 83 155 325 561 1089 1535 2183 2636 2621 2309 2059 1714 1480 411 1376 1869 2143 2805 4490 5881 6485 6599 6457 6336 5847 5089 4829 4146 3756 3187 2608 2394 2252 2271 2213 2425 2382 2274 2256 2129 2206 2343 2644 2908 3243 3550
3 3 3 3 16 61 115 265 480 771 1198 1710 2036 2107 1749 1258 798 605 648 844 1064 1427 2088 3352 4870 5638 5906 5908 5891 5462 5054 4511 3901 3205 2821 2544 2356 2211 2187 2327 2261 2219 2184 2176 2024 2105 2254 2484 2768 3125 3439
3 3 3 3 6 43 86 221 418 689 1083 1784 1939 1942 1515 687 472 381 380 614 985 1233 1550 2127 4434 5176 5566 5651 5454 5128 4609 4034 3375 2960 2646 2441 2296 2211 2045 2303 2104 2046 1929 1863 1771 1900 2067 2273 2525 2890 3239
3 3 3 3 3 31 66 188 368 618 1011 1604 1786 1791 1205 601 413 362 362 594 760 1163 1439 1855 3998 4875 5223 5265 5151 4928 4357 3802 3378 2926 2660 2466 2325 2089 2214 2132 1966 1854 1759 1762 1784 1805 1956 2159 2412 2660 2993
3 3 3 3 3 25 56 167 331 561 1034 1302 1405 1330 791 523 359 337 335 580 965 1145 1375 1803 4258 4855 5097 4999 5055 4820 4175 3612 3230 2742 2646 2294 2174 2021 1921 1922 1829 1807 1686 1680 1770 1806 1931 2082 2303 2540 2848
