---
Surface Dew Point Temperature (2m AGL) [F] Valid 1600 PST ~Z75~(0000Z)~Z~ MON 22 May 2017 ~Z75~[24hrFcst@1242z]~Z~
Model= RASP Region= PANOCHE Grid= d2 Reskm= 4.0 Indexs= 1 51 1 69 Proj= lambert 4000 4000 40.0000 40.0000 -73.0000 36.6487 -121.0445
Day= 2017 5 22 MON ValidLST= 1600 PST ValidZ= 000 Fcst= 24.0 Init= 12 Param= sfcdewpt Unit= F Mult= 1 Min= 26.4 Max= 62.4
52.8 52.9 53.1 53.1 52.6 52.1 51.5 51.0 50.5 50.0 50.5 49.6 48.3 47.8 47.2 46.9 47.0 46.9 46.7 47.0 47.0 47.4 47.2 46.5 45.2 43.4 41.3 39.0 36.2 33.5 31.1 29.2 27.6 27.0 26.9 27.2 27.9 28.8 29.9 31.0 32.2 33.8 35.5 37.3 39.1 41.0 41.9 42.5 42.7 42.4 41.4
52.8 52.9 53.1 53.1 52.8 52.3 51.8 51.3 50.8 50.2 49.7 49.8 48.6 48.1 47.3 46.9 46.6 46.5 46.5 46.9 46.6 46.7 46.8 46.6 44.9 43.1 40.8 38.2 36.0 33.2 30.8 29.0 27.2 26.8 26.7 27.1 28.3 28.9 29.9 31.0 32.4 34.1 35.8 37.4 39.0 40.5 41.5 43.0 42.9 42.8 41.7
52.9 53.0 53.1 53.0 53.0 52.6 52.0 51.5 51.0 50.5 50.0 49.8 48.7 48.3 47.5 46.9 46.6 46.5 46.9 46.6 46.4 46.4 46.8 46.1 44.4 42.4 40.2 37.6 35.4 32.8 30.6 28.9 27.8 26.8 27.1 27.2 28.7 29.6 30.2 31.5 33.0 34.5 36.1 37.6 39.0 40.3 41.3 42.6 43.2 43.1 42.3
53.1 53.1 53.1 52.9 52.8 52.7 52.3 51.8 51.2 50.7 50.2 49.4 48.6 48.3 47.6 46.9 47.0 46.9 47.0 46.4 46.4 46.7 45.8 45.1 43.7 41.7 39.2 36.7 34.2 32.4 30.4 28.9 28.0 27.3 27.6 27.6 28.5 29.7 30.8 32.3 33.7 35.2 36.6 37.8 39.0 40.2 43.0 43.4 43.5 43.3 42.7
53.2 53.2 53.2 52.9 52.8 52.9 52.5 52.0 51.5 50.5 49.9 49.1 48.0 47.9 47.6 47.0 46.3 46.5 46.6 46.7 45.8 45.4 45.5 45.5 44.0 40.9 37.7 35.6 33.7 32.1 29.8 28.5 28.1 28.0 28.0 27.7 28.4 29.9 31.6 32.8 34.2 35.6 36.9 37.8 39.1 40.2 42.8 43.4 43.6 43.4 42.6
53.3 53.3 53.2 52.9 53.0 53.1 52.7 52.2 51.4 51.6 51.6 50.5 49.4 48.1 47.2 46.9 46.4 46.0 46.6 46.9 47.0 46.1 46.1 45.7 43.6 39.9 36.8 34.0 31.9 31.0 28.9 28.1 27.8 27.8 27.8 27.4 27.9 29.4 31.7 32.6 34.1 35.8 37.9 38.4 39.3 40.5 43.0 43.0 43.7 43.5 42.7
53.3 53.4 53.3 53.1 53.1 53.1 53.0 52.5 50.9 52.0 51.4 49.6 48.2 46.7 45.7 45.4 45.3 45.0 45.8 46.3 45.8 45.9 45.9 44.7 41.9 38.1 35.5 33.1 30.6 29.2 28.6 27.9 27.5 27.9 27.1 28.6 29.7 30.6 32.0 33.1 34.3 35.8 38.1 39.4 40.0 40.9 43.7 43.7 43.6 43.4 43.0
53.4 53.5 53.4 53.2 53.2 53.1 53.1 52.5 53.0 52.3 51.6 49.1 47.0 45.2 44.3 44.0 43.7 43.9 44.0 45.1 44.4 44.2 43.7 41.9 39.0 35.9 33.8 33.2 29.8 28.2 27.8 28.1 28.6 28.5 29.2 30.4 32.0 33.2 32.2 33.4 34.2 35.2 37.6 40.2 41.1 43.1 43.6 43.7 43.6 43.4 42.9
53.5 53.5 53.5 53.3 53.3 53.2 53.0 52.7 51.2 51.2 50.9 48.5 46.2 44.4 43.2 42.8 42.8 42.8 43.1 42.7 41.6 40.7 39.9 38.1 35.9 33.6 32.4 31.5 28.8 26.4 28.1 29.8 30.6 30.8 31.5 32.2 33.3 34.1 33.6 34.5 34.3 35.1 36.6 42.2 43.8 43.7 43.0 43.6 43.5 42.9 42.8
53.6 53.6 53.6 53.4 53.3 53.0 52.7 52.6 50.1 51.7 51.6 49.2 46.3 44.8 43.8 43.0 42.5 42.7 42.7 41.5 39.6 38.0 37.2 36.4 35.4 34.1 32.6 31.3 28.2 28.0 30.1 31.3 32.4 32.5 33.0 34.5 34.7 34.8 34.4 34.3 35.1 34.9 35.2 38.4 43.7 43.9 43.3 43.4 42.9 43.3 42.4
53.7 53.6 53.5 53.4 53.1 52.7 52.5 52.1 52.7 52.9 50.9 46.7 44.6 43.8 43.0 42.4 41.9 43.1 42.4 40.6 38.5 37.1 36.4 35.5 34.5 32.9 32.0 30.1 28.2 30.3 31.6 32.0 32.9 34.2 33.8 35.3 35.4 34.9 35.1 34.3 34.8 35.7 35.4 38.0 43.0 43.4 43.5 42.1 43.3 43.2 42.2
53.7 53.6 53.4 53.2 52.8 52.5 52.1 51.5 52.3 51.7 46.4 42.5 42.4 42.3 42.2 42.0 41.5 40.5 39.7 38.6 37.5 36.7 36.1 35.3 34.4 32.9 31.9 29.8 29.4 31.9 32.1 33.0 34.9 34.9 35.4 35.5 35.8 35.7 35.2 34.9 35.1 35.3 36.2 38.4 41.0 43.7 44.2 43.6 43.5 43.2 42.2
53.7 53.6 53.4 53.0 52.6 52.3 51.2 51.5 51.4 49.5 45.1 42.8 42.7 42.7 42.4 42.0 40.9 40.7 39.1 37.7 36.9 36.3 35.7 34.8 35.3 33.1 31.1 30.3 30.9 32.0 33.1 35.2 35.2 34.3 35.4 35.9 35.8 36.0 35.8 36.8 35.8 36.9 39.2 39.5 43.2 44.2 44.1 43.8 43.6 43.2 42.4
53.7 53.5 53.3 52.9 52.4 52.0 51.0 50.0 49.2 48.3 45.5 43.9 43.7 43.3 42.5 42.0 41.4 40.2 37.8 37.0 36.5 36.2 36.1 35.3 35.5 32.6 30.7 31.0 31.9 32.7 33.5 35.6 35.6 34.5 35.7 36.5 36.2 36.1 35.8 37.2 36.4 37.9 40.5 40.8 43.4 43.7 43.5 43.4 43.7 43.3 42.3
53.7 53.5 53.3 52.7 52.2 51.5 50.5 47.4 46.4 45.6 44.1 43.3 43.1 42.6 41.7 40.9 40.3 39.5 37.6 36.7 36.2 36.0 35.9 35.1 33.9 32.1 30.9 31.8 32.6 34.0 33.5 34.5 35.8 34.5 34.8 37.3 37.2 36.6 36.5 35.3 36.1 37.8 41.0 43.7 43.8 44.1 43.7 43.7 44.2 43.8 43.0
53.7 53.6 53.2 52.5 51.9 51.1 49.9 45.9 43.4 42.4 41.9 42.2 42.3 41.7 40.9 39.8 38.5 37.6 37.1 36.6 36.5 36.2 35.8 34.7 33.4 32.0 31.4 32.2 32.7 34.3 34.1 34.7 34.6 34.9 36.8 37.4 38.3 37.9 37.4 36.8 37.7 39.5 40.3 43.2 44.1 45.0 44.0 44.1 44.6 44.2 43.2
53.7 53.6 53.2 52.4 51.6 50.7 49.5 44.6 43.4 43.0 43.2 42.1 42.1 41.5 42.1 39.9 38.6 38.1 37.9 37.4 37.1 36.7 35.9 34.3 32.9 31.6 32.0 32.7 33.2 33.9 35.9 35.7 34.6 36.4 37.7 37.4 38.0 37.9 37.4 36.9 37.5 40.7 41.2 43.3 44.7 45.0 44.7 44.8 44.8 44.5 44.0
53.7 53.7 53.1 52.2 51.4 50.3 49.3 45.3 43.6 42.9 43.3 42.1 42.1 41.2 42.0 39.9 39.0 38.9 39.1 39.1 38.8 37.2 35.0 33.0 32.2 31.7 32.9 32.8 33.6 34.6 34.9 34.7 34.5 36.0 38.3 37.9 38.6 38.2 37.2 36.8 37.9 40.2 42.0 44.5 44.6 45.0 44.6 44.8 44.8 44.5 44.3
53.8 53.7 53.1 52.1 51.2 50.1 49.2 45.0 42.4 42.2 40.7 40.3 40.2 41.4 41.4 39.9 39.5 39.6 39.9 39.9 39.0 36.7 33.8 32.6 32.4 33.2 34.1 33.8 34.7 35.3 35.0 34.3 34.8 36.4 38.4 38.2 38.7 37.9 37.0 37.5 39.2 40.5 41.7 44.5 44.6 44.9 44.4 44.8 44.8 44.7 44.8
53.8 53.7 53.0 51.9 51.0 49.8 48.0 44.3 42.1 41.8 39.0 38.2 38.0 40.5 40.2 39.9 39.9 41.0 40.9 39.2 36.8 34.0 32.2 32.7 33.2 34.3 34.6 35.0 36.0 35.7 35.4 34.8 35.6 36.3 37.5 38.2 38.4 38.1 37.4 37.2 39.2 40.0 41.7 43.4 44.5 44.8 44.3 44.7 44.7 44.7 45.0
53.8 53.6 52.9 51.8 51.1 49.7 45.6 43.3 40.2 40.0 39.1 37.7 38.1 40.4 40.0 40.1 40.2 41.4 40.4 38.2 35.3 32.9 32.4 33.7 34.5 35.3 37.0 36.1 36.2 36.0 34.9 35.1 35.2 37.4 38.8 39.0 38.9 38.3 37.6 37.7 39.5 39.7 40.9 43.3 43.9 44.7 43.7 44.2 44.2 44.3 44.8
53.8 53.4 52.7 51.8 51.1 49.6 48.2 42.5 38.7 38.8 38.7 37.9 38.5 39.5 40.1 40.2 41.7 44.6 45.3 41.1 35.9 33.3 33.8 34.9 35.7 36.0 37.9 37.0 36.3 35.7 34.9 35.6 35.5 37.5 38.4 38.4 38.1 37.7 37.7 38.4 39.1 40.3 40.7 42.0 42.7 44.6 44.1 44.1 43.6 43.7 43.6
53.8 53.3 52.6 51.9 51.3 49.8 48.5 42.3 39.9 38.7 38.4 39.2 38.8 39.1 39.7 40.7 47.3 51.4 52.1 49.0 43.7 37.4 35.4 36.3 36.7 36.7 37.0 36.7 36.1 35.1 35.1 34.8 36.2 37.9 37.4 38.9 38.5 38.4 38.7 38.5 40.0 40.3 40.6 42.0 42.4 44.2 44.1 43.9 43.3 42.5 44.7
53.7 53.2 52.5 52.0 51.7 50.2 48.5 42.4 41.0 40.3 39.9 40.1 39.4 40.2 40.0 45.8 52.4 53.4 53.4 51.9 48.0 42.4 38.0 37.0 37.0 37.0 37.4 37.2 35.4 34.3 34.8 35.0 36.2 37.8 37.9 38.9 38.6 38.3 39.1 39.3 40.3 40.0 40.1 41.8 42.0 43.1 44.0 43.4 43.3 43.6 44.5
53.5 53.0 52.4 52.1 51.9 50.6 48.7 41.1 41.2 41.9 41.6 41.4 41.0 40.6 43.6 50.5 53.8 53.1 53.3 53.0 49.9 44.1 39.7 37.6 37.1 37.3 38.0 37.3 35.2 33.9 34.8 35.5 36.2 38.1 37.9 39.6 39.4 38.8 39.5 39.5 39.9 41.4 39.9 40.3 41.3 42.1 43.7 43.5 43.4 42.9 44.4
53.4 53.0 52.4 52.2 52.1 51.2 45.5 40.0 40.5 42.8 42.5 41.6 40.8 41.8 48.6 52.8 54.3 53.8 53.8 54.1 49.7 44.2 40.1 37.9 38.1 37.9 38.2 37.5 35.8 34.7 35.4 35.9 36.5 38.4 38.7 40.4 39.7 39.3 39.2 39.2 39.4 41.2 40.0 40.5 40.7 41.0 42.8 43.0 43.0 43.5 44.2
53.4 52.9 52.4 52.3 52.2 51.5 45.6 41.8 40.9 40.8 41.3 39.7 41.5 44.9 50.5 53.6 54.7 54.2 54.1 54.1 49.9 44.9 41.5 39.1 38.7 38.5 37.9 37.5 36.3 35.0 35.7 36.7 38.4 38.4 40.2 40.3 39.7 39.8 39.6 39.5 40.4 41.2 40.9 40.2 40.7 40.7 42.2 42.4 42.8 43.0 43.5
53.3 52.9 52.4 52.5 52.4 51.8 45.5 43.0 42.3 41.1 40.8 40.4 42.3 45.3 50.9 54.4 55.1 54.4 54.3 53.8 50.0 45.1 41.9 39.9 38.7 37.8 38.1 37.9 36.3 35.5 36.2 37.0 38.5 39.3 39.9 39.9 40.1 40.2 40.3 39.9 41.2 41.5 40.4 39.5 39.8 40.7 41.8 41.3 42.1 42.1 42.4
53.3 52.8 52.5 52.6 52.4 51.9 45.6 43.4 42.9 43.1 41.9 41.5 41.9 44.7 50.5 55.4 55.6 54.4 55.0 54.4 49.8 45.1 42.1 40.1 38.8 38.1 38.5 37.5 37.4 37.4 37.3 38.3 39.7 40.2 40.7 40.2 40.4 40.4 40.6 40.6 42.2 41.6 41.0 40.6 40.9 40.0 40.5 40.7 41.2 41.5 41.6
53.3 52.8 52.5 52.6 52.5 52.1 45.3 42.8 42.7 44.3 42.5 40.3 41.7 43.8 50.2 55.7 55.8 54.7 54.8 54.1 49.1 44.9 42.3 40.5 39.2 39.3 39.0 38.3 39.0 37.6 37.5 38.6 41.4 40.6 40.8 41.1 41.0 41.6 41.0 41.2 42.6 42.2 41.0 40.6 40.6 39.8 40.2 40.4 40.7 40.9 40.9
53.2 52.8 52.5 52.6 52.5 52.4 45.3 42.7 42.6 43.1 40.5 40.4 41.6 45.4 52.3 55.3 55.2 54.7 54.5 53.9 49.4 45.5 43.4 41.7 40.2 40.3 39.7 39.1 39.9 38.0 38.4 39.6 42.3 42.0 42.1 41.7 41.9 42.0 40.9 41.5 43.0 41.9 41.4 41.0 40.3 39.3 40.2 40.7 40.3 40.4 40.4
53.2 52.8 52.4 52.5 52.5 52.1 45.6 43.1 43.0 41.8 41.8 44.5 46.8 48.3 53.6 55.0 55.7 55.1 54.4 53.4 48.6 45.9 44.6 43.2 41.7 41.7 41.4 40.8 40.5 38.9 38.9 39.7 42.2 42.1 42.5 42.6 42.6 41.9 41.5 41.5 43.4 41.4 41.5 41.1 40.1 39.8 40.5 40.1 40.1 40.0 39.9
53.2 52.7 52.3 52.4 52.7 51.5 45.9 43.7 43.8 45.5 47.2 49.4 51.2 52.0 54.3 55.2 55.0 54.9 54.4 52.9 49.1 47.1 46.3 45.4 44.2 44.9 43.5 41.8 41.0 39.8 39.6 40.1 41.7 42.6 42.9 42.9 42.8 42.3 42.3 42.9 43.7 42.1 42.5 41.0 40.3 40.0 40.7 40.1 40.0 40.3 39.4
53.2 52.6 52.2 52.4 51.7 50.3 46.3 44.2 46.8 49.7 50.3 51.2 51.3 52.2 55.0 55.2 55.1 54.9 54.5 52.5 50.1 49.2 49.5 48.7 47.7 47.2 46.4 43.1 41.4 40.1 40.2 40.6 42.3 42.7 42.9 42.9 42.1 42.5 42.5 43.1 43.6 43.1 42.3 41.0 39.9 40.8 41.1 40.2 40.4 40.2 39.4
53.2 52.6 52.2 52.5 50.9 50.5 47.6 46.3 49.7 51.2 51.9 51.5 50.3 51.3 55.0 55.4 54.8 55.0 54.7 52.1 50.9 50.7 51.3 50.8 50.3 48.9 47.6 44.5 41.3 40.4 41.4 42.4 42.5 43.1 43.2 43.1 42.6 42.6 42.7 43.4 43.2 43.5 41.7 41.5 40.5 41.5 41.1 40.3 40.1 39.8 39.3
53.2 52.6 52.1 52.3 49.2 49.7 48.8 48.1 50.9 52.8 52.4 51.3 49.8 50.7 54.7 54.7 54.7 55.1 54.8 52.1 51.5 51.7 52.5 52.3 52.1 50.8 48.7 44.7 41.5 41.2 42.1 43.4 43.4 43.2 42.9 42.9 42.7 43.1 43.4 43.7 42.6 43.8 42.3 41.5 42.1 41.8 41.9 40.7 40.4 40.1 39.6
53.3 52.7 52.1 52.1 50.8 49.2 49.4 48.8 51.0 52.6 52.5 51.3 49.3 50.9 54.8 55.0 54.5 54.9 54.7 52.3 52.0 52.9 53.3 53.1 53.0 51.7 49.1 43.8 41.9 42.4 42.9 43.4 43.5 43.0 43.1 43.1 43.4 43.1 43.6 44.0 43.1 44.0 43.0 41.2 42.0 41.6 42.2 41.1 40.8 40.5 39.9
53.4 52.8 52.3 52.2 51.0 49.4 49.8 49.7 51.0 52.2 53.1 51.6 49.2 52.0 55.0 54.6 54.5 54.8 54.5 52.3 52.6 53.4 53.6 53.9 53.5 52.3 49.1 43.6 42.5 42.5 43.0 43.3 43.5 43.4 43.3 43.4 43.6 43.4 43.9 44.1 43.5 44.0 43.0 42.2 42.3 42.4 43.1 41.7 41.2 40.9 40.4
53.5 53.1 52.6 52.4 51.5 48.4 49.3 50.0 50.7 52.5 54.1 52.8 50.5 53.5 54.9 54.3 54.3 54.7 53.9 51.9 52.9 53.8 54.1 54.2 54.2 53.0 49.0 43.8 42.9 41.9 42.5 42.7 43.5 43.4 43.3 43.5 43.6 44.0 44.1 44.0 43.6 44.0 43.1 42.6 42.5 42.6 43.3 42.1 41.3 41.0 40.9
53.5 53.4 53.0 52.7 52.0 51.5 49.5 50.2 49.7 51.8 54.3 54.2 54.2 55.0 53.9 53.8 54.2 54.3 53.0 52.0 52.2 54.1 54.3 54.1 54.6 53.3 48.1 43.7 43.7 42.5 43.9 43.8 43.2 43.9 43.6 43.5 43.7 44.2 44.2 44.0 43.5 44.1 43.2 43.0 42.9 42.6 43.0 42.0 42.3 42.0 41.4
53.5 53.5 53.2 53.0 52.6 51.7 49.4 49.2 50.0 52.8 54.3 55.1 55.2 54.1 53.3 53.4 53.9 53.7 52.5 52.0 51.9 53.9 54.3 54.5 55.2 53.2 47.5 43.7 44.0 43.9 44.1 44.2 43.8 44.5 44.5 43.8 43.3 44.3 44.2 44.0 43.4 44.1 42.9 42.9 43.9 43.8 42.8 42.4 41.9 42.5 41.9
53.5 53.5 53.3 53.1 52.9 52.3 51.9 51.2 51.8 53.5 53.6 54.1 53.5 52.7 51.4 53.0 53.5 53.2 52.2 52.0 51.4 53.8 54.4 54.5 55.0 53.3 48.9 45.2 43.7 43.4 44.2 44.3 44.1 44.7 44.8 44.6 44.6 44.3 44.2 44.1 43.5 44.2 44.0 43.6 44.0 43.8 43.2 42.8 42.8 43.0 42.3
53.4 53.4 53.2 53.1 52.6 52.6 52.5 51.8 53.0 52.7 52.7 52.4 52.2 52.3 52.5 52.8 53.1 52.9 52.4 51.8 52.2 54.0 54.5 54.5 54.8 54.0 51.4 48.7 45.1 42.4 43.4 43.3 43.7 44.1 44.5 43.8 44.8 44.3 44.1 44.0 44.3 44.4 44.3 44.8 45.3 43.7 43.6 43.2 43.6 43.3 42.6
53.4 53.4 53.3 53.1 52.9 52.8 52.8 52.5 52.4 52.5 52.4 51.1 51.5 51.7 52.1 52.5 52.9 53.0 52.2 53.0 53.9 54.8 54.6 54.5 55.0 54.8 53.7 52.4 49.7 44.1 42.5 42.1 43.7 44.2 44.7 44.1 44.8 44.4 44.2 44.2 43.6 45.1 44.7 45.1 45.0 43.8 43.7 44.0 44.1 43.8 43.0
53.4 53.3 53.3 53.2 53.1 53.0 52.9 52.8 52.9 52.9 52.8 53.0 52.1 52.5 52.5 52.5 52.8 52.6 53.0 53.8 53.8 54.1 54.6 54.9 55.4 55.7 55.7 55.5 54.5 52.8 43.8 42.8 43.8 44.3 44.9 44.9 44.3 43.8 44.8 44.5 43.8 45.2 45.8 47.1 47.7 45.8 44.1 44.3 44.5 44.2 43.4
53.4 53.3 53.3 53.2 53.2 53.2 53.1 53.2 53.1 53.1 53.1 53.1 52.3 53.1 52.9 52.7 53.0 52.8 53.1 53.7 54.0 54.6 55.4 55.4 55.9 56.4 56.7 57.0 57.7 52.6 44.7 44.3 44.0 44.8 45.0 45.3 44.6 44.7 43.9 45.4 45.4 46.5 46.1 47.5 47.5 44.7 43.6 44.6 45.0 44.8 43.9
53.3 53.3 53.3 53.3 53.2 53.2 53.2 53.1 53.1 53.2 53.1 53.1 52.8 53.4 53.2 53.0 53.1 53.4 53.6 53.9 54.4 55.2 52.5 53.1 55.7 56.4 56.7 56.9 57.9 54.0 45.8 44.7 44.6 45.3 45.3 45.5 44.9 44.8 43.3 46.3 45.7 46.5 46.5 47.8 46.7 44.2 44.6 45.2 45.5 45.4 44.6
53.3 53.3 53.3 53.3 53.2 53.2 53.2 53.1 53.1 53.1 53.1 53.0 53.0 52.8 53.0 53.3 52.7 53.4 52.0 54.7 55.5 57.0 56.6 56.4 57.0 58.0 58.3 58.4 58.6 53.0 45.2 44.6 44.8 45.3 46.0 45.8 46.4 45.2 45.9 46.6 46.3 46.5 47.4 47.7 46.3 46.2 46.4 46.4 46.0 45.9 45.3
53.3 53.3 53.3 53.2 53.2 53.1 53.1 53.0 53.0 53.0 52.9 52.9 52.8 52.6 53.0 53.5 53.2 54.0 55.0 55.6 58.3 58.2 57.7 58.1 58.5 58.8 58.4 58.5 56.6 48.5 44.9 44.5 45.0 45.8 46.4 46.5 46.0 47.0 46.7 47.1 46.0 47.1 47.9 47.7 46.1 46.0 46.8 47.9 46.5 46.4 46.2
53.3 53.3 53.3 53.2 53.1 53.0 53.0 52.9 52.8 52.8 52.7 52.7 52.7 52.5 53.2 53.7 52.9 54.2 55.1 56.0 57.8 58.0 58.8 58.8 58.1 57.5 55.6 52.6 49.4 45.1 45.0 44.9 45.5 45.8 46.1 46.7 46.6 46.3 47.2 48.1 46.6 48.1 47.6 47.2 46.7 47.5 46.1 48.0 46.5 47.0 46.9
53.3 53.3 53.3 53.1 53.0 52.9 52.8 52.7 52.7 52.7 52.6 52.6 52.6 52.2 53.3 53.9 54.7 55.6 56.4 57.4 58.8 57.9 58.3 58.1 56.9 55.8 52.5 48.1 46.2 45.5 45.3 45.3 45.8 45.4 46.3 46.9 46.9 48.1 47.9 48.8 47.5 48.6 47.4 48.7 51.2 48.5 47.2 47.4 47.5 47.5 47.4
53.3 53.3 53.2 53.0 52.9 52.8 52.6 52.6 52.7 52.5 52.6 52.8 52.7 53.5 54.3 55.5 56.7 57.5 58.1 59.0 60.1 59.2 58.5 57.0 55.5 53.6 50.1 46.6 45.0 45.5 45.2 45.5 46.0 45.8 46.5 46.6 46.3 47.0 48.5 49.4 49.0 49.2 48.3 49.5 48.6 48.2 47.5 48.0 51.5 48.0 47.8
53.3 53.3 53.2 52.9 52.7 52.6 52.3 52.7 52.3 52.6 53.9 54.7 53.6 54.7 56.0 57.6 58.9 58.9 59.0 59.5 60.2 59.7 58.7 56.2 54.1 52.2 49.3 46.1 45.0 45.4 45.1 45.8 46.3 46.0 46.5 46.2 46.8 47.3 49.0 48.7 49.5 48.7 48.9 50.2 49.8 48.6 48.0 48.5 48.5 48.5 48.3
53.3 53.3 53.1 52.7 52.6 52.3 52.3 52.6 51.9 55.0 57.5 57.5 56.0 56.3 57.6 59.2 58.5 54.7 52.7 52.2 52.8 56.8 56.4 53.9 52.3 51.4 48.8 46.1 45.0 45.1 45.4 46.3 46.7 47.2 47.1 47.0 48.2 48.0 48.0 48.5 48.8 49.9 49.9 50.2 50.2 48.8 48.6 49.1 49.1 49.1 48.8
53.2 53.2 53.0 52.5 52.4 52.1 52.5 52.2 52.6 56.8 58.6 59.5 57.7 57.5 58.2 59.1 56.7 50.7 50.4 51.8 51.4 51.8 52.6 52.1 51.6 51.3 48.0 45.8 44.6 44.4 45.5 46.4 47.0 47.5 47.2 48.1 48.7 48.6 49.7 47.7 49.2 50.8 50.8 50.9 49.7 49.2 49.5 49.8 49.7 49.7 49.4
53.1 53.1 52.9 52.4 52.3 52.0 52.5 51.9 54.1 58.4 58.7 59.1 58.7 58.4 59.0 59.8 55.1 50.3 51.9 53.9 54.8 55.3 54.2 53.1 52.5 51.7 47.2 45.6 44.7 44.7 46.0 46.6 47.5 48.1 47.8 49.2 49.3 49.5 48.1 47.3 49.3 51.3 51.4 51.4 50.2 49.9 50.5 50.5 50.3 50.0 50.0
53.0 53.0 52.8 52.3 52.2 52.0 52.4 52.0 57.3 59.4 58.6 58.7 59.8 59.4 59.2 59.6 54.0 49.0 50.0 52.1 56.4 56.1 55.0 53.8 52.9 52.0 46.4 45.1 44.4 44.2 45.7 46.7 47.9 48.8 49.1 50.2 50.8 50.5 49.1 46.2 46.5 52.1 52.3 52.2 51.1 51.3 51.3 51.1 50.9 50.5 50.5
52.9 52.9 52.7 52.2 52.1 52.0 52.3 52.3 57.9 59.9 59.7 59.8 60.2 59.9 59.4 58.7 54.1 51.4 52.5 53.4 55.9 56.7 55.8 54.6 53.9 52.3 46.5 44.7 44.5 45.3 46.3 47.1 48.4 49.4 49.9 50.5 51.8 51.4 50.1 49.1 47.7 51.6 52.3 52.3 51.7 51.8 51.8 51.5 51.4 51.2 50.8
52.7 52.7 52.6 52.2 52.1 51.9 52.2 52.6 58.6 60.7 61.2 60.9 61.2 60.5 59.5 54.0 52.5 53.7 54.2 54.5 54.8 57.5 56.7 55.6 54.6 53.3 48.8 45.1 45.2 45.9 46.9 47.7 48.8 49.4 51.0 51.2 52.5 52.1 51.0 49.8 50.6 52.1 52.1 52.4 52.5 52.6 51.8 51.8 51.8 51.4 51.2
52.6 52.6 52.5 52.2 52.0 51.9 52.1 52.9 59.3 61.5 62.3 62.2 60.5 59.5 56.9 53.6 54.5 55.1 54.7 54.8 55.3 58.0 57.1 55.9 54.9 53.1 50.2 46.0 45.6 46.4 47.6 48.5 48.9 49.4 50.3 51.4 52.8 52.7 52.4 50.8 51.4 52.5 52.6 53.6 53.5 53.4 51.6 52.2 52.2 51.8 51.6
52.5 52.5 52.4 52.2 51.9 51.9 52.1 53.4 60.3 62.2 62.4 61.9 60.6 58.8 57.4 55.0 55.4 55.7 55.1 54.8 55.4 58.2 57.1 55.6 54.0 52.2 49.2 46.6 46.8 47.3 48.2 49.2 49.5 49.9 50.6 51.4 53.0 53.0 53.0 52.0 52.4 52.9 53.1 54.2 54.0 53.0 52.0 52.7 52.4 52.3 52.0
52.4 52.4 52.3 52.2 51.8 51.9 52.2 53.9 60.2 61.5 61.4 60.9 60.3 59.3 58.8 56.2 55.9 56.0 55.7 54.9 55.5 58.3 57.2 55.4 53.7 52.2 50.2 48.3 48.1 48.3 48.9 49.7 49.9 50.3 51.4 52.5 53.2 53.4 53.1 52.9 53.1 53.3 54.2 54.8 54.2 53.4 53.1 53.3 52.9 52.7 52.8
52.3 52.3 52.2 52.1 51.8 52.0 52.5 55.4 59.4 60.3 60.0 59.8 59.2 58.7 58.6 56.1 55.8 56.3 55.8 55.1 56.5 58.1 57.6 55.8 54.1 52.9 51.6 49.9 49.1 48.9 49.3 49.5 49.8 51.0 51.7 53.1 53.5 53.3 53.6 53.7 53.5 54.1 54.8 55.3 54.1 53.4 54.1 53.9 53.6 53.0 52.6
52.3 52.3 52.1 51.9 51.8 52.1 52.6 52.8 58.0 58.8 59.1 58.7 57.8 57.7 56.0 55.4 55.4 55.5 55.2 55.1 55.0 57.6 57.3 56.2 54.9 53.7 52.3 51.0 50.1 49.0 49.1 49.9 50.2 50.8 51.9 53.0 53.5 53.8 54.5 54.3 53.1 53.2 55.4 55.6 54.1 55.2 54.9 54.3 53.9 53.2 52.8
52.2 52.2 52.1 51.9 51.9 52.2 52.7 53.6 56.6 57.6 58.0 57.6 57.2 57.4 57.1 55.0 54.9 55.3 55.4 55.3 55.2 57.3 57.1 56.4 55.5 54.4 53.1 52.0 50.3 50.1 51.0 49.5 51.1 51.2 52.2 53.8 54.2 54.6 54.5 54.9 54.0 54.3 54.9 55.3 55.8 55.7 55.3 54.8 54.3 53.5 53.0
52.2 52.2 52.1 52.0 51.9 52.2 52.8 53.3 53.9 56.1 56.8 56.9 56.7 56.9 56.5 54.8 55.2 56.4 55.6 55.6 56.0 57.3 57.3 56.9 56.1 55.1 53.9 52.8 51.3 50.7 50.2 50.7 51.5 52.9 53.4 53.9 54.4 54.8 54.9 54.3 54.8 55.1 55.5 55.6 56.4 56.2 55.8 55.3 54.7 53.9 53.3
52.2 52.2 52.2 52.2 52.0 51.7 51.5 51.9 53.0 54.2 56.2 56.3 56.0 55.9 54.3 54.4 54.5 55.4 55.6 56.0 56.4 57.7 57.9 57.8 57.1 56.1 53.7 52.3 51.7 51.1 51.0 51.4 52.6 53.3 53.7 54.0 54.2 54.1 55.1 53.8 55.6 56.1 56.7 57.0 57.4 56.9 56.4 55.8 55.2 54.4 53.7
52.2 52.3 52.2 52.3 52.0 51.5 50.6 50.9 52.5 54.0 55.9 56.0 55.5 54.1 53.8 54.1 55.4 55.8 55.5 55.9 57.3 58.0 58.3 58.3 57.9 56.7 54.8 53.1 51.9 51.2 51.2 51.6 52.0 53.1 53.5 53.8 53.8 54.6 53.2 54.4 56.2 57.0 57.4 57.4 57.3 57.1 56.8 56.2 55.6 54.9 54.0
52.2 52.3 52.2 52.3 52.0 51.5 50.7 51.0 52.6 54.0 55.7 55.9 55.1 53.9 54.7 54.7 55.0 55.7 55.9 56.3 57.0 58.1 58.3 58.2 57.2 56.2 54.8 53.6 51.9 51.3 51.4 51.7 52.3 54.0 54.2 54.9 54.8 55.1 55.6 56.2 56.9 57.1 57.5 57.5 57.3 57.0 56.9 56.4 55.7 55.0 54.2
