---
Sfc. Heating [W/m~S~2~N~] Valid 1300 PST ~Z75~(2100Z)~Z~ MON 22 May 2017 ~Z75~[21hrFcst@1239z]~Z~
Model= RASP Region= PANOCHE Grid= d2 Reskm= 4.0 Indexs= 1 51 1 69 Proj= lambert 4000 4000 40.0000 40.0000 -73.0000 36.6487 -121.0445
Day= 2017 5 22 MON ValidLST= 1300 PST ValidZ= 2100 Fcst= 21.0 Init= 12 Param= sfcshf Unit= W/m2 Mult= 1 Min= -24 Max= 478
-2 -2 -2 -2 -1 0 0 -1 -5 -11 291 357 346 322 322 296 247 243 286 233 288 227 279 277 276 292 313 283 302 305 317 327 334 339 344 352 424 382 389 390 426 432 416 416 414 411 437 298 261 271 329
-3 -3 -2 -2 -1 0 0 -1 -6 -10 -15 368 352 326 306 300 295 291 286 232 288 283 280 217 280 292 315 336 301 317 329 327 372 336 341 351 354 417 391 390 426 423 436 416 413 409 408 252 259 269 328
-3 -3 -2 -1 0 -1 -1 -2 -6 -9 -13 377 357 328 295 305 298 292 238 279 290 286 224 225 273 295 317 337 303 318 330 327 335 336 343 346 323 345 435 390 427 425 421 418 415 410 403 289 256 267 279
-4 -4 -2 0 1 -1 -3 -4 -5 -6 -11 414 360 329 313 311 253 245 237 298 295 231 293 294 297 303 321 340 358 319 331 331 335 335 343 345 351 345 429 427 444 443 422 417 415 411 239 240 253 265 278
-4 -4 -3 0 0 -1 -1 -1 0 -1 431 369 354 324 295 318 309 245 235 232 299 299 299 303 308 313 326 346 362 323 335 399 338 341 345 345 352 399 435 429 431 430 425 438 419 440 283 240 253 265 325
-4 -4 -3 1 0 0 -1 -1 1 460 390 363 350 339 306 296 303 294 235 230 234 304 305 310 317 324 315 418 348 328 325 401 341 342 318 343 348 400 444 433 437 446 464 430 428 430 290 287 254 266 325
-4 -4 -3 0 0 0 -1 0 1 427 397 377 345 332 297 287 281 289 232 230 301 308 311 317 327 332 323 349 352 367 342 338 343 344 341 344 348 403 446 439 439 437 438 438 438 478 254 252 256 267 277
-4 -4 -2 0 0 0 -1 1 403 420 392 374 342 304 292 280 288 282 275 229 304 313 316 325 334 340 345 288 355 373 349 420 348 344 343 348 352 316 445 444 443 436 438 443 443 302 256 257 259 269 279
-4 -4 -2 0 0 -1 0 0 2 432 389 370 315 320 311 285 284 296 293 298 307 316 321 332 340 347 351 344 368 412 355 350 348 345 346 349 345 306 372 362 440 435 432 267 263 261 303 262 264 320 281
-3 -4 -2 0 -1 -1 -1 0 2 431 384 345 326 288 284 283 299 287 291 299 309 318 324 337 346 354 342 357 408 350 365 345 338 337 341 310 304 296 374 351 346 432 431 436 264 262 307 265 317 277 335
-3 -3 -2 -1 -2 -1 -1 1 374 411 354 361 308 277 275 280 271 219 270 299 309 318 328 344 353 360 349 371 393 353 350 337 330 325 333 299 292 315 285 339 336 332 428 437 264 307 311 349 276 284 342
-3 -3 -3 -3 -3 -1 -1 -1 352 391 342 324 294 267 270 276 268 289 289 298 309 321 335 352 357 365 354 382 397 337 329 324 287 286 287 285 281 277 275 327 325 364 423 433 457 307 268 272 280 291 350
-3 -3 -4 -4 -4 -1 -2 348 388 367 320 299 269 260 268 272 267 229 269 298 311 326 339 351 264 338 374 379 391 331 316 277 275 307 299 272 296 266 262 261 311 312 316 425 303 263 268 275 284 296 308
-2 -3 -5 -6 -5 -3 -7 320 418 337 338 298 277 265 287 266 227 231 300 299 313 325 332 340 256 331 360 378 369 316 304 263 260 294 286 262 317 282 413 251 298 301 307 406 298 304 312 322 287 295 338
-2 -3 -6 -7 -7 -6 -8 382 368 332 332 319 276 264 284 262 227 227 288 297 308 319 327 332 322 323 358 363 359 289 295 291 251 290 338 254 249 291 291 336 340 407 298 247 292 300 309 310 265 260 252
-2 -3 -6 -8 -9 -10 -8 372 373 328 327 287 270 260 254 255 263 270 273 292 302 313 323 326 319 316 352 356 353 288 292 285 284 288 273 288 239 279 276 317 324 280 346 278 284 247 286 285 241 235 261
-2 -3 -7 -9 -10 -11 -9 367 289 250 218 286 265 250 197 258 270 273 270 287 296 307 317 321 315 334 342 347 354 355 277 261 282 267 265 307 271 268 266 347 306 271 336 286 236 235 232 227 221 213 202
-2 -3 -7 -9 -10 -10 -7 323 258 219 217 279 258 261 195 263 272 271 265 283 291 301 309 315 315 331 334 344 348 346 334 336 343 347 261 299 262 258 256 294 306 322 334 231 228 225 221 213 204 195 183
-2 -3 -7 -9 -8 -8 -4 286 252 215 291 270 250 199 207 266 269 263 256 277 286 297 304 295 313 305 306 339 341 332 328 339 351 347 257 290 257 283 289 297 309 328 334 228 224 218 212 202 191 180 167
-2 -3 -7 -7 -5 -7 267 323 249 208 278 249 262 199 252 268 263 214 222 274 284 292 300 292 307 303 324 331 333 323 303 315 316 346 300 261 258 285 290 299 313 334 281 261 221 214 205 194 181 168 154
-1 -2 -7 -5 -4 -7 299 328 330 229 197 241 238 199 254 265 252 210 246 272 282 288 296 287 300 302 232 327 326 393 345 316 371 294 269 261 259 303 294 303 318 340 288 228 220 212 228 212 194 176 158
-1 -2 -6 -4 -3 -5 -5 328 370 227 195 238 237 243 256 254 214 183 198 271 280 284 276 283 296 300 229 300 399 414 352 323 370 265 268 261 261 259 260 308 323 283 238 268 255 211 198 183 186 165 187
-1 -1 -5 -3 -2 -3 -3 325 325 263 254 195 238 246 255 246 209 180 196 271 278 280 271 278 294 303 299 393 411 354 330 379 360 263 324 265 263 262 306 316 276 284 240 239 227 212 197 180 180 223 123
0 0 -5 -3 -1 -1 -2 288 292 265 221 212 240 205 251 249 203 208 258 268 275 277 267 281 303 312 302 392 405 350 365 374 363 268 282 267 264 297 305 321 281 289 242 247 233 247 199 202 176 152 131
0 1 -4 -3 -1 -1 -3 289 260 206 217 237 241 209 247 246 198 305 255 265 210 264 271 288 311 312 296 306 301 373 380 373 374 275 329 269 267 302 310 328 346 241 284 294 242 222 202 181 179 198 146
1 1 -4 -3 -1 -1 288 327 261 186 242 290 292 266 244 243 198 274 258 203 260 268 278 292 270 309 290 311 322 371 369 374 382 277 329 270 303 309 318 336 357 295 289 257 296 230 210 192 196 179 164
2 2 -4 -3 -3 -2 290 290 289 281 260 314 197 244 240 240 197 232 255 204 265 274 283 289 262 270 295 316 316 364 370 376 283 337 275 270 383 424 329 347 296 288 253 259 265 240 220 204 189 196 182
2 3 -4 -3 -5 -3 326 290 278 274 250 183 214 243 234 251 195 231 256 253 267 276 285 291 303 313 303 318 347 365 371 372 293 311 274 273 287 325 339 360 281 287 292 299 305 249 229 243 201 211 199
3 3 -4 -4 -6 -3 293 292 265 249 207 193 240 237 233 196 196 301 196 209 267 277 289 297 309 316 307 349 350 358 369 366 286 312 277 310 279 329 338 353 243 283 250 256 260 302 273 255 240 227 215
3 4 -4 -4 -7 -3 317 322 300 177 173 245 226 232 240 161 193 231 198 213 271 279 291 299 310 313 311 321 278 354 364 363 244 314 309 278 277 279 330 345 240 244 247 293 297 307 285 267 253 241 232
4 5 -4 -5 -6 -1 318 323 302 256 295 213 227 195 204 194 297 233 206 206 232 283 290 300 311 300 319 322 273 356 367 371 249 285 278 319 274 275 363 398 238 241 245 290 295 305 296 242 266 256 248
4 6 -5 -5 -5 289 319 321 301 304 315 285 205 206 212 318 199 196 215 216 285 284 287 305 311 310 281 272 266 350 368 376 252 284 276 272 271 310 360 372 237 273 278 287 292 301 306 288 278 270 265
4 7 -6 -8 -6 292 319 319 301 310 316 286 215 187 226 326 250 208 224 238 287 284 287 306 306 278 274 266 265 320 368 377 331 285 274 269 268 305 313 279 234 269 241 282 252 299 306 298 290 248 318
3 7 -6 -8 351 313 319 320 299 257 297 216 206 232 206 336 226 226 236 243 243 288 288 304 299 275 273 276 279 337 364 369 296 283 273 267 347 301 306 273 230 264 238 278 288 296 304 306 261 259 334
2 7 -6 -7 280 284 318 315 288 296 191 180 205 233 207 230 240 237 245 248 245 287 286 293 254 265 273 286 280 338 331 315 313 278 270 265 294 295 300 267 226 260 268 241 284 292 301 313 309 307 343
1 6 -5 -6 355 312 315 309 279 176 207 191 203 233 240 353 248 247 250 251 240 277 273 284 251 255 269 285 282 295 283 260 257 276 298 294 291 258 260 262 265 256 264 237 244 286 258 311 310 307 342
0 4 -5 -3 -2 318 314 310 282 208 253 217 206 238 249 291 257 254 249 251 233 259 266 276 250 252 264 277 279 281 271 261 256 300 295 291 258 253 255 257 261 251 229 267 276 282 254 303 307 305 341
-1 3 -4 -2 -3 321 313 310 232 255 261 239 204 230 245 305 258 257 246 244 222 259 258 231 248 254 237 262 273 278 267 259 255 273 291 286 254 249 249 251 256 246 226 233 273 242 248 296 302 300 394
-1 2 -3 -2 -4 313 315 308 232 213 207 224 236 240 251 255 262 254 245 233 212 250 255 230 244 248 262 263 267 294 280 273 251 268 287 280 277 246 243 250 256 249 226 233 271 241 245 287 353 353 390
0 1 -2 -2 -3 -4 250 209 272 277 227 221 247 262 361 266 267 250 269 193 283 246 252 267 281 246 259 245 257 284 249 245 294 261 281 275 275 248 249 254 260 254 228 234 272 277 279 338 294 297 327
0 0 -2 -1 -1 -3 318 280 276 291 253 241 249 264 238 276 277 253 224 210 281 245 249 261 240 244 254 241 250 249 243 240 287 254 250 278 316 251 254 260 267 261 267 273 240 242 336 334 393 292 380
1 0 -1 -1 0 -1 -1 358 325 295 343 244 277 379 380 284 285 296 250 210 280 262 247 258 242 248 251 258 242 289 237 236 274 250 248 249 251 255 260 269 275 268 237 279 282 282 337 333 334 287 376
1 0 -1 0 0 0 1 400 282 -4 354 308 306 302 356 294 293 276 230 277 273 259 262 255 240 252 250 256 243 301 270 272 279 275 276 318 253 259 267 278 235 277 242 245 248 347 343 336 287 286 314
1 0 0 0 0 0 1 2 4 -1 1 469 363 424 373 293 288 285 308 252 244 218 259 264 227 245 239 247 237 297 297 305 272 271 275 321 256 263 274 271 283 247 248 290 359 351 350 292 291 288 374
1 0 0 0 0 0 1 1 1 0 -2 2 450 423 317 307 295 339 291 263 283 279 271 255 211 227 223 231 228 -7 285 297 264 266 273 281 294 312 230 279 296 255 209 209 209 298 303 297 294 290 377
0 0 0 0 0 0 1 0 0 -1 0 -3 2 394 325 309 294 341 326 294 292 279 238 239 207 215 208 214 214 245 276 253 256 233 271 281 296 264 269 245 213 195 218 217 215 303 307 300 296 286 305
0 0 0 0 0 0 0 0 0 -1 0 -3 2 365 326 310 287 278 303 312 298 273 -24 -18 216 207 195 200 206 206 236 239 250 228 264 278 296 266 335 201 217 203 228 226 223 308 298 293 283 273 292
0 0 0 0 0 0 0 0 0 0 -1 -1 -3 0 348 294 325 281 -21 268 286 195 192 201 203 195 186 191 202 208 206 233 244 249 230 272 220 263 187 203 195 212 211 233 220 210 248 238 263 253 279
0 0 0 0 0 0 0 0 0 0 -1 -1 -4 2 379 316 316 348 286 187 146 163 173 208 190 185 181 185 197 205 202 226 236 242 224 236 243 170 168 203 220 205 205 221 258 290 240 162 251 248 267
0 0 0 0 1 1 0 0 0 -1 -2 -1 -4 2 349 330 335 338 258 165 144 145 183 201 183 179 178 183 192 196 195 183 183 232 245 230 211 216 162 173 204 191 227 299 291 281 327 172 293 234 260
0 -1 0 1 2 1 1 1 -1 -1 -1 -1 -4 3 376 380 325 314 221 151 140 177 159 205 182 175 176 180 185 188 184 179 174 252 237 224 207 146 155 164 192 204 259 248 -2 233 259 255 239 228 255
-1 -1 0 2 2 1 2 0 -2 3 -8 -12 -4 345 368 317 297 268 217 144 139 146 161 234 177 171 175 176 177 181 179 174 170 224 212 222 233 204 149 156 162 191 241 239 266 259 250 241 -20 221 247
-1 -1 0 2 3 2 3 -3 2 -4 455 369 371 341 322 287 263 234 176 142 140 148 161 207 176 169 173 174 175 180 180 183 182 230 213 248 231 200 143 211 171 262 270 233 225 254 242 233 222 211 237
-1 -1 0 3 3 3 2 -4 9 332 333 295 282 298 287 268 249 216 173 141 141 150 169 182 180 169 172 179 187 191 188 191 193 195 218 251 192 198 202 205 244 253 259 265 218 245 236 225 214 203 228
-1 -1 0 4 3 3 0 1 -6 372 300 209 273 273 266 263 227 216 173 141 172 183 169 183 216 173 175 187 200 201 197 201 203 204 252 226 191 196 139 231 237 244 248 254 251 241 230 225 214 197 221
-1 -1 1 3 2 3 -1 4 -16 335 278 263 264 254 238 234 222 182 146 141 176 151 166 188 192 177 178 188 202 207 210 210 212 214 295 230 220 196 228 229 198 238 242 244 245 241 225 221 210 228 218
0 0 1 3 2 2 -1 4 362 298 267 252 225 223 234 226 215 277 271 248 145 158 174 196 198 179 178 188 201 209 215 222 219 221 263 234 197 199 231 295 293 201 201 203 210 201 226 217 209 230 221
0 0 1 2 1 2 -1 2 354 297 265 226 222 218 225 187 156 287 254 241 172 159 180 200 182 179 182 193 206 214 226 235 229 229 271 273 202 203 235 237 303 235 199 199 199 227 218 215 209 201 223
1 0 2 1 2 2 0 1 346 295 246 226 164 170 218 257 279 256 237 228 233 154 180 200 199 181 188 202 215 225 235 242 234 280 245 283 208 208 241 239 237 235 228 224 193 223 220 213 207 230 223
1 1 2 1 2 2 0 0 344 296 221 172 164 174 206 248 254 243 235 227 229 153 179 200 202 185 193 207 222 233 238 235 284 327 335 301 216 214 213 238 229 223 218 186 186 187 216 209 204 228 222
1 1 2 1 2 2 2 -4 305 251 226 190 167 175 171 259 243 240 236 227 231 156 181 200 207 195 195 207 225 235 239 235 285 334 348 319 221 209 200 222 215 209 206 178 178 205 206 205 229 226 220
1 1 2 1 3 2 3 -8 294 251 225 204 180 175 168 239 236 238 229 231 237 159 180 195 205 204 196 213 226 237 236 237 289 340 293 242 204 194 213 206 200 196 170 170 171 200 204 201 226 223 167
1 1 2 2 3 3 2 313 290 252 230 211 193 180 113 223 225 223 237 252 194 159 161 187 197 200 204 217 227 236 235 278 313 271 266 194 186 202 196 190 184 158 159 161 183 240 195 196 194 220 224
2 1 3 3 4 3 0 3 252 256 223 213 225 196 227 226 209 234 -17 247 250 158 170 179 187 196 205 215 221 293 267 261 290 286 244 197 189 182 158 173 234 232 148 152 225 181 187 191 188 215 220
2 1 3 4 4 2 -2 -1 256 210 183 187 207 193 168 237 212 220 -18 238 243 158 167 173 180 190 201 207 276 279 205 293 239 264 225 159 151 145 158 156 215 215 190 184 166 170 176 183 184 211 216
2 2 3 3 4 1 -3 -2 -5 230 193 217 211 194 169 252 209 197 234 237 217 160 165 170 175 183 191 198 265 266 285 260 224 157 150 143 135 128 140 195 195 197 200 206 154 159 166 174 179 205 210
2 2 2 3 3 4 2 2 -5 -8 196 213 202 186 245 295 310 267 243 219 219 167 169 170 167 171 249 274 255 256 254 219 154 147 139 130 121 126 112 224 175 179 173 162 131 149 156 164 169 201 207
2 2 2 2 2 7 8 10 -3 -8 191 213 201 223 286 262 -5 -5 244 219 161 167 188 165 144 162 230 243 247 247 244 210 202 172 161 150 136 106 182 188 153 148 141 148 155 139 147 158 169 172 198
2 2 2 1 1 5 7 9 -5 -9 238 217 210 292 -11 -2 -4 -3 -7 209 199 163 162 157 213 216 220 172 243 241 237 202 194 137 173 116 105 99 101 125 130 136 119 124 150 137 144 154 164 169 195
