---
Sfc. Heating [W/m~S~2~N~] Valid 1000 PST ~Z75~(1800Z)~Z~ MON 22 May 2017 ~Z75~[18hrFcst@1232z]~Z~
Model= RASP Region= PANOCHE Grid= d2 Reskm= 4.0 Indexs= 1 51 1 69 Proj= lambert 4000 4000 40.0000 40.0000 -73.0000 36.6487 -121.0445
Day= 2017 5 22 MON ValidLST= 1000 PST ValidZ= 1800 Fcst= 18.0 Init= 12 Param= sfcshf Unit= W/m2 Mult= 1 Min= -12 Max= 395
-2 -2 -2 -2 -1 0 0 0 -2 -8 222 293 268 234 226 201 158 155 193 154 214 168 219 221 225 241 261 230 246 245 255 266 270 276 279 282 350 319 329 328 357 358 344 343 342 338 355 237 217 226 263
-3 -2 -2 -2 -1 0 0 0 -3 -7 -12 302 273 236 211 202 198 196 194 155 215 217 219 162 228 242 263 280 246 259 269 266 308 274 277 282 285 350 330 329 358 352 361 344 340 334 328 207 213 222 261
-3 -3 -2 -1 0 0 -1 -2 -3 -7 -11 305 275 237 202 206 201 199 157 198 216 219 164 168 217 244 263 280 246 258 269 264 273 271 282 281 267 282 368 329 358 354 349 344 337 329 320 226 209 218 229
-3 -3 -2 1 1 0 -2 -3 -4 -5 -10 322 270 236 219 214 166 165 162 219 222 164 228 235 241 249 264 281 296 259 270 264 270 268 282 282 288 280 361 361 374 371 351 342 334 325 195 195 206 216 228
-3 -3 -2 1 1 0 -1 0 1 -1 343 289 267 230 201 214 213 171 169 165 222 228 234 241 248 255 267 283 298 261 269 323 272 276 282 281 287 334 365 363 361 360 351 360 336 349 225 197 207 217 256
-3 -4 -2 1 1 0 0 0 2 368 308 286 268 242 211 204 217 215 174 174 171 231 239 246 254 262 250 343 281 261 256 324 273 276 262 280 287 339 369 365 363 369 379 353 344 345 230 226 208 218 257
-3 -4 -2 1 1 1 0 1 0 338 312 296 262 238 212 211 213 219 176 179 239 234 243 252 261 268 254 284 283 296 276 270 274 276 274 282 289 343 372 368 365 362 358 357 357 395 213 208 211 219 229
-3 -3 -2 1 1 1 0 2 319 335 310 296 252 220 215 214 224 222 216 177 243 243 247 258 266 273 277 223 287 304 280 344 278 269 274 282 291 266 372 371 367 360 360 365 371 247 214 212 213 221 229
-3 -3 -1 1 1 1 0 1 2 339 307 291 230 237 237 221 224 239 232 235 245 251 254 263 272 279 283 275 297 336 288 278 276 268 273 280 281 256 306 299 365 360 356 223 222 217 240 216 218 251 230
-3 -3 -1 1 0 0 0 0 3 340 308 264 238 210 209 219 240 235 233 240 251 254 258 266 277 284 270 286 325 288 294 274 266 261 268 255 251 246 304 290 284 359 352 360 222 218 244 219 249 226 263
-3 -3 -1 1 0 0 0 1 300 336 285 273 233 210 206 211 221 178 214 240 251 257 263 272 282 289 277 286 331 288 281 259 253 256 260 244 238 254 236 283 276 274 354 356 219 244 247 222 224 230 267
-3 -3 -2 -1 -1 0 0 1 279 318 263 248 236 208 205 210 218 237 229 239 250 261 271 281 284 292 278 312 334 271 254 250 232 232 234 232 229 228 227 275 269 297 352 354 375 248 223 223 226 233 271
-3 -3 -3 -2 0 0 -1 281 313 299 233 226 221 208 212 216 220 188 212 239 252 265 273 279 204 266 299 321 319 260 242 224 222 239 239 223 237 220 218 220 260 263 265 351 247 219 220 223 228 236 245
-3 -3 -4 -2 0 0 -1 258 340 275 247 223 218 212 232 215 188 190 236 238 252 263 266 268 199 257 302 311 302 250 236 213 210 231 233 218 266 231 345 210 253 251 259 337 239 242 245 252 231 236 261
-3 -3 -5 -3 -1 -1 -2 312 300 259 244 246 219 213 231 213 187 187 229 233 248 261 262 263 244 255 299 296 293 236 229 223 202 227 275 213 211 248 248 279 288 340 252 214 238 244 246 246 218 213 207
-3 -3 -5 -3 -1 -2 -2 306 298 249 245 226 219 212 209 211 218 221 213 232 245 259 262 258 238 254 289 286 290 236 226 217 217 226 221 242 203 238 236 265 272 238 285 229 233 212 233 230 203 198 210
-2 -3 -6 -3 -2 -2 -2 301 224 186 163 225 217 210 169 216 225 223 217 231 242 255 257 255 235 274 279 281 290 291 226 208 219 219 218 255 233 230 230 289 257 229 282 248 206 205 202 197 191 184 175
-2 -3 -6 -3 -2 -1 0 264 200 161 165 216 209 222 168 218 224 221 216 229 239 251 252 252 234 270 272 279 285 283 275 278 285 288 219 247 224 220 221 250 257 268 279 203 201 199 194 188 180 172 163
-2 -2 -6 -3 -2 -1 -3 228 193 166 224 212 205 170 178 219 217 218 213 230 238 248 247 233 233 242 247 275 278 269 270 283 287 291 216 241 219 241 245 250 259 272 281 200 199 194 189 181 173 163 153
-1 -2 -6 -3 -2 0 230 246 192 168 221 204 220 171 213 217 215 188 195 230 236 243 244 231 231 236 266 270 268 263 254 260 266 291 251 222 219 242 246 253 262 277 242 220 197 191 184 176 166 156 145
-1 -2 -6 -3 -1 -1 257 240 255 192 164 202 198 171 213 211 215 182 210 231 235 238 240 227 230 231 187 264 265 324 283 262 307 232 227 221 220 254 248 255 267 284 248 201 196 190 197 186 173 160 147
-1 -2 -6 -3 -1 0 -4 239 286 197 167 202 200 205 208 208 183 165 168 230 234 234 220 223 229 229 185 240 327 341 292 276 297 203 226 223 220 221 222 259 271 242 208 225 218 190 181 169 168 153 160
-1 -1 -6 -3 -1 -1 -2 237 240 224 215 168 203 208 206 207 177 160 163 226 233 232 216 219 230 233 241 319 334 292 282 305 289 200 261 225 221 221 257 262 236 243 209 210 201 190 180 167 164 169 128
-1 -1 -6 -3 -1 -2 -2 212 210 222 186 181 204 170 208 206 170 176 211 222 231 231 214 222 238 240 240 310 322 298 298 299 293 207 222 226 222 250 256 265 239 247 208 216 205 211 181 179 162 146 132
-1 -1 -5 -2 -1 -3 -3 214 192 174 181 203 205 174 206 205 167 246 209 221 176 219 217 230 245 236 227 239 258 305 299 299 302 214 265 226 222 254 259 271 288 207 234 243 211 198 183 168 164 171 144
-1 -1 -5 -2 -2 -4 232 246 204 162 206 247 246 225 202 203 170 227 210 168 218 221 222 232 211 227 237 252 258 290 287 298 307 213 263 225 248 257 266 280 298 243 239 219 244 204 188 176 176 166 157
-1 0 -5 -2 -2 -5 226 217 234 237 224 268 169 205 198 202 173 196 214 170 219 221 221 225 203 201 238 249 245 283 293 304 218 269 231 225 313 345 274 289 253 235 216 219 227 211 196 184 174 179 170
0 0 -5 -2 -2 -4 253 213 224 229 210 155 177 204 198 217 173 195 218 212 219 220 221 222 234 234 245 250 272 289 297 299 227 254 229 229 239 265 279 299 233 234 239 242 248 217 203 208 182 189 181
0 0 -5 -2 -2 -4 228 212 201 198 161 156 199 201 202 182 178 254 165 174 219 220 224 228 236 232 250 276 278 287 295 291 219 252 229 251 232 268 279 294 211 232 214 216 220 245 230 216 206 199 193
0 0 -5 -2 -1 -3 248 230 226 147 141 198 186 196 206 151 174 198 167 174 219 220 226 231 235 231 253 252 217 281 289 288 194 251 251 230 232 232 272 287 209 208 211 235 240 247 236 223 215 209 203
0 0 -6 -3 -2 -4 247 230 232 215 238 180 188 163 174 174 251 198 172 173 183 221 224 232 235 234 256 251 207 275 291 295 200 231 228 259 229 230 296 329 206 205 209 234 238 243 241 209 223 217 214
0 0 -8 -4 -2 224 244 228 233 247 253 238 169 173 178 265 178 165 177 176 221 217 220 235 235 246 219 208 196 263 288 300 203 232 227 225 226 259 294 304 203 223 228 230 236 240 246 236 230 226 223
0 0 -9 -5 -3 218 241 227 230 246 249 239 178 158 180 268 199 167 179 184 215 213 219 236 234 217 212 204 197 234 285 295 268 232 225 221 223 255 261 238 200 222 206 229 212 238 246 242 236 213 267
1 -1 -10 -7 255 235 238 229 222 199 229 170 170 180 170 267 176 173 181 183 174 214 219 235 230 213 210 214 211 251 284 288 239 229 223 220 282 250 255 233 198 218 203 226 229 235 243 246 220 218 277
1 -1 -10 -7 195 209 237 224 212 218 140 143 161 179 175 185 178 178 185 183 176 215 217 225 192 202 210 221 212 258 255 249 248 225 220 219 243 246 251 228 195 215 219 205 228 233 240 249 247 247 283
2 -1 -9 -7 259 228 233 220 214 142 144 134 155 182 195 267 175 182 188 182 176 209 205 212 187 191 206 218 216 220 211 199 198 221 241 240 241 218 221 224 228 213 216 201 205 230 216 247 247 245 281
2 -1 -8 -5 -4 227 229 219 213 164 194 142 158 186 196 220 181 183 189 177 171 202 204 212 186 186 197 208 213 217 210 201 198 238 240 237 215 214 217 220 225 210 196 217 221 227 214 242 245 243 279
2 -1 -7 -4 -3 236 229 221 174 202 206 157 152 175 192 230 191 184 186 169 170 210 207 181 187 188 170 195 208 214 206 198 197 220 237 232 211 212 212 217 221 207 194 198 220 206 213 238 242 240 324
2 -1 -5 -3 -2 237 231 225 177 174 166 152 157 184 198 193 190 187 179 167 171 204 205 183 187 186 196 197 204 220 207 201 194 217 232 228 229 209 208 215 222 209 195 197 219 206 211 234 285 286 323
2 0 -4 -2 -2 -2 182 160 215 218 187 177 190 203 276 200 193 188 195 150 231 202 206 215 220 182 197 183 196 211 190 187 232 214 227 224 227 209 211 217 224 210 195 197 219 223 231 279 243 246 271
2 0 -2 -3 -1 -1 243 223 223 226 194 196 200 210 186 208 199 184 158 161 225 203 208 216 191 181 197 183 191 192 186 183 227 208 203 225 254 211 215 221 227 213 216 217 201 205 275 274 322 243 320
2 1 0 -1 4 3 0 280 269 229 249 177 214 286 200 209 206 208 176 161 222 218 207 217 193 183 197 202 186 226 183 181 221 204 201 205 209 212 219 227 232 216 200 220 220 227 274 272 275 241 318
2 2 1 2 5 3 3 314 237 0 284 226 229 228 264 209 211 185 159 218 219 213 217 214 198 183 197 201 191 230 215 217 222 218 217 250 210 215 224 233 198 223 204 203 203 274 272 271 237 237 262
2 2 2 3 6 5 4 7 10 4 5 323 284 321 279 203 201 190 224 193 190 175 209 221 196 184 186 195 185 228 228 236 216 215 217 252 210 219 228 217 227 210 212 234 283 215 276 233 234 233 310
2 2 2 3 5 5 5 6 6 5 2 4 365 326 230 213 200 242 204 187 203 201 208 214 187 176 172 184 181 -3 218 230 209 211 215 226 238 254 192 226 240 218 169 168 169 237 239 236 235 233 309
1 1 1 3 4 4 5 5 7 6 7 1 5 324 248 225 207 245 229 204 202 197 190 202 182 164 162 171 173 189 214 203 204 191 213 227 242 213 216 210 170 162 173 171 171 240 242 239 238 232 251
1 1 1 2 3 4 5 5 5 5 5 1 4 308 258 233 199 190 214 214 197 192 -4 -2 174 151 151 160 167 167 192 196 202 188 214 227 243 217 272 160 171 167 181 178 176 247 233 234 230 225 243
1 1 1 2 2 3 3 4 5 5 3 4 0 5 286 224 241 194 -8 179 187 148 168 171 151 146 145 151 163 169 167 191 198 202 191 225 191 221 153 160 161 175 174 182 171 164 206 198 212 207 235
1 1 1 2 2 2 3 3 3 4 3 3 -1 4 318 249 240 248 191 149 134 147 164 178 145 146 144 146 155 163 162 185 192 197 187 199 205 141 141 162 174 170 169 173 214 226 197 132 203 206 225
1 1 1 2 2 2 2 2 2 2 2 2 -1 4 291 262 252 243 175 142 141 146 182 170 143 144 143 144 149 154 156 146 147 190 200 195 184 188 140 146 166 159 177 243 242 230 258 133 236 188 216
1 1 1 2 2 3 2 2 1 1 2 2 0 3 310 299 252 223 165 136 137 168 161 169 140 142 140 140 144 148 144 143 141 205 195 190 182 127 133 140 157 163 215 214 -2 199 208 208 190 182 209
1 1 1 2 3 2 3 2 0 3 -2 -1 1 292 300 252 232 197 177 135 137 144 161 188 134 138 138 136 138 143 140 140 139 183 179 188 200 178 129 133 139 153 205 202 218 210 201 194 -7 176 203
1 1 1 3 3 3 3 0 2 1 323 280 290 299 268 232 208 187 155 134 136 143 157 167 133 134 136 137 137 142 141 146 148 189 180 209 199 173 122 181 141 213 220 200 194 205 197 189 179 169 196
1 1 2 3 3 3 3 -1 7 275 291 271 259 257 241 218 192 180 155 133 134 141 159 148 136 134 134 141 148 150 145 150 154 158 184 212 166 172 177 178 204 209 213 214 187 199 192 185 174 164 189
1 1 2 4 3 3 2 1 2 316 262 189 243 237 226 212 179 183 158 133 154 163 157 152 162 136 137 148 157 157 150 154 159 164 207 194 165 172 120 196 202 203 206 209 206 196 189 190 178 160 185
1 1 2 4 3 3 1 5 -4 290 240 228 224 213 201 191 180 163 141 135 159 140 154 155 144 139 137 143 154 159 161 158 163 168 238 197 181 168 189 196 177 199 202 202 202 201 185 186 175 188 180
1 1 2 3 2 3 0 7 305 257 221 208 191 187 193 184 184 187 180 214 140 147 158 155 146 140 135 140 150 158 163 171 168 173 219 201 169 170 190 187 188 176 178 179 187 174 191 183 173 189 181
1 1 2 3 2 2 1 5 292 246 209 186 183 179 180 160 147 194 179 176 166 150 161 154 133 140 137 145 155 163 172 181 176 180 224 227 171 171 190 191 186 193 175 175 175 188 181 182 173 165 182
1 1 2 2 2 2 1 5 284 240 190 185 140 144 175 169 188 178 166 161 166 149 163 152 142 140 142 152 163 169 177 187 180 224 204 232 175 174 194 194 195 194 190 188 171 186 187 180 172 189 182
1 1 2 2 2 2 1 3 281 239 160 140 140 145 172 171 171 162 158 158 160 148 160 153 144 142 146 157 166 175 180 176 221 259 264 243 180 179 179 194 189 185 183 166 166 166 185 178 171 189 182
1 1 1 1 2 1 1 2 249 205 159 142 140 144 149 177 162 155 151 152 156 147 157 156 150 143 147 156 169 179 183 176 221 262 272 256 184 176 171 184 179 176 176 161 161 175 174 176 194 188 181
1 1 1 1 2 1 2 -1 244 205 159 140 139 143 150 162 152 147 181 143 151 144 154 157 153 146 150 159 171 179 176 177 224 266 236 193 172 166 177 174 169 167 154 155 156 175 177 173 191 186 138
1 1 1 1 2 1 3 244 240 208 172 147 140 148 110 147 143 179 187 197 164 141 141 154 150 151 154 163 171 177 173 212 243 215 217 163 160 170 168 164 158 144 146 149 161 206 171 169 164 184 182
1 1 2 3 2 2 0 2 203 207 176 155 168 149 141 142 132 191 -6 195 193 137 146 148 145 148 153 161 165 224 190 197 224 223 201 161 159 157 144 154 201 199 139 141 197 161 167 166 159 181 179
1 1 2 3 3 1 -1 1 202 167 142 144 161 155 129 144 130 179 -4 186 190 135 140 142 142 146 152 156 210 213 150 219 188 207 186 137 135 134 142 142 190 190 175 171 153 154 159 160 156 177 175
1 1 2 3 3 1 -1 -1 -3 181 151 175 173 165 148 166 139 162 184 188 142 134 136 139 140 143 147 151 203 203 210 201 178 126 125 124 123 121 130 176 177 178 181 185 144 146 149 153 153 174 172
1 1 1 2 2 2 1 1 -2 -5 151 173 166 157 169 217 249 215 195 148 178 140 140 138 134 135 135 203 194 194 194 172 121 120 119 117 115 120 113 193 163 166 165 159 128 142 145 148 144 172 170
1 1 1 1 1 3 6 7 -1 -6 147 175 172 173 207 270 0 -1 193 182 135 141 158 136 122 129 176 184 185 188 187 163 160 145 142 138 132 106 135 137 148 147 144 149 154 131 140 145 150 148 167
1 1 1 1 1 3 5 7 -2 -6 186 178 186 207 -4 -1 0 0 -2 143 134 136 135 134 171 172 175 132 181 182 181 158 158 122 156 114 109 106 108 127 133 139 120 123 149 131 135 144 148 148 167
