---
Sfc. Heating [W/m~S~2~N~] Valid 0700 PST ~Z75~(1500Z)~Z~ MON 22 May 2017 ~Z75~[15hrFcst@1228z]~Z~
Model= RASP Region= PANOCHE Grid= d2 Reskm= 4.0 Indexs= 1 51 1 69 Proj= lambert 4000 4000 40.0000 40.0000 -73.0000 36.6487 -121.0445
Day= 2017 5 22 MON ValidLST= 700 PST ValidZ= 1500 Fcst= 15.0 Init= 12 Param= sfcshf Unit= W/m2 Mult= 1 Min= -11 Max= 104
0 0 0 0 0 -1 -2 -2 -3 -5 20 38 34 26 25 27 15 14 24 10 29 14 29 29 29 32 38 25 30 27 27 30 33 37 42 47 71 64 67 62 73 83 81 84 87 92 104 69 62 62 73
0 0 0 0 0 -1 -2 -2 -4 -5 -4 42 35 28 28 29 29 28 26 13 30 30 30 9 28 31 37 42 29 31 32 29 45 35 40 46 49 71 68 64 73 78 85 84 87 92 95 59 61 63 74
0 -1 0 1 1 0 -2 -3 -3 -4 -4 45 38 30 26 31 31 30 17 27 32 31 11 9 22 29 35 40 27 30 32 29 31 34 40 44 43 48 78 66 73 78 81 85 88 92 94 66 60 62 64
-1 -1 0 2 3 1 -2 -3 -4 -4 -2 46 39 31 29 32 21 21 22 36 34 15 31 29 28 29 32 37 42 29 32 28 31 33 38 42 48 49 75 76 81 81 81 86 89 91 52 54 58 62 64
-1 -1 0 3 2 1 0 0 1 -2 68 39 34 30 31 36 35 26 31 33 42 33 30 27 26 28 30 36 42 29 31 37 30 33 37 42 48 69 79 79 79 78 83 91 89 95 60 53 57 61 73
-1 -1 0 3 2 1 0 -1 0 87 63 38 28 29 31 33 34 36 32 36 33 40 28 26 27 29 22 45 34 29 26 37 29 32 31 40 46 69 79 80 80 82 91 86 90 91 62 61 57 61 72
-1 -1 0 2 2 2 0 0 -1 79 63 38 24 25 27 28 30 34 31 38 53 50 30 25 30 31 22 32 32 40 32 27 30 32 35 40 45 71 80 80 81 80 83 87 92 100 55 55 57 61 63
-1 -1 0 2 2 2 1 0 88 83 62 33 22 25 27 28 30 35 42 38 55 51 32 26 32 32 30 7 33 42 34 45 30 31 35 40 44 44 78 81 81 81 82 86 89 59 57 57 57 61 62
-1 -1 0 3 2 2 1 0 2 94 58 29 23 31 33 29 32 44 50 53 55 48 34 27 33 32 29 23 38 55 36 29 28 31 35 39 41 41 61 62 81 81 80 51 53 55 64 57 58 70 62
-1 -1 0 3 2 1 1 0 1 93 50 20 24 27 31 32 40 49 55 56 56 50 38 28 34 32 21 29 55 38 33 24 23 27 33 32 35 40 57 60 62 81 81 82 52 55 64 57 67 61 72
-1 -1 0 2 1 0 0 0 80 76 27 24 24 33 38 39 39 31 50 57 56 55 45 29 35 34 27 37 55 34 26 19 20 25 31 31 35 44 43 57 60 62 81 81 51 61 63 46 59 61 72
-1 -1 -1 1 0 0 0 0 77 51 18 20 27 37 41 42 43 47 52 55 57 59 46 29 35 37 35 50 48 25 17 17 16 22 27 32 36 40 41 55 58 67 81 81 88 57 56 56 59 62 72
-1 -1 -1 -1 -1 0 0 68 73 39 17 21 29 37 41 45 43 34 46 52 56 55 43 29 9 29 49 49 39 19 15 14 17 25 29 31 38 38 39 42 55 59 61 80 54 52 55 56 58 62 64
-1 -1 -2 -2 -1 -1 -1 61 61 26 20 23 27 35 48 49 39 35 46 50 52 49 40 26 7 30 47 44 33 19 17 16 20 26 27 28 45 40 69 40 53 55 59 77 53 57 60 62 58 61 67
-1 -1 -3 -3 -1 -1 -1 63 36 21 21 25 27 35 49 47 38 33 43 47 47 47 36 25 21 31 45 37 30 19 16 18 20 23 35 27 32 44 48 57 61 75 57 47 54 56 58 59 53 53 51
-1 -1 -4 -4 -2 -2 -2 51 30 21 24 25 30 36 44 43 36 29 30 43 46 50 36 24 23 31 42 33 31 20 16 18 22 24 25 36 30 43 46 54 58 52 65 50 52 48 54 55 49 49 53
-1 -1 -4 -4 -2 -2 -2 39 11 12 16 27 30 36 35 38 27 26 31 41 45 49 42 24 22 39 40 36 37 33 17 16 22 22 25 41 39 43 44 59 54 50 63 56 47 47 47 47 47 46 44
-1 -2 -5 -4 -2 -2 -2 19 8 12 16 26 30 41 32 32 26 28 31 41 44 46 45 23 21 38 36 35 37 29 27 34 37 36 26 41 40 41 43 51 54 58 62 45 46 46 46 45 44 43 41
-1 -2 -6 -4 -2 -2 -2 12 7 12 22 23 31 31 28 28 26 27 30 41 42 45 42 18 20 28 27 36 33 28 30 35 32 40 24 39 40 47 49 51 55 59 62 44 45 45 45 44 43 41 38
-1 -2 -6 -4 -2 -2 25 14 6 12 20 22 34 29 28 24 25 21 27 41 41 42 39 19 19 24 34 36 30 30 30 28 33 40 34 34 40 48 50 53 56 60 53 48 45 45 44 43 41 39 37
0 -2 -6 -3 -2 -2 29 12 18 13 10 21 30 25 24 24 25 21 32 41 39 38 35 18 17 24 16 35 32 42 36 32 40 23 28 34 40 49 51 54 58 62 55 44 45 45 48 45 43 40 37
1 -2 -6 -3 -2 -2 -3 11 25 11 9 19 25 25 22 24 19 20 21 38 37 36 26 17 17 25 16 28 44 49 40 31 36 14 26 33 40 43 46 56 60 54 45 50 50 45 44 40 40 37 40
1 -2 -6 -3 -2 -2 -3 12 10 10 12 10 18 19 20 24 19 20 21 37 36 35 26 17 17 25 28 41 48 43 35 36 33 12 35 33 40 43 55 58 52 54 46 47 47 45 44 40 38 41 29
1 -1 -6 -3 -1 -1 -4 8 6 12 12 10 16 10 21 23 19 24 35 35 35 34 26 19 18 25 26 39 46 40 37 34 32 12 23 33 40 50 55 59 53 56 47 50 48 51 45 44 38 34 31
1 -2 -6 -2 -1 -1 -4 7 5 10 9 9 11 10 19 22 19 36 33 34 18 29 27 21 20 24 23 24 28 38 36 35 32 15 37 32 39 50 55 60 64 45 53 56 50 48 46 41 40 42 34
2 -2 -6 -2 -1 -2 12 10 6 9 8 16 18 20 18 21 17 31 33 18 29 29 27 21 13 23 24 25 27 33 32 33 33 16 36 31 43 49 55 61 68 53 55 52 59 50 47 44 43 40 38
2 -3 -6 -2 -1 -3 10 7 10 11 8 21 7 15 17 20 16 23 31 18 28 29 26 18 12 17 28 28 25 29 31 32 14 32 26 29 54 67 56 63 57 53 51 53 56 52 49 45 41 43 41
3 -3 -7 -3 -1 -3 14 8 8 7 3 0 6 15 18 26 17 23 28 24 26 26 22 17 18 25 29 28 31 34 34 33 16 27 25 30 38 49 57 65 51 54 57 59 61 54 50 51 43 44 42
3 -4 -8 -3 -1 -5 7 9 6 10 8 6 12 14 19 19 20 32 13 14 25 25 20 16 17 25 29 33 32 31 30 32 16 27 27 36 36 50 57 63 46 55 52 54 55 61 56 53 49 46 43
3 -5 -8 -3 -2 -6 8 8 14 9 5 12 12 14 19 12 19 22 14 13 22 25 20 15 17 25 28 26 18 29 34 36 13 30 33 33 37 42 55 60 46 50 52 59 60 61 58 54 51 47 44
3 -6 -9 -4 -2 -6 7 7 13 14 14 10 11 6 10 18 36 24 16 17 12 24 17 14 19 24 27 25 16 35 40 37 13 24 29 39 38 42 61 70 45 50 52 59 60 61 59 50 52 49 45
4 -6 -10 -4 -2 9 7 6 11 14 16 19 6 9 8 33 22 16 16 17 20 22 17 14 23 26 18 17 18 36 39 33 13 23 28 34 39 49 59 65 45 54 57 58 59 60 61 57 54 50 47
4 -6 -11 -5 -2 8 7 5 8 11 12 18 8 7 8 35 30 18 15 12 20 24 17 14 24 19 17 16 18 32 39 33 27 24 30 35 38 47 52 50 45 53 52 58 54 61 62 59 56 46 62
5 -6 -11 -6 25 11 7 6 7 0 3 -3 3 6 10 44 26 20 13 10 9 21 15 14 22 19 19 18 17 26 35 33 19 22 30 34 49 46 51 49 44 53 51 58 59 61 62 60 52 48 65
5 -5 -11 -6 16 7 8 6 6 4 -3 -6 -1 4 16 35 32 21 11 8 7 18 15 13 10 15 19 20 15 22 22 22 22 19 26 33 41 45 50 49 44 52 55 53 59 61 61 61 59 56 66
5 -4 -10 -6 31 12 9 8 6 2 4 1 0 7 25 59 33 22 9 8 7 16 19 15 9 13 15 19 17 14 11 10 12 21 31 37 41 40 44 48 53 51 54 52 54 60 55 61 59 54 64
6 -2 -9 -5 -4 13 10 9 8 5 11 6 1 9 29 48 39 23 9 8 8 16 20 17 9 12 13 16 16 15 12 11 12 25 32 37 36 40 43 47 52 50 49 56 58 59 54 59 57 52 61
6 0 -7 -4 -3 19 11 10 6 13 14 8 1 10 30 58 49 25 10 8 8 19 21 13 10 11 7 10 13 14 11 10 11 21 32 38 35 39 42 46 51 49 49 51 57 53 53 57 55 50 69
6 2 -4 -4 -2 32 16 12 7 9 9 6 9 16 40 55 51 22 8 8 9 22 22 13 11 11 14 9 10 12 9 10 11 22 32 37 40 38 41 46 51 49 49 51 57 52 53 55 69 64 65
6 3 -2 -4 -2 -2 14 8 22 30 26 18 20 36 79 65 49 17 9 7 24 27 28 24 18 11 16 10 10 9 7 8 19 22 32 37 40 38 42 47 51 50 49 51 57 56 57 69 53 49 52
6 4 1 0 5 -2 37 31 39 42 35 41 49 63 63 70 46 14 8 9 27 37 42 32 13 10 14 8 10 10 9 11 22 24 29 39 45 39 44 48 52 50 54 56 52 52 71 66 76 46 59
6 5 3 2 8 6 3 59 63 58 56 42 60 87 57 68 49 18 7 10 31 51 51 38 13 10 14 14 7 15 10 12 24 25 31 34 38 41 45 49 52 50 50 56 56 57 70 65 59 43 57
6 5 4 4 6 5 5 81 61 1 77 63 68 68 84 66 56 19 10 27 43 54 57 43 15 10 15 14 9 18 19 21 23 29 34 43 39 43 46 49 43 51 50 52 53 71 69 63 46 41 44
5 5 4 4 5 4 3 3 4 2 2 78 79 91 85 61 52 31 30 35 42 43 56 53 22 12 11 13 10 21 24 26 25 29 36 46 40 43 45 43 48 47 51 58 71 38 69 52 45 39 53
5 4 4 5 4 4 3 3 2 2 1 1 91 87 64 61 48 53 41 40 46 47 53 51 33 16 8 10 11 -1 25 27 29 34 38 42 46 48 36 44 50 48 38 39 38 57 59 52 46 39 52
4 4 4 4 4 3 3 2 2 2 1 0 1 79 63 59 48 60 58 54 50 47 48 43 32 22 13 13 12 14 22 22 27 31 37 44 45 39 39 40 32 34 39 40 40 59 60 53 47 39 40
4 4 4 5 4 3 3 2 2 2 1 1 0 75 64 60 55 56 59 51 44 46 -1 -1 25 21 21 20 15 12 17 21 24 27 37 42 44 39 51 28 33 35 40 40 40 59 55 52 45 36 37
4 4 4 5 5 5 4 3 2 2 1 1 0 1 70 59 72 59 -4 33 43 37 36 26 20 19 20 21 14 11 11 18 22 28 32 41 34 40 25 29 31 37 39 41 38 36 49 40 38 29 34
4 4 4 6 7 7 6 4 2 1 1 1 0 1 79 67 75 66 32 27 33 35 33 23 15 14 15 19 15 11 11 17 21 27 31 36 36 22 23 29 34 35 38 41 52 53 46 17 35 31 32
4 4 4 6 9 10 9 7 3 1 1 1 0 1 74 71 74 56 26 26 34 34 34 17 12 11 13 15 13 12 11 8 11 26 32 35 34 34 23 27 33 34 40 58 53 49 59 17 46 24 30
4 4 4 7 9 10 10 8 4 2 1 0 0 1 79 82 71 45 27 26 33 42 25 14 11 12 12 13 12 11 8 8 11 29 29 33 34 22 24 27 32 36 52 48 -2 51 45 41 30 22 28
4 4 5 7 9 10 10 7 4 2 -1 0 0 72 76 64 53 30 28 26 33 37 24 16 11 11 11 10 10 8 6 7 9 25 26 32 37 34 24 26 29 34 49 48 50 46 42 35 -4 21 26
4 3 5 8 9 10 9 6 4 0 69 58 62 79 65 49 28 19 21 25 32 36 24 11 8 8 10 7 6 6 6 7 8 23 27 35 37 35 24 39 30 49 51 48 45 45 41 33 26 19 24
4 3 5 8 10 11 8 5 3 72 76 74 71 68 59 31 15 16 20 25 31 33 21 10 6 8 9 7 5 5 5 7 9 11 27 37 31 35 36 38 45 48 50 52 45 45 41 32 24 17 22
4 3 5 8 10 10 7 4 1 80 64 49 64 60 50 23 12 15 20 26 34 36 19 10 6 8 10 9 8 7 6 7 7 10 29 34 32 34 22 41 44 47 49 51 49 44 40 34 26 16 21
4 3 5 8 9 9 6 4 -1 68 49 44 53 48 38 20 14 15 21 28 32 29 16 11 8 10 13 14 11 10 9 7 7 9 34 35 35 33 38 41 40 47 49 50 48 47 39 33 25 25 20
4 3 5 7 8 7 4 4 79 55 33 30 37 36 28 17 16 1 6 40 28 24 12 9 8 11 14 16 13 10 9 8 6 9 30 36 33 34 39 25 27 42 44 45 46 40 40 31 24 25 20
4 3 4 6 5 5 4 4 74 46 23 23 28 28 22 16 15 4 15 16 34 22 11 8 7 13 13 12 8 8 8 8 6 9 33 44 35 35 39 42 26 46 44 44 43 42 35 31 23 18 20
4 4 4 5 4 4 3 4 72 40 19 21 19 16 21 2 3 12 17 17 18 23 11 11 10 14 13 9 10 11 11 10 6 19 32 47 36 37 41 43 44 46 47 47 42 42 37 30 23 24 20
4 4 4 5 4 4 3 3 70 38 14 15 14 11 16 2 5 14 18 19 17 20 12 10 10 13 12 8 12 12 11 7 15 26 43 47 37 40 39 43 44 44 45 43 41 38 37 29 22 24 20
4 4 4 4 4 4 4 3 63 31 17 16 10 9 12 2 6 15 19 19 15 17 10 10 9 12 12 9 12 12 10 7 14 26 41 50 39 40 38 42 42 43 44 41 40 40 33 28 28 23 20
4 4 4 4 4 4 4 1 60 28 14 14 10 8 12 3 6 15 39 17 14 16 10 11 8 9 11 11 12 12 7 7 15 27 34 36 37 38 39 40 41 42 40 40 39 41 36 28 27 23 12
4 4 4 4 4 4 3 71 60 33 17 16 13 10 8 3 5 33 41 40 32 17 8 10 8 8 10 10 11 11 7 13 19 19 31 30 35 39 38 39 39 36 38 39 40 51 37 27 20 23 19
4 4 5 4 4 4 2 3 59 37 22 17 22 17 4 4 5 34 -1 39 36 16 10 10 7 6 8 9 10 17 9 11 18 21 26 30 35 36 34 37 51 51 36 37 51 39 37 27 20 22 19
4 4 5 4 5 4 1 3 57 29 21 23 23 24 14 8 11 32 -1 36 31 14 11 10 8 7 8 9 16 16 6 20 14 22 25 23 28 30 34 35 50 50 47 46 38 37 35 26 19 22 18
4 4 4 4 4 3 0 0 -1 40 31 33 28 28 24 17 17 29 37 36 12 17 15 14 12 10 10 10 18 18 20 18 17 7 12 17 22 26 31 47 48 49 49 49 35 32 29 24 19 21 18
4 4 4 3 4 3 2 1 0 -1 36 33 24 24 16 31 52 44 47 30 38 23 20 17 14 12 -3 23 20 19 18 16 6 9 13 17 21 27 28 52 45 46 45 43 30 32 28 24 16 22 18
3 3 3 3 3 2 2 2 0 -1 38 35 24 24 20 52 -1 -1 48 45 30 26 25 19 14 13 22 23 21 20 18 14 17 18 22 26 29 26 38 37 42 42 40 41 40 29 28 25 20 15 19
3 3 3 2 2 2 1 2 0 -1 50 37 27 19 0 -1 0 -1 0 35 28 28 24 21 29 27 26 12 23 21 18 15 20 18 27 24 27 29 32 38 40 41 34 34 41 31 27 26 21 17 20
