---
Surface Temperature (2m AGL) [F] Valid 1600 PST ~Z75~(0000Z)~Z~ MON 22 May 2017 ~Z75~[24hrFcst@1242z]~Z~
Model= RASP Region= PANOCHE Grid= d2 Reskm= 4.0 Indexs= 1 51 1 69 Proj= lambert 4000 4000 40.0000 40.0000 -73.0000 36.6487 -121.0445
Day= 2017 5 22 MON ValidLST= 1600 PST ValidZ= 000 Fcst= 24.0 Init= 12 Param= sfctemp Unit= F Mult= 1 Min= 50.3 Max= 101.8
53.9 54.0 53.9 53.9 53.4 52.5 52.0 51.5 52.8 56.3 66.4 70.2 72.0 74.2 75.8 77.1 78.3 79.5 80.9 81.9 82.9 83.7 84.9 86.0 87.1 88.2 89.4 90.8 91.5 92.6 93.8 95.2 96.4 97.8 99.0 100.0 100.9 101.3 101.6 101.8 101.8 101.6 101.2 100.6 99.8 98.8 98.1 97.6 97.5 97.5 97.7
54.0 54.0 54.0 54.0 53.5 52.7 52.2 51.7 53.0 55.6 57.8 68.7 71.0 73.3 75.3 77.0 78.5 79.9 81.3 82.4 83.5 84.3 85.2 85.9 87.2 88.3 89.4 90.7 91.5 92.5 93.5 94.8 96.0 97.4 98.5 99.6 100.5 101.2 101.4 101.5 101.6 101.4 101.1 100.5 99.8 99.0 98.3 97.5 97.4 97.4 97.6
54.1 54.2 54.0 53.8 53.4 52.8 52.7 52.4 53.3 55.1 57.0 67.3 70.2 72.7 75.3 77.2 78.8 80.4 81.8 83.1 84.2 85.0 85.6 86.4 87.6 88.6 89.6 90.7 91.4 92.2 93.2 94.3 95.7 96.9 98.2 99.1 100.0 100.7 101.2 101.2 101.3 101.1 100.8 100.4 99.8 99.1 98.4 97.7 97.3 97.2 97.4
54.3 54.3 54.0 53.4 53.0 53.0 53.3 53.4 53.6 53.8 56.0 66.3 70.0 72.7 75.2 77.3 78.9 80.7 82.3 83.7 84.8 85.4 86.4 87.2 88.1 89.0 90.0 90.7 91.4 92.0 92.9 94.0 95.2 96.4 97.8 98.8 99.6 100.3 100.8 101.0 101.1 101.0 100.6 100.2 99.7 99.1 97.9 97.5 97.2 97.1 97.3
54.4 54.4 54.1 53.2 53.1 53.3 53.0 52.7 51.8 50.7 61.7 68.0 71.2 73.4 75.4 77.3 79.1 80.7 82.4 83.6 84.9 85.8 86.4 87.1 88.4 89.7 90.5 90.8 91.3 91.9 92.5 93.8 94.7 96.0 97.1 98.3 99.0 100.1 100.7 100.9 101.1 100.9 100.6 100.3 99.7 99.0 97.8 97.5 97.1 97.0 97.2
54.4 54.4 54.1 53.3 53.3 53.4 53.2 52.9 51.5 58.3 64.3 69.2 72.2 74.5 76.8 78.7 80.5 82.3 83.8 84.9 85.6 86.5 87.0 87.5 88.6 89.8 90.7 91.3 91.2 91.4 91.6 93.3 94.1 95.5 96.5 97.8 98.6 99.8 100.6 100.6 100.9 100.7 100.2 99.8 99.5 98.8 97.7 97.6 97.0 96.9 97.0
54.4 54.4 54.1 53.6 53.6 53.5 53.4 53.1 51.1 59.6 66.0 70.6 73.2 75.5 78.1 80.1 81.9 84.2 86.0 87.1 87.9 88.0 88.0 88.3 89.1 90.0 91.0 91.5 91.1 90.8 91.1 92.4 93.7 95.5 96.6 97.7 98.5 99.6 100.4 100.6 100.7 100.6 100.1 99.4 99.0 98.5 97.3 97.2 96.9 96.8 96.9
54.4 54.4 54.1 53.6 53.6 53.5 53.6 52.7 57.6 62.4 67.2 71.3 73.8 76.8 79.5 81.4 83.4 86.0 88.4 89.5 90.3 90.0 89.7 89.7 89.8 90.3 91.4 91.5 90.5 89.7 89.9 92.0 93.5 95.6 96.7 97.1 97.9 99.0 100.1 100.3 100.4 100.3 100.0 99.0 98.4 97.6 97.3 97.0 96.8 96.7 96.8
54.4 54.4 54.1 53.6 53.6 53.6 53.4 53.2 51.3 60.5 67.1 71.5 74.6 78.5 81.3 82.9 85.1 87.7 89.9 91.3 91.8 91.7 91.5 91.1 90.5 90.5 91.7 91.1 88.7 87.6 88.7 91.1 93.9 95.9 96.2 96.5 97.7 98.9 99.6 99.7 100.0 100.0 99.9 98.4 97.4 97.2 97.3 96.9 96.7 96.7 96.7
54.4 54.4 54.0 53.6 53.7 53.6 53.3 53.2 50.3 60.7 67.8 72.6 76.7 81.2 83.6 84.7 86.9 89.4 91.3 92.4 92.4 92.4 92.3 91.4 90.0 90.3 91.3 90.1 87.0 86.3 88.5 92.2 95.1 96.1 96.0 96.2 97.7 98.8 99.3 99.5 99.4 99.6 99.7 99.4 97.4 97.1 97.1 96.8 96.7 96.5 96.6
54.4 54.3 54.0 53.6 53.7 53.5 53.5 52.4 59.7 65.9 71.3 75.4 80.1 84.8 87.0 87.8 89.2 90.8 92.3 93.0 93.0 92.8 92.4 90.9 89.4 89.8 90.8 88.6 86.9 87.3 90.7 94.3 95.8 96.3 96.3 96.8 98.0 98.7 98.7 99.3 99.3 99.1 99.5 99.2 97.7 97.2 96.9 97.0 96.4 96.3 96.5
54.3 54.2 54.0 53.7 53.8 53.7 53.4 52.1 62.4 69.5 74.1 77.8 83.1 87.2 88.9 89.7 90.8 92.5 93.7 94.1 93.8 93.0 91.9 90.3 89.2 89.5 89.1 88.0 88.3 90.3 93.5 94.9 95.7 96.5 96.7 97.2 97.9 98.1 98.3 98.9 99.0 99.2 99.2 99.0 98.2 97.0 96.5 96.4 96.2 96.2 96.4
54.2 54.1 54.1 54.0 54.0 53.9 52.4 63.4 67.7 71.9 74.6 78.7 83.9 86.8 87.6 88.6 90.3 92.2 94.1 94.6 93.8 92.7 91.5 90.5 89.1 88.8 87.1 87.7 90.5 93.4 94.8 95.3 96.3 97.3 97.3 97.5 97.9 97.9 98.1 98.3 98.6 98.7 98.4 98.5 97.3 96.7 96.5 96.3 96.1 96.0 96.1
54.2 54.1 54.2 54.4 54.4 54.3 54.1 66.7 72.5 74.6 76.1 79.7 84.0 86.1 87.5 88.8 89.7 91.8 94.1 94.1 93.1 92.1 91.5 91.3 90.1 88.3 86.8 88.6 92.0 94.3 95.1 95.9 96.8 97.3 97.4 97.6 98.0 98.0 98.9 98.1 98.5 98.5 98.2 97.9 97.1 96.7 96.5 96.3 95.9 95.8 95.9
54.1 54.0 54.3 54.7 54.7 54.9 55.5 70.0 75.0 76.6 77.6 80.4 84.6 86.8 88.7 90.1 90.5 91.9 93.6 93.8 93.1 92.0 91.2 90.9 90.4 87.9 87.6 90.2 92.3 93.3 95.0 96.7 96.8 97.0 97.4 97.4 97.5 97.8 97.9 98.3 98.6 98.7 97.9 96.9 96.8 96.4 96.3 96.0 95.6 95.5 95.5
54.1 54.0 54.4 55.1 55.1 55.6 56.8 72.3 76.9 78.3 79.4 81.9 85.3 87.5 89.7 90.9 90.9 91.6 93.1 94.2 93.7 92.3 91.0 90.4 89.8 87.7 88.1 90.6 91.0 91.6 94.5 96.2 96.3 96.2 96.6 97.4 97.5 97.8 97.8 98.2 98.1 97.8 98.0 97.1 96.5 96.0 95.9 95.7 95.3 95.2 95.2
54.2 54.0 54.6 55.5 55.6 56.2 57.9 74.5 77.6 78.4 79.9 83.1 85.7 87.9 89.8 90.2 89.3 90.4 93.1 95.0 94.3 92.8 91.6 90.9 89.4 87.4 88.0 89.3 89.0 90.2 92.8 94.6 94.8 94.5 95.3 96.8 97.3 97.4 97.5 98.1 97.9 97.7 97.5 96.8 96.2 95.9 95.6 95.4 95.1 95.0 94.9
54.2 54.0 54.7 55.8 56.0 56.8 59.0 76.1 78.0 79.2 81.5 84.8 86.6 88.7 89.8 89.2 87.9 89.9 93.4 95.3 94.6 93.2 92.4 91.4 88.7 86.7 87.6 87.1 87.4 89.9 92.0 92.4 91.6 91.8 93.3 96.1 97.1 97.4 97.3 97.8 97.8 97.7 97.3 96.2 96.0 95.8 95.5 95.3 95.0 94.9 94.9
54.2 54.1 54.9 56.2 56.4 57.3 60.5 76.7 78.1 80.1 84.0 86.7 88.1 89.4 89.7 88.5 88.1 90.8 94.2 95.4 94.7 93.6 92.7 91.2 88.1 86.5 86.4 86.0 87.5 90.2 90.7 88.9 87.5 88.5 92.2 95.9 97.0 97.6 97.6 97.8 97.8 97.7 97.2 96.3 95.9 95.7 95.5 95.2 95.1 94.9 94.8
54.3 54.1 55.0 56.5 56.8 57.8 74.2 78.2 78.2 80.5 85.1 87.8 89.4 89.9 89.4 87.8 89.0 92.2 94.9 95.7 94.8 93.7 92.7 90.7 87.8 86.4 85.5 85.8 88.2 89.0 87.4 85.5 85.0 87.9 92.9 95.8 96.9 97.5 97.6 97.7 97.8 97.6 97.0 96.6 96.0 95.7 95.5 95.3 95.2 95.0 94.8
54.2 54.0 55.0 56.8 57.1 58.9 74.7 78.7 79.4 81.6 85.3 88.3 90.0 90.0 88.9 87.8 90.4 94.0 95.9 95.8 94.8 93.8 92.7 90.7 87.9 86.0 84.8 85.6 86.4 85.6 83.7 83.7 86.0 90.3 94.4 96.4 97.1 97.6 97.6 97.7 97.9 97.6 97.1 96.5 96.1 95.8 95.6 95.5 95.4 95.2 94.9
54.0 53.8 55.0 57.1 57.8 59.7 61.9 78.1 80.2 82.0 85.3 88.0 89.6 89.7 88.8 88.9 91.7 94.1 94.6 94.4 93.9 93.3 92.2 90.5 87.7 85.3 84.4 84.3 82.7 81.0 81.3 84.2 88.8 92.2 94.9 96.4 96.9 97.2 97.4 98.0 97.8 97.3 96.8 96.9 96.4 95.9 95.5 95.6 95.6 95.5 95.1
53.8 53.6 55.0 57.3 58.2 59.8 61.7 78.2 79.5 81.1 83.9 86.3 88.4 88.3 88.1 90.4 91.2 91.2 91.2 91.5 91.9 92.4 92.0 90.3 87.1 84.1 83.5 82.6 80.3 79.3 81.7 86.9 91.3 93.1 95.1 96.3 97.1 97.4 97.9 97.8 97.6 97.4 96.8 96.7 96.3 96.0 95.7 95.7 95.7 95.9 95.1
53.6 53.3 54.9 57.5 58.5 60.2 62.0 78.2 78.8 80.1 82.8 85.4 87.2 86.5 87.8 89.4 89.0 89.6 89.8 89.7 89.9 91.1 91.8 89.8 85.5 82.7 83.1 82.4 80.6 80.4 83.9 88.3 90.5 92.0 94.5 96.2 97.1 97.8 98.0 97.9 97.5 97.3 96.9 96.9 96.5 96.5 95.8 95.9 95.8 95.7 95.2
53.5 53.2 54.9 57.7 59.1 60.5 63.0 78.3 77.8 79.5 83.2 84.1 84.2 85.1 86.7 87.3 87.6 89.0 89.1 89.0 89.5 90.8 91.2 88.7 84.1 82.7 84.1 83.4 81.8 83.3 86.4 87.7 88.2 90.7 94.6 96.4 97.5 97.9 98.2 98.1 97.9 97.1 97.2 97.3 96.8 96.5 96.1 95.9 95.9 95.7 95.2
53.4 53.1 54.9 57.9 59.4 60.6 76.3 78.5 76.6 78.4 81.3 80.4 81.0 84.1 85.3 85.1 85.6 87.3 88.1 87.9 89.5 90.4 90.1 88.0 84.5 84.0 84.9 84.7 85.1 87.3 88.4 87.7 87.7 90.9 95.0 96.8 97.8 98.1 98.2 98.2 97.9 97.5 97.1 96.8 97.2 96.6 96.5 96.1 96.0 95.8 95.5
53.4 53.2 55.0 58.1 59.7 61.0 76.9 77.8 76.7 78.2 77.9 76.5 79.1 83.7 84.8 83.6 84.0 86.2 87.1 87.1 88.5 89.2 89.2 88.5 86.4 84.9 84.8 85.7 87.9 89.7 89.9 89.2 89.7 92.9 95.4 97.0 98.1 98.5 98.0 98.0 97.5 97.4 97.0 96.9 97.0 96.7 96.7 96.3 96.2 96.1 95.8
53.4 53.2 55.2 58.3 59.9 61.2 77.2 77.5 77.0 79.2 78.3 77.4 80.2 84.4 85.5 83.8 83.8 85.6 86.2 86.5 88.1 89.3 89.2 88.7 87.2 84.9 84.6 86.5 88.7 89.8 90.2 90.8 92.0 94.4 96.0 96.9 97.4 97.9 97.9 97.8 97.2 97.3 97.0 97.0 97.2 96.9 96.9 96.8 96.5 96.5 96.3
53.5 53.3 55.3 58.5 60.1 61.5 77.3 77.5 77.3 79.8 81.8 82.8 84.8 86.7 86.2 84.4 84.3 85.2 85.5 86.5 88.8 90.0 89.4 88.3 86.6 84.4 84.8 87.1 88.5 89.6 91.6 93.1 94.1 95.7 96.6 97.2 97.3 97.8 97.7 97.5 96.8 97.1 96.7 96.8 96.9 97.1 97.2 97.0 96.9 96.8 96.7
53.5 53.2 55.4 58.7 60.1 61.8 77.4 77.8 77.5 79.9 83.6 86.6 88.6 88.0 85.6 84.2 84.3 84.5 85.0 86.5 89.3 90.4 89.6 88.2 86.5 84.7 85.0 86.9 89.0 91.3 92.7 93.5 94.2 96.0 96.8 97.0 97.2 97.4 97.7 97.4 96.7 96.8 96.7 97.1 97.2 97.2 97.2 97.1 97.1 97.0 96.9
53.5 53.2 55.4 58.9 60.2 62.7 77.2 77.3 77.5 79.2 81.7 84.6 87.7 85.9 82.8 83.3 83.8 83.9 83.8 84.2 87.4 89.7 89.7 88.3 86.1 84.9 85.3 87.6 90.7 92.5 92.2 91.9 93.2 95.7 96.7 97.1 97.1 97.3 97.7 97.5 96.7 96.7 96.7 97.0 97.0 97.0 97.2 97.0 97.2 97.1 97.0
53.5 53.1 55.5 59.2 60.3 74.3 77.7 77.3 76.9 78.0 78.2 80.4 83.6 82.1 79.4 81.8 82.6 82.9 82.5 82.3 86.2 89.3 89.8 87.5 84.6 84.8 86.4 89.2 91.6 91.8 90.0 89.7 92.0 95.1 96.4 96.8 97.0 97.3 97.4 97.3 96.7 96.8 96.9 96.9 96.9 97.0 97.2 97.2 97.2 97.2 97.1
53.6 53.0 55.5 59.5 61.2 75.4 78.1 77.5 76.8 76.0 74.8 76.5 78.3 77.7 76.9 80.3 81.7 81.8 81.5 82.4 86.2 89.0 89.4 86.6 83.3 84.2 87.4 89.6 90.7 91.0 89.8 89.6 91.8 94.8 96.4 96.8 97.0 97.1 97.1 96.8 96.6 96.8 96.5 96.8 96.6 96.9 97.1 97.1 97.2 97.1 97.1
53.6 52.8 55.5 59.5 72.2 77.3 78.3 77.4 76.7 74.7 74.6 75.8 75.3 75.9 76.6 79.6 80.2 80.2 80.0 82.1 85.7 87.9 87.6 85.0 82.4 83.5 86.2 87.1 88.6 90.8 91.3 90.9 92.3 94.8 96.3 96.8 97.3 97.0 97.1 96.8 96.5 96.8 96.5 96.7 96.8 96.9 97.0 97.1 97.1 97.1 97.1
53.7 52.7 55.4 59.0 71.3 76.4 77.6 77.6 76.6 75.7 77.0 77.9 75.7 76.6 77.8 79.1 79.2 79.0 78.6 81.4 84.6 85.8 85.2 83.9 82.6 83.5 84.0 84.5 86.2 90.0 92.4 92.7 93.8 95.3 96.4 96.8 97.0 96.9 96.9 96.8 96.5 96.8 96.5 96.4 96.6 96.8 96.9 97.1 97.2 97.1 97.1
53.8 52.8 55.3 58.9 71.0 76.3 77.3 77.9 77.1 76.9 79.4 79.2 76.8 78.1 78.5 78.5 78.0 77.8 77.2 80.5 83.0 84.1 84.0 83.9 83.5 83.5 83.3 83.8 84.9 87.6 91.0 92.7 93.8 95.3 96.5 96.9 96.9 96.7 96.7 96.8 96.6 96.6 96.4 96.3 96.5 96.8 96.6 97.0 97.1 97.1 97.0
53.8 52.9 55.1 58.1 59.3 74.2 76.7 77.9 78.7 78.9 80.2 79.1 77.1 78.7 78.1 76.7 76.5 76.6 76.4 79.8 81.7 83.0 83.9 83.8 83.1 82.8 83.5 84.5 84.2 85.5 88.7 91.5 93.1 94.9 96.3 96.8 96.7 96.7 96.7 96.6 96.5 96.5 96.1 96.3 96.7 96.7 96.6 96.9 97.0 96.9 96.8
53.9 53.0 55.0 57.5 58.2 73.3 76.1 78.1 79.7 79.9 79.2 77.8 76.3 77.4 76.5 75.0 75.0 75.7 76.6 80.3 81.8 83.1 83.9 83.0 82.4 82.3 84.0 85.3 84.7 85.8 88.9 91.4 92.6 94.4 96.3 96.9 96.7 96.6 96.6 96.4 96.3 96.3 96.0 96.1 96.6 96.4 96.6 96.8 96.9 96.8 96.7
54.0 53.3 54.9 56.8 57.3 71.3 75.4 77.6 79.7 78.8 76.9 75.8 75.3 74.8 74.2 73.4 74.2 75.4 76.9 80.8 83.0 83.8 83.4 81.6 81.2 82.0 84.5 86.5 86.6 88.3 91.1 92.7 93.0 94.5 96.5 97.0 96.8 96.4 96.3 96.3 96.2 96.2 96.0 96.1 96.5 96.4 96.7 96.8 96.9 96.8 96.5
54.1 53.6 54.9 56.2 56.8 58.7 72.5 76.4 79.4 77.6 74.9 74.1 73.4 71.3 72.2 72.3 73.4 74.9 77.1 81.5 84.7 83.8 82.5 80.7 80.4 81.8 84.6 87.2 88.3 90.0 92.1 93.4 94.1 95.1 96.5 96.9 96.7 96.3 96.3 96.2 96.2 96.2 96.0 96.1 96.4 96.5 96.9 96.9 96.8 96.6 96.3
54.2 53.9 54.8 55.7 56.1 55.9 69.8 76.3 78.1 74.4 71.4 70.5 69.5 69.2 70.7 71.2 71.8 73.8 76.8 82.2 85.7 83.7 81.7 80.1 79.5 81.6 84.3 87.0 89.2 90.8 92.6 93.9 94.9 95.7 96.4 96.7 96.8 96.3 96.2 96.2 96.1 96.2 96.0 96.2 96.1 96.1 97.0 96.9 96.9 96.5 96.1
54.3 54.2 54.7 55.3 55.1 55.1 57.1 68.2 73.0 68.5 66.5 65.6 66.7 68.2 70.1 69.8 70.3 72.6 75.9 81.4 86.0 83.9 81.2 79.2 78.0 79.8 82.8 86.2 89.7 92.2 93.1 93.9 95.0 95.9 96.4 96.4 96.3 96.3 96.2 96.2 96.0 96.1 95.7 96.0 96.2 96.4 97.0 96.8 96.7 96.3 95.8
54.4 54.3 54.6 55.0 54.6 54.9 53.6 61.6 66.4 57.1 59.8 61.8 64.2 65.7 67.4 68.0 68.7 70.5 73.8 79.8 84.9 83.4 80.7 78.3 75.9 76.5 80.2 84.7 89.6 92.8 93.2 93.6 95.0 96.1 96.6 96.7 96.2 96.1 96.0 96.0 95.7 95.9 95.6 95.7 95.8 96.5 96.8 96.6 96.4 96.0 95.5
54.5 54.4 54.5 54.7 54.4 54.3 53.8 54.3 54.0 54.5 53.7 59.9 61.8 64.3 65.8 66.4 67.4 69.0 72.9 77.9 81.2 80.5 79.6 78.2 75.4 75.3 78.0 82.8 88.3 91.4 93.2 94.1 95.4 96.2 96.5 96.6 96.1 96.0 95.8 95.9 95.8 95.6 95.5 95.8 96.1 96.4 96.5 96.2 96.1 95.7 95.2
54.5 54.5 54.5 54.5 54.3 54.2 54.1 54.1 54.3 54.4 54.5 53.3 58.0 61.5 63.2 64.9 66.3 68.4 71.6 74.9 76.5 77.2 78.2 77.9 76.1 75.8 77.4 80.9 86.6 72.8 93.5 95.0 95.8 96.3 96.4 96.3 96.2 96.0 95.5 95.7 95.6 95.5 95.3 95.3 95.2 95.8 96.2 96.0 95.8 95.5 95.0
54.5 54.5 54.5 54.4 54.3 54.2 54.1 54.2 54.2 54.4 54.0 54.4 52.4 58.2 61.9 64.1 65.9 68.2 70.6 72.2 73.3 75.6 77.1 76.6 75.8 76.0 77.8 80.5 83.9 90.3 93.8 94.7 95.6 95.9 96.2 96.1 95.9 95.6 95.6 95.3 95.1 95.1 95.2 95.3 95.4 96.0 96.1 95.8 95.5 95.2 94.8
54.5 54.5 54.5 54.4 54.3 54.2 54.2 54.2 54.2 54.3 54.0 54.4 52.9 58.0 61.1 63.4 65.5 67.3 68.0 69.9 72.4 75.7 64.4 63.4 73.8 75.6 78.0 80.0 82.2 87.7 91.8 93.5 94.9 95.6 95.9 95.8 95.6 95.4 95.5 95.0 95.1 95.2 95.2 95.4 95.3 95.7 95.8 95.6 95.3 95.0 94.5
54.5 54.5 54.4 54.3 54.3 54.2 54.2 54.2 54.2 54.2 54.2 54.0 54.2 53.0 58.3 61.5 64.5 66.4 59.8 68.8 75.1 77.6 76.2 74.2 74.8 77.1 79.4 80.3 81.4 86.2 89.8 92.3 94.2 95.4 95.6 95.6 95.1 95.1 94.6 94.9 94.9 95.0 95.1 95.4 95.3 95.2 95.3 95.2 95.2 94.8 94.3
54.5 54.5 54.4 54.3 54.2 54.2 54.1 54.1 54.2 54.1 54.3 54.0 54.4 52.8 58.0 62.1 64.7 65.9 68.4 73.7 79.7 81.6 77.9 76.8 77.8 80.9 83.9 84.0 84.5 87.1 89.3 91.7 93.8 95.1 95.4 95.4 95.3 94.7 94.5 94.8 95.0 95.0 95.2 95.4 95.2 95.4 95.3 94.9 95.3 94.8 94.1
54.5 54.5 54.4 54.2 54.1 54.0 54.1 54.1 54.1 54.2 54.3 54.2 54.5 53.3 58.0 62.8 64.8 66.5 69.7 75.4 80.8 83.1 80.3 79.2 80.1 82.7 86.2 87.3 87.4 88.2 89.4 91.2 93.3 95.0 95.4 95.3 95.1 95.0 94.5 94.6 94.9 95.0 95.4 95.5 94.4 95.0 95.5 94.9 95.3 94.7 93.9
54.5 54.5 54.3 54.1 53.9 53.9 54.0 53.9 54.1 54.3 54.4 54.4 54.7 53.4 59.3 65.4 67.1 68.6 72.1 76.8 80.5 82.8 80.8 79.7 80.8 83.8 86.9 88.1 88.0 88.4 89.1 90.8 93.1 94.8 95.2 95.3 95.1 94.7 94.6 94.8 94.9 95.2 95.3 94.8 73.9 94.6 94.9 94.9 94.9 94.5 93.7
54.5 54.4 54.3 53.9 53.7 53.8 53.8 53.8 54.5 54.0 55.1 55.0 54.1 57.8 62.9 67.6 69.5 71.7 75.8 79.8 82.5 83.3 81.0 80.3 82.2 84.7 86.7 88.0 88.3 88.3 88.8 90.3 92.4 94.3 94.9 95.4 95.4 95.2 94.7 94.9 94.8 95.0 94.9 94.7 95.0 94.8 94.7 94.6 76.0 94.1 93.4
54.4 54.4 54.2 53.7 53.6 53.8 53.5 54.3 54.4 54.2 64.6 69.3 65.2 63.4 67.2 71.3 73.7 77.0 81.1 84.7 86.5 84.9 81.9 80.8 82.9 85.1 86.2 87.0 87.5 87.7 88.5 89.7 91.4 93.4 94.5 95.2 95.2 95.1 94.8 95.3 94.8 95.1 94.9 94.4 94.0 94.4 94.4 94.3 94.2 93.8 93.1
54.3 54.3 54.0 53.5 53.6 53.6 53.6 54.8 53.3 62.5 69.2 72.1 69.9 68.6 71.4 74.3 77.8 82.4 86.3 89.4 90.6 88.1 84.7 82.3 82.6 84.7 85.8 85.4 85.2 86.4 87.9 89.2 90.4 92.2 94.0 95.0 95.0 95.1 95.1 95.2 95.1 94.7 94.5 94.4 94.0 94.1 94.0 93.9 93.8 93.4 92.7
54.2 54.2 53.9 53.3 53.6 53.4 54.1 54.1 55.0 66.5 73.2 74.0 72.8 73.0 74.9 75.5 78.9 83.3 86.9 90.1 91.5 90.3 86.9 82.8 81.4 83.7 85.2 84.1 83.2 84.8 87.0 88.3 89.6 91.2 93.4 94.6 94.9 94.9 94.6 95.3 94.9 94.4 94.2 94.0 93.9 93.8 93.7 93.5 93.4 92.9 92.3
54.1 54.1 53.7 53.3 53.6 53.5 54.3 53.6 58.0 70.6 76.4 77.5 76.0 75.8 76.4 76.1 80.0 83.8 87.2 89.6 90.2 88.7 86.0 81.9 80.3 82.8 84.9 84.6 83.6 84.5 86.4 87.5 88.9 90.6 93.0 94.3 94.8 94.7 95.0 95.1 94.7 94.1 93.8 93.7 93.5 93.4 93.3 93.1 92.9 92.5 91.9
53.9 53.9 53.6 53.3 53.6 53.5 54.3 53.9 67.3 74.9 78.1 80.4 78.7 77.4 77.2 77.6 81.1 85.5 89.0 90.3 88.5 86.9 84.5 80.9 79.3 82.5 85.2 85.4 84.6 84.9 86.0 87.0 88.5 90.3 92.6 94.1 94.3 94.4 94.6 95.2 95.2 93.7 93.3 93.1 93.0 92.9 92.9 92.7 92.3 92.0 91.5
53.7 53.7 53.5 53.5 53.6 53.5 54.2 54.5 67.9 75.7 77.7 81.1 81.0 78.9 78.0 80.2 83.0 86.7 89.5 90.2 88.6 86.0 83.3 80.1 79.0 82.3 85.1 84.9 84.1 84.3 84.5 85.4 87.9 90.3 92.8 94.3 94.1 94.1 94.3 94.2 94.6 93.8 93.2 92.9 92.7 92.8 92.6 92.2 91.8 91.4 91.0
53.5 53.5 53.4 53.5 53.5 53.5 54.1 54.7 68.5 76.3 77.4 81.1 81.9 79.4 79.3 84.6 87.0 88.3 89.3 89.8 89.6 86.3 82.9 80.2 79.6 81.8 84.1 83.7 82.7 82.8 83.6 84.8 87.8 90.9 93.1 94.4 93.9 93.8 94.0 94.0 93.8 93.5 93.2 92.9 92.4 92.5 92.3 91.8 91.2 90.9 90.5
53.4 53.4 53.3 53.4 53.3 53.6 54.1 55.1 69.4 76.6 78.0 81.0 82.8 80.5 81.7 85.6 88.0 88.4 87.6 88.2 88.5 85.7 82.7 80.3 79.6 81.2 83.1 82.7 81.8 82.5 84.3 86.3 88.8 91.5 93.6 94.1 93.6 93.5 93.5 93.6 93.5 93.3 92.9 92.4 92.2 92.2 92.0 91.5 90.8 90.4 90.0
53.3 53.3 53.3 53.2 53.2 53.6 53.9 55.9 70.9 77.1 79.0 81.1 82.3 81.5 81.9 85.8 87.8 87.4 85.6 86.8 87.0 84.4 82.2 80.2 79.3 80.5 82.9 82.8 81.9 82.9 84.8 87.4 89.8 91.9 93.3 93.6 93.3 93.3 93.2 93.2 93.2 93.0 92.6 92.2 92.0 92.2 91.7 91.1 90.4 89.9 89.5
53.3 53.3 53.2 53.2 53.2 53.6 53.7 57.8 72.5 77.6 79.0 79.9 81.0 80.6 81.4 85.4 87.1 86.3 83.7 85.4 85.5 83.2 81.9 80.5 79.3 79.6 81.6 82.4 82.3 83.2 85.2 87.9 90.3 92.0 92.7 92.9 93.1 93.1 93.1 92.9 93.0 92.7 92.2 92.0 91.9 91.9 91.3 90.8 90.1 89.4 88.8
53.3 53.3 53.2 53.2 53.2 53.5 54.2 62.8 72.2 76.8 78.0 78.9 80.2 80.2 81.0 84.6 86.1 85.2 81.1 84.1 83.9 82.1 81.2 80.6 79.4 79.3 81.1 82.2 82.8 84.2 86.3 88.6 90.5 91.7 92.5 92.6 92.9 93.1 92.8 92.7 92.8 92.4 92.0 91.9 91.9 91.9 91.1 90.6 89.7 89.1 88.5
53.3 53.3 53.2 53.2 53.2 53.6 54.7 55.1 69.9 75.1 76.7 78.3 79.5 79.9 81.6 83.8 84.7 84.4 66.7 82.8 83.2 80.9 80.3 80.2 79.9 80.4 82.2 83.0 83.9 85.7 87.4 89.0 90.6 91.9 92.4 92.7 92.9 92.9 92.6 92.5 92.9 92.7 91.9 91.8 91.9 91.4 90.9 90.5 89.5 88.8 88.2
53.3 53.3 53.1 53.2 53.2 54.0 55.3 57.0 68.3 72.2 74.3 76.8 78.5 79.7 80.5 82.5 82.9 82.7 68.8 81.7 81.4 80.0 79.8 79.9 80.4 81.5 83.0 83.9 85.4 86.6 87.7 89.7 90.5 91.9 92.5 92.5 92.6 92.6 92.6 92.4 92.6 92.4 92.1 91.8 91.4 91.3 90.8 90.3 89.3 88.6 87.9
53.3 53.3 53.1 53.3 53.3 54.2 55.7 57.0 59.1 69.2 72.8 76.0 77.7 79.1 79.7 80.4 80.1 79.6 79.5 79.9 79.8 79.2 79.5 80.1 81.2 82.5 83.9 85.1 86.6 87.7 89.0 90.1 91.0 91.7 92.3 92.7 92.7 92.7 92.6 92.6 92.3 92.1 91.9 91.8 91.3 91.1 90.7 90.1 89.3 88.5 87.8
53.2 53.2 53.1 53.3 53.1 53.4 53.9 55.2 57.3 60.9 72.2 76.1 79.4 79.8 80.2 76.4 74.1 73.5 76.0 77.7 78.5 78.1 78.9 80.1 82.0 83.7 85.8 87.0 88.0 88.8 89.7 90.4 90.9 91.7 92.2 92.7 92.9 93.0 92.7 92.6 92.0 91.7 91.6 91.3 91.0 90.9 90.5 90.0 89.3 88.6 87.9
53.2 53.2 53.2 53.3 53.1 52.9 52.6 53.8 56.3 60.4 71.7 76.3 79.7 80.4 78.7 72.4 63.3 63.5 74.1 76.8 78.0 77.9 78.9 80.4 82.7 84.6 86.6 87.9 89.0 89.6 90.3 90.7 91.3 91.9 92.4 92.8 93.0 92.9 93.1 92.5 91.8 91.5 91.4 91.2 91.1 90.8 90.5 90.1 89.5 88.8 88.1
53.2 53.2 53.2 53.4 53.1 52.9 52.6 53.5 55.7 60.3 71.2 75.3 78.0 77.9 66.2 63.3 62.5 63.2 66.1 76.6 78.8 78.3 79.4 80.9 83.2 85.1 86.9 88.1 89.3 89.9 90.7 91.1 91.6 92.0 92.5 92.6 92.9 92.9 92.7 92.2 91.8 91.5 91.4 91.3 91.1 90.9 90.6 90.2 89.8 89.1 88.5
