---
Surface Temperature (2m AGL) [F] Valid 1000 PST ~Z75~(1800Z)~Z~ MON 22 May 2017 ~Z75~[18hrFcst@1232z]~Z~
Model= RASP Region= PANOCHE Grid= d2 Reskm= 4.0 Indexs= 1 51 1 69 Proj= lambert 4000 4000 40.0000 40.0000 -73.0000 36.6487 -121.0445
Day= 2017 5 22 MON ValidLST= 1000 PST ValidZ= 1800 Fcst= 18.0 Init= 12 Param= sfctemp Unit= F Mult= 1 Min= 50.3 Max= 89.4
53.9 53.9 53.8 53.8 53.2 52.5 52.1 51.5 53.1 56.7 68.3 73.8 78.2 81.6 83.6 84.5 85.4 86.1 86.8 87.2 87.3 87.3 87.1 86.7 86.2 85.6 85.0 84.6 84.0 84.3 85.0 85.7 86.2 86.9 87.5 88.2 88.9 89.0 89.2 89.0 88.9 88.9 88.7 88.1 87.2 85.7 84.7 84.7 84.6 84.6 85.0
54.1 54.1 53.9 53.8 53.2 52.6 52.3 51.7 53.1 56.1 58.9 72.6 77.4 81.4 83.7 84.7 85.7 86.5 87.2 87.6 87.7 87.6 87.3 86.7 86.2 85.6 85.0 84.5 84.0 84.1 84.7 85.4 85.8 86.6 87.2 87.9 88.9 89.4 89.2 88.9 88.8 88.5 88.6 87.9 87.1 85.8 84.9 84.6 84.5 84.4 84.8
54.2 54.2 53.9 53.5 53.0 52.7 52.7 52.6 53.6 56.0 58.7 72.0 76.9 80.9 83.4 84.7 85.8 86.6 87.3 87.8 87.9 87.8 87.4 86.9 86.4 85.6 85.1 84.5 84.0 84.0 84.5 85.1 85.8 86.3 87.3 87.7 88.5 89.1 89.3 88.7 88.7 88.4 88.2 87.7 87.0 86.0 85.1 84.9 84.5 84.5 84.7
54.4 54.3 53.9 53.1 52.7 52.7 53.2 53.4 53.9 55.0 58.3 72.1 76.9 80.6 83.4 84.8 85.6 86.4 87.1 87.6 87.9 87.8 87.6 87.2 86.6 85.8 85.3 84.8 84.3 84.2 84.4 84.8 85.5 86.0 87.1 87.4 87.9 88.3 88.7 88.7 88.8 88.6 88.0 87.6 87.1 86.5 85.8 85.3 84.7 84.5 84.7
54.4 54.4 54.0 52.9 52.9 53.1 52.9 52.3 51.2 52.1 67.2 74.1 78.5 82.3 84.4 85.5 85.5 85.4 86.2 87.0 88.0 88.1 87.8 87.4 86.7 86.0 85.4 84.7 84.2 83.9 84.2 85.0 84.8 85.7 86.3 86.6 87.2 88.1 88.6 88.4 88.5 88.3 88.0 88.3 87.4 87.2 85.5 85.4 84.8 84.5 84.7
54.5 54.4 54.0 53.0 53.0 53.1 53.0 52.7 50.8 62.8 71.0 74.9 79.3 83.2 84.8 85.4 85.4 85.2 85.2 86.1 87.1 88.2 88.1 87.5 86.7 85.9 85.4 85.4 84.1 83.6 83.7 84.7 84.6 85.6 86.1 86.5 86.9 87.7 88.6 88.3 88.5 88.4 88.8 87.7 87.4 86.9 85.4 85.5 84.8 84.5 84.6
54.5 54.4 54.0 53.1 53.2 53.1 53.3 52.1 51.9 65.3 72.5 76.0 80.2 83.5 84.4 84.6 84.6 84.8 84.3 85.1 87.2 88.1 88.1 87.3 86.4 85.7 85.5 85.3 84.1 83.2 82.9 83.6 84.3 85.4 85.9 86.0 86.3 86.9 88.3 88.1 88.3 88.1 87.9 87.5 87.3 86.8 84.8 85.0 84.6 84.4 84.4
54.5 54.4 54.0 53.2 53.2 53.1 53.4 51.5 60.1 67.9 73.2 76.7 81.3 83.4 84.1 84.2 84.3 84.8 84.9 84.7 86.7 87.5 87.8 87.1 86.1 85.4 85.6 85.2 84.0 82.5 82.1 83.4 83.8 85.0 85.7 85.5 85.9 86.3 87.7 87.8 88.0 88.1 87.7 86.7 86.2 84.9 84.4 84.7 84.5 84.4 84.4
54.4 54.4 54.0 53.2 53.3 53.2 53.2 51.6 50.8 66.0 73.1 77.6 81.6 84.2 84.7 84.3 84.6 85.2 85.2 85.3 86.2 86.9 87.4 87.2 85.8 85.2 85.8 85.0 82.7 80.8 80.7 82.3 84.1 85.1 85.2 84.8 85.7 86.3 86.9 87.1 87.4 87.9 87.4 85.7 84.5 84.4 84.7 84.6 84.4 84.4 84.4
54.4 54.4 53.9 53.2 53.3 53.2 53.0 52.4 50.4 66.3 73.1 79.4 83.1 84.7 85.3 84.8 84.9 85.1 84.7 84.6 85.2 86.3 87.1 86.9 85.4 85.2 85.8 84.4 81.2 79.2 80.6 83.0 85.0 85.3 84.7 84.7 85.5 86.2 87.3 87.0 86.7 87.2 87.6 86.9 84.9 84.5 84.6 84.4 84.5 84.3 84.5
54.4 54.4 53.9 53.2 53.4 53.1 52.9 51.5 63.3 71.0 75.6 80.7 83.2 84.6 85.2 85.3 84.8 84.2 84.3 84.3 84.5 85.7 86.5 86.2 85.1 85.0 85.3 83.5 80.4 79.8 82.3 84.2 85.2 85.5 84.8 85.1 85.9 86.4 86.2 86.7 86.7 86.4 87.3 86.9 85.2 84.8 84.5 84.8 84.3 84.3 84.6
54.4 54.4 54.0 53.5 53.6 53.1 53.2 51.3 66.3 74.0 79.2 81.0 82.9 84.3 84.5 84.9 84.9 85.1 84.6 84.5 84.5 85.1 85.7 85.3 84.9 84.5 83.8 81.8 80.8 82.2 83.9 84.6 85.0 85.4 85.3 85.5 86.0 86.0 86.2 86.3 86.6 86.6 86.6 86.9 86.0 84.7 84.0 84.3 84.3 84.3 84.6
54.4 54.3 54.2 53.9 53.7 53.3 53.5 65.6 71.8 75.6 79.9 81.6 83.1 84.1 84.0 84.4 84.6 84.3 84.5 84.5 84.6 85.1 85.4 85.3 84.9 84.0 82.0 80.6 82.4 84.1 84.8 84.8 85.4 85.8 85.8 85.8 86.3 86.0 86.3 85.9 86.3 86.0 85.6 86.0 84.5 84.1 83.9 84.3 84.3 84.2 84.5
54.4 54.3 54.4 54.3 54.0 53.9 54.4 69.1 75.9 77.9 81.0 82.2 83.2 83.9 84.4 84.3 84.0 84.4 85.2 84.9 84.6 85.0 85.6 85.9 85.4 83.6 81.0 81.4 83.9 84.7 84.8 85.1 85.9 86.0 85.9 85.7 86.3 86.3 87.4 86.2 86.4 86.2 85.6 85.3 84.6 84.4 84.4 84.4 84.2 84.2 84.4
54.4 54.3 54.6 54.8 54.6 54.8 55.5 72.2 77.8 80.7 81.6 81.8 82.9 83.7 84.5 84.4 83.9 84.2 85.0 84.7 84.3 84.5 85.2 85.6 85.3 82.9 81.2 82.8 84.1 83.9 84.7 85.6 86.1 86.0 85.8 85.5 85.5 86.1 85.8 86.6 86.4 86.9 85.2 83.9 84.3 84.0 84.2 84.1 83.8 83.8 84.0
54.5 54.3 54.8 55.1 55.2 55.7 56.8 74.0 79.8 81.8 81.9 81.7 82.9 83.6 84.3 84.4 84.1 84.2 84.4 84.6 84.1 84.0 84.6 85.0 84.6 82.4 81.5 83.0 82.8 82.4 84.1 85.6 85.8 85.2 85.4 85.9 85.7 86.0 86.1 86.3 85.9 85.2 85.5 84.4 83.9 83.3 83.6 83.4 83.2 83.1 83.3
54.5 54.4 55.0 55.4 55.7 56.5 57.9 75.3 80.0 81.6 81.9 82.8 83.3 83.5 83.9 84.2 83.3 83.5 84.1 84.6 84.0 83.6 84.5 85.0 84.2 82.1 81.8 82.2 81.1 81.4 83.2 84.8 84.7 84.3 84.7 85.9 85.9 86.0 85.8 86.9 85.9 85.6 85.2 84.0 83.3 83.1 82.8 82.7 82.6 82.5 82.6
54.6 54.4 55.1 55.6 56.1 57.1 59.3 77.0 80.0 80.9 81.8 83.4 83.8 84.2 83.9 83.8 83.0 83.2 84.1 84.6 83.9 83.5 84.7 85.1 83.6 81.7 81.7 81.1 80.4 82.1 83.8 83.8 83.0 82.7 83.4 85.5 85.9 86.1 85.9 86.0 86.0 85.8 85.0 83.3 83.2 82.8 82.6 82.3 82.2 82.1 82.1
54.6 54.4 55.3 55.8 56.3 57.5 59.8 78.0 79.5 80.0 81.9 83.3 83.5 83.7 83.6 83.3 83.0 83.2 84.1 84.4 83.8 83.4 84.6 84.5 82.9 81.6 81.0 80.3 81.0 83.4 83.5 81.5 80.1 80.5 82.4 85.3 86.1 86.4 86.2 86.1 86.0 85.7 84.9 83.5 83.0 82.7 82.3 82.1 81.9 81.8 81.8
54.7 54.5 55.4 56.1 56.4 57.7 73.1 80.0 79.3 79.3 81.8 82.9 83.7 83.5 83.4 82.7 82.6 82.9 83.8 84.2 83.7 83.5 84.4 84.0 82.6 81.8 80.6 80.3 81.8 82.8 81.1 79.1 78.1 79.8 83.2 85.3 86.1 86.3 86.2 86.1 85.9 85.6 84.5 83.7 82.9 82.5 82.2 81.9 81.7 81.5 81.4
54.8 54.6 55.6 56.4 56.8 58.5 74.2 80.5 79.8 79.1 81.1 82.8 83.7 83.3 83.1 82.2 82.5 83.2 83.8 83.8 83.4 83.5 84.4 84.0 82.5 81.6 80.3 80.6 80.7 79.8 77.8 77.5 78.5 80.7 84.3 85.8 86.1 86.5 86.2 86.1 85.8 85.3 84.3 83.5 83.0 82.5 82.3 81.9 81.6 81.4 81.1
54.9 54.7 55.9 56.8 57.3 59.1 61.3 80.0 79.9 78.3 80.4 82.3 83.1 83.1 82.9 82.3 82.3 83.3 83.3 83.4 83.1 83.4 83.9 83.8 82.2 80.7 79.6 79.3 77.8 76.0 75.6 77.4 80.2 82.3 84.9 85.8 86.1 86.0 86.0 86.0 85.5 84.7 83.9 84.0 83.2 82.4 81.9 81.6 81.5 81.1 80.4
55.0 54.8 56.0 57.1 57.9 59.3 60.8 80.2 79.5 77.5 79.1 80.5 82.3 82.1 82.1 82.5 82.6 83.4 83.6 83.5 82.8 83.1 83.8 83.5 81.6 79.8 79.0 78.6 76.1 74.5 75.7 79.5 82.0 83.2 84.9 85.8 86.3 86.3 86.5 85.9 85.2 84.9 83.9 83.6 83.0 82.4 81.9 81.6 81.4 81.1 80.5
55.1 54.9 56.2 57.4 58.4 59.9 61.3 79.7 79.6 77.7 78.5 79.8 81.3 80.9 81.4 82.5 83.0 84.1 84.4 83.6 82.4 82.9 83.6 83.0 80.3 78.9 79.4 79.0 76.8 75.6 78.0 80.9 81.8 82.4 84.4 85.8 86.4 86.5 86.4 86.1 85.4 84.7 84.2 83.9 83.1 82.8 81.9 81.7 81.5 81.0 80.6
55.1 54.9 56.3 57.6 58.7 60.6 62.5 79.4 78.3 77.5 79.6 79.6 79.2 79.5 81.3 82.4 83.2 85.4 84.4 83.4 81.9 82.4 82.9 81.7 79.1 79.1 80.1 79.3 77.8 78.6 80.8 81.2 80.4 81.4 84.7 86.0 86.7 86.8 86.5 86.3 85.7 84.4 84.6 84.2 83.3 82.6 82.0 81.7 81.6 80.8 80.7
55.1 54.9 56.4 57.8 58.6 61.1 76.1 79.1 76.2 75.8 78.0 76.7 76.7 79.5 81.8 82.2 82.6 84.7 84.4 82.5 82.2 82.3 82.4 81.4 79.5 80.0 80.5 79.9 80.4 82.5 83.2 81.5 80.1 81.5 85.0 86.4 87.2 87.1 86.6 86.2 85.5 85.0 84.4 83.9 83.8 82.7 82.1 81.8 81.7 81.3 80.9
55.0 54.9 56.4 57.9 58.6 61.3 77.4 78.9 75.7 74.9 74.7 73.1 74.9 80.2 82.3 81.9 81.9 83.8 84.1 82.3 81.9 82.1 82.7 82.6 81.1 80.5 80.3 80.4 82.6 84.1 83.5 81.6 80.8 83.4 85.3 86.7 87.9 88.1 86.5 85.9 84.8 84.6 84.0 83.9 83.5 82.9 82.3 82.1 81.8 81.5 81.3
55.0 54.8 56.5 58.1 58.8 61.4 77.2 79.2 76.8 76.0 74.9 73.8 76.5 80.6 82.2 81.8 81.9 83.7 83.5 82.2 81.8 82.3 83.1 83.2 81.9 80.3 79.9 80.9 83.0 83.1 82.8 82.4 82.7 84.9 85.9 86.5 86.6 86.8 86.6 85.7 84.5 84.5 84.2 84.2 83.9 83.1 82.5 82.5 82.0 81.9 81.7
55.0 54.8 56.6 58.4 59.2 61.8 76.6 79.2 78.4 78.8 79.0 79.3 80.5 81.3 81.2 81.2 82.5 84.6 82.6 81.6 81.9 82.4 82.8 82.7 81.5 79.9 79.9 81.4 82.3 82.8 83.5 84.0 84.3 85.9 86.2 86.7 86.5 86.7 86.4 85.5 84.1 84.2 83.6 83.6 83.4 83.7 83.1 82.8 82.4 82.2 82.1
54.9 54.9 56.7 58.8 60.0 62.4 76.5 79.1 78.7 78.4 80.1 82.1 83.0 81.7 80.1 80.8 83.0 83.4 82.4 81.7 82.0 82.5 82.7 82.5 81.4 80.0 79.9 81.4 82.9 84.6 84.8 84.5 84.6 86.3 86.6 86.5 86.2 86.3 86.4 85.5 84.0 83.8 83.6 83.9 83.8 83.7 83.3 83.0 82.8 82.6 82.5
55.0 54.9 56.9 59.2 60.5 62.7 76.6 78.8 77.8 76.7 77.6 79.5 81.9 80.1 78.7 81.0 84.0 83.4 81.6 80.6 81.0 82.4 83.1 82.7 81.2 80.1 80.0 81.7 84.5 85.8 84.5 83.3 83.9 86.0 86.5 86.8 86.2 86.3 86.5 86.1 83.9 83.8 83.5 83.8 83.6 83.7 83.5 83.1 83.1 82.9 82.8
54.9 54.9 57.1 59.5 60.6 75.3 77.3 78.7 77.5 75.2 74.5 76.9 79.4 77.9 77.7 81.5 82.7 82.4 80.7 80.0 81.7 83.4 84.0 82.3 80.0 79.8 80.7 83.2 85.4 85.5 83.2 82.0 83.1 85.7 86.3 86.3 86.4 86.3 86.1 85.2 83.9 84.0 83.7 83.7 83.5 83.6 83.6 83.4 83.3 83.2 83.1
54.8 54.9 57.3 59.8 61.1 76.6 77.7 78.9 77.6 75.0 74.7 76.9 77.6 75.9 77.3 80.9 82.4 81.6 80.1 80.4 82.7 84.0 84.3 82.0 79.2 79.4 81.7 83.4 84.5 84.6 83.1 82.1 83.1 85.3 86.3 86.4 86.4 86.0 85.6 84.6 83.9 83.9 83.3 83.5 83.0 83.5 83.7 83.5 83.5 83.4 83.3
54.7 54.9 57.6 60.3 74.3 78.0 78.1 78.5 78.3 77.6 78.0 78.7 77.4 76.1 77.1 80.8 81.1 80.4 79.6 80.4 82.4 83.8 84.1 81.9 79.6 79.8 81.1 81.2 82.2 84.2 84.1 83.0 83.5 85.3 86.2 86.3 86.8 85.9 85.6 84.7 83.9 83.9 83.3 83.4 83.3 83.4 83.6 83.6 83.6 83.6 83.6
54.6 54.9 57.6 60.5 74.3 78.1 78.3 78.7 79.1 79.7 81.7 82.1 79.1 76.6 76.8 79.9 80.2 79.4 79.1 79.9 81.6 83.4 83.8 82.5 81.2 81.2 80.4 79.2 79.9 83.1 84.5 84.5 84.9 85.8 86.3 86.3 86.1 85.7 85.4 84.8 84.1 83.9 83.6 82.9 83.2 83.3 83.6 83.7 83.8 83.9 83.9
54.5 54.9 57.6 60.6 74.7 78.6 78.6 79.1 78.4 78.0 82.0 84.0 80.6 76.9 77.3 80.4 79.4 78.5 78.6 79.5 81.1 83.7 84.2 83.8 82.8 82.3 80.8 79.2 78.8 80.8 83.2 84.4 84.9 85.9 86.5 86.4 86.0 85.4 85.2 84.9 84.5 83.8 83.5 83.0 82.8 83.2 83.1 83.7 83.9 84.2 84.2
54.4 54.9 57.4 59.7 60.9 78.0 78.9 79.1 79.2 79.0 81.0 82.8 80.4 76.5 77.0 78.7 78.2 77.8 78.1 79.4 81.0 83.5 84.6 84.3 83.2 82.4 81.4 80.4 79.1 79.5 81.6 83.5 84.4 85.7 86.3 86.3 85.8 85.5 85.2 84.8 84.3 83.7 83.1 83.2 83.1 83.2 83.0 83.7 83.9 84.3 84.6
54.3 54.9 57.0 59.0 60.7 76.8 79.0 79.0 78.3 79.0 79.4 81.1 79.6 76.2 76.0 77.4 76.6 77.2 78.0 79.7 81.0 83.0 84.1 83.5 83.1 82.4 81.8 81.3 80.0 79.8 81.7 83.4 84.1 85.2 86.3 86.4 85.9 85.3 85.0 84.6 84.2 83.6 83.1 82.8 83.1 82.8 83.0 83.7 83.9 84.3 85.1
54.3 54.8 56.5 58.1 59.8 72.7 78.6 79.0 77.9 76.9 76.5 78.3 78.9 74.7 75.0 75.6 75.7 76.6 78.3 79.6 80.8 82.5 83.0 82.3 82.8 82.4 81.9 81.7 81.1 81.3 83.1 84.1 84.2 85.1 86.2 86.4 86.0 85.2 84.8 84.5 84.2 83.6 83.1 82.9 83.1 82.8 82.9 83.7 83.9 84.3 85.0
54.2 54.7 55.9 56.9 57.3 58.9 76.6 76.9 76.8 76.1 75.0 74.6 74.3 73.5 75.2 74.7 75.2 75.9 79.1 79.7 81.3 81.9 81.9 81.2 82.7 82.2 81.4 81.6 82.0 82.4 83.9 84.7 85.1 85.3 86.2 86.2 85.9 85.1 84.8 84.6 84.3 83.7 83.2 83.0 83.2 83.2 83.2 83.8 84.0 84.3 84.6
54.2 54.5 55.2 55.8 55.2 56.7 70.6 75.0 74.8 74.3 73.7 72.7 72.1 72.4 73.1 73.5 74.3 76.4 79.2 80.0 80.9 80.8 80.7 80.3 81.4 81.7 80.6 80.9 82.4 83.1 84.2 85.0 85.6 85.7 85.9 86.1 85.9 85.1 84.8 84.7 84.3 83.8 83.6 83.5 82.9 82.9 84.1 84.0 84.0 84.3 84.8
54.1 54.2 54.6 54.5 52.5 52.6 54.5 70.1 72.1 67.7 70.8 70.7 71.2 72.9 73.1 73.0 73.1 76.8 79.8 79.3 80.1 80.2 80.0 79.8 80.1 80.8 79.8 80.5 82.8 84.4 84.5 85.0 85.6 85.8 85.9 85.8 85.3 85.2 84.9 84.7 84.2 83.9 83.3 83.5 83.4 83.5 84.3 84.1 84.1 84.3 84.7
53.9 53.9 53.9 53.6 52.1 51.9 51.7 64.0 63.9 53.2 60.2 66.1 68.9 69.8 71.9 71.9 72.0 75.8 79.1 78.9 79.5 80.0 79.9 79.4 78.6 79.6 79.2 80.1 83.2 85.1 85.0 85.0 85.4 85.9 86.1 86.3 85.3 85.2 84.8 84.5 83.9 83.9 83.3 83.3 83.3 84.0 84.6 84.2 84.3 84.3 84.2
53.9 53.8 53.5 52.9 51.7 51.5 51.6 50.3 50.5 52.0 51.1 60.0 64.0 68.0 69.6 70.4 71.0 74.8 77.7 78.7 79.8 80.2 80.1 79.7 78.1 80.2 80.2 80.2 82.6 84.0 84.9 85.0 85.5 85.8 86.0 86.1 85.4 85.1 84.5 84.4 84.2 83.4 82.9 83.3 83.8 83.4 84.3 84.1 84.2 84.2 84.5
53.9 53.8 53.6 52.8 51.8 51.5 51.3 51.7 52.0 52.1 52.8 51.8 57.6 63.7 66.3 68.9 70.8 74.4 77.3 79.0 80.3 80.8 80.4 79.8 78.7 81.2 81.9 81.2 81.6 69.3 85.0 85.5 85.7 85.8 85.9 85.7 85.6 85.0 84.2 84.2 83.6 82.9 82.0 82.1 82.0 83.4 84.0 84.0 84.0 84.1 84.5
54.0 53.9 53.7 53.0 52.3 51.9 51.8 51.9 51.6 52.0 51.6 53.0 51.2 59.2 64.0 67.1 69.8 73.7 76.8 78.5 79.8 80.5 79.1 78.2 78.7 81.9 83.0 82.5 82.7 83.8 85.4 85.5 85.7 85.5 85.8 85.6 85.2 84.6 84.4 83.1 82.4 82.1 82.3 82.2 82.2 83.5 83.9 83.8 83.7 83.9 84.3
54.1 54.0 53.7 53.2 52.9 52.5 52.1 52.1 52.2 52.3 52.3 53.1 51.8 58.3 62.6 66.0 70.1 72.9 74.3 77.5 80.0 79.9 64.0 63.8 79.1 83.0 83.9 83.3 82.6 83.2 84.3 84.8 85.3 85.4 85.5 85.3 84.7 84.4 83.9 82.4 82.6 82.5 82.5 82.4 82.3 83.5 83.8 83.7 83.7 83.9 84.4
54.0 54.0 53.8 53.4 53.3 53.1 52.7 52.5 52.5 52.5 52.9 52.6 53.6 51.5 59.1 64.6 69.4 72.6 60.8 76.0 80.3 80.0 77.8 78.6 81.5 83.0 83.8 83.8 82.5 81.8 82.7 84.1 84.9 85.3 84.9 84.8 83.7 83.2 81.9 82.5 82.4 82.5 82.4 82.5 82.7 82.5 83.1 83.5 83.7 84.0 84.4
54.0 54.0 53.9 53.5 53.4 53.3 53.1 53.0 53.0 53.0 53.3 53.0 53.8 51.8 59.3 65.8 69.2 72.8 76.8 78.8 80.1 80.0 78.5 80.4 81.6 82.1 83.1 83.6 82.8 81.8 82.4 83.8 84.6 85.1 84.8 84.4 83.6 82.2 82.0 82.3 82.5 82.3 82.4 82.8 83.4 83.5 83.4 83.6 84.0 84.2 84.3
54.0 54.0 53.9 53.6 53.4 53.3 53.3 53.3 53.4 53.5 53.7 53.4 54.0 51.9 59.7 66.7 69.5 73.1 78.1 79.9 80.7 79.9 79.2 80.7 81.2 81.5 82.7 83.0 82.6 82.2 82.5 83.1 84.0 85.0 84.8 84.2 83.4 82.7 81.7 81.9 82.2 82.3 82.9 83.6 82.4 83.3 84.1 83.8 84.1 84.3 84.2
54.0 54.0 53.8 53.6 53.4 53.4 53.4 53.5 53.8 53.8 53.7 53.7 54.1 51.9 62.0 69.8 72.1 75.7 79.4 80.8 81.1 80.4 78.3 80.1 80.9 81.2 82.3 82.9 82.6 82.4 82.3 82.7 83.8 85.1 84.6 84.1 83.2 81.8 81.8 81.9 82.2 82.5 83.5 82.6 67.1 82.1 83.1 83.8 84.2 84.2 84.0
54.0 53.9 53.8 53.4 53.3 53.4 53.5 53.7 54.2 53.4 54.6 54.6 53.6 59.4 66.3 72.1 74.8 78.2 80.6 80.9 81.1 80.3 77.9 80.0 81.3 81.3 81.8 82.8 83.0 82.5 82.1 82.4 83.3 84.5 84.3 84.3 83.8 82.9 82.0 82.3 82.2 82.9 83.5 83.2 82.3 83.2 83.3 83.7 71.1 84.0 83.8
53.9 53.9 53.7 53.3 53.2 53.4 53.3 54.1 53.7 54.0 64.5 66.9 65.3 66.2 70.0 74.6 77.6 79.5 80.3 81.0 81.1 80.5 78.3 79.6 81.0 81.4 81.5 82.0 82.3 82.2 82.2 82.4 82.9 84.2 84.2 84.4 83.6 83.0 82.5 83.2 82.9 83.8 83.7 83.3 82.8 83.1 83.0 83.6 84.0 84.0 83.7
53.9 53.9 53.6 53.1 53.1 53.3 53.3 54.5 52.5 62.9 68.6 70.6 70.6 71.2 73.7 76.6 78.9 79.0 80.2 81.2 81.2 80.6 78.5 78.7 79.8 80.8 81.4 80.8 80.6 81.3 82.1 82.5 82.8 83.4 84.2 84.2 83.2 83.2 82.9 83.4 83.6 83.5 83.4 83.5 82.9 83.1 82.9 83.4 83.9 83.8 83.6
53.9 53.9 53.5 52.9 53.1 53.2 53.6 53.9 53.7 65.7 71.4 72.5 73.6 74.4 76.0 77.6 78.7 78.6 80.0 81.2 81.6 81.0 78.6 77.9 79.1 80.1 81.2 80.1 79.1 80.3 81.8 82.4 82.7 83.1 84.1 83.9 83.4 83.1 82.2 83.4 83.1 83.3 83.1 83.2 83.1 82.9 82.7 83.3 83.7 83.7 83.4
53.8 53.8 53.4 52.9 53.1 53.2 53.8 53.0 55.9 68.0 74.1 76.3 77.2 77.4 77.7 78.6 78.7 78.6 79.6 81.0 81.3 80.1 78.2 77.6 78.1 79.6 81.1 80.7 79.7 80.4 81.8 82.2 82.8 83.2 84.3 83.9 83.7 83.4 83.5 82.9 82.6 83.0 82.8 82.8 82.8 82.9 82.6 83.1 83.5 83.5 83.3
53.7 53.7 53.3 52.9 53.2 53.2 53.9 52.3 66.2 72.0 76.8 78.6 79.1 78.9 78.8 79.3 78.6 78.5 79.9 80.6 80.1 79.0 77.7 77.5 77.6 79.4 81.3 81.4 80.7 81.0 81.8 82.2 82.8 83.3 84.0 83.9 83.5 83.5 83.5 83.0 82.7 82.7 82.4 82.3 82.3 82.2 82.4 83.0 83.4 83.4 83.3
53.6 53.6 53.2 53.0 53.2 53.2 53.7 52.6 67.2 73.7 78.2 79.1 80.1 80.0 80.0 79.8 77.9 78.5 79.6 79.5 79.3 78.3 77.2 77.6 77.8 79.6 81.3 81.0 80.3 80.6 80.7 81.1 82.4 83.5 84.3 84.4 83.6 83.6 83.7 83.5 83.1 83.0 82.5 82.2 82.0 82.4 82.2 82.8 83.2 83.3 83.4
53.5 53.6 53.2 53.1 53.2 53.1 53.7 52.5 68.0 74.7 78.8 79.6 80.3 79.9 79.8 79.6 78.8 79.1 79.5 79.5 79.5 78.2 76.8 78.0 78.6 79.7 80.7 79.9 79.2 79.8 80.1 80.6 82.5 84.2 84.5 84.8 83.6 83.6 83.6 83.5 83.2 82.9 82.5 82.2 81.8 82.1 82.1 82.7 83.0 83.2 83.3
53.4 53.5 53.2 53.2 53.1 53.1 53.6 52.7 68.4 75.0 79.0 80.2 80.2 79.4 78.9 78.4 79.2 79.4 79.2 79.2 79.5 78.2 77.0 78.1 78.8 79.5 80.0 79.2 78.8 79.3 80.7 82.0 83.7 85.1 85.6 84.9 83.7 83.5 83.2 83.2 82.8 82.6 82.2 81.7 81.6 81.7 81.9 82.5 82.8 83.1 83.2
53.4 53.4 53.3 53.3 53.0 53.1 53.4 53.1 68.7 74.9 79.3 80.7 80.2 79.5 78.6 78.3 79.2 79.2 79.0 79.0 79.3 78.0 77.3 77.8 78.4 79.3 79.8 79.4 79.1 79.5 80.9 82.9 84.7 85.8 85.8 84.7 83.5 83.2 83.0 82.8 82.7 82.3 81.9 81.5 81.3 81.7 81.6 82.3 82.6 82.8 83.0
53.3 53.3 53.3 53.3 52.9 53.1 52.9 54.8 69.1 74.7 79.1 80.9 80.7 79.8 78.7 78.4 79.0 78.9 79.3 78.9 79.1 77.9 77.6 77.8 78.4 79.1 79.6 79.6 79.5 79.9 81.3 83.5 85.2 85.8 84.8 83.6 83.2 82.8 82.8 82.4 82.5 82.2 81.5 81.3 81.2 81.7 81.6 82.2 82.4 82.7 82.9
53.2 53.2 53.1 53.0 52.7 53.0 52.4 61.6 69.6 74.3 78.3 80.6 81.1 79.5 77.3 78.4 78.7 78.9 77.8 79.4 79.4 78.0 77.7 78.1 78.9 79.2 79.8 79.8 80.0 80.9 82.4 84.3 85.4 85.3 84.4 83.2 82.9 82.7 82.2 82.0 82.4 82.1 81.5 81.1 81.4 82.0 81.5 82.1 82.3 82.5 82.6
53.1 53.2 52.7 52.5 52.6 52.8 53.4 52.3 66.9 73.8 77.2 79.5 80.4 79.2 78.0 78.5 78.2 77.5 64.1 78.1 79.5 78.2 77.9 78.6 79.6 80.0 80.6 80.6 81.1 82.3 83.1 84.6 85.4 85.5 84.3 83.3 82.9 82.3 81.8 81.7 82.4 82.5 81.5 81.2 81.7 81.5 80.9 82.0 82.3 82.5 82.5
53.1 53.1 52.6 52.4 52.4 52.9 54.1 53.4 66.1 71.8 75.0 77.0 77.6 77.7 77.1 77.7 77.6 77.0 65.0 77.4 78.2 77.7 77.9 78.5 79.5 80.3 81.0 81.3 82.3 82.9 83.3 84.6 84.8 85.1 84.3 83.2 82.6 82.1 81.8 81.5 81.7 81.6 81.5 81.5 81.0 81.1 80.8 81.8 82.0 82.2 82.4
53.0 53.0 52.6 52.4 52.2 53.1 54.9 55.7 58.2 68.4 72.5 74.7 75.0 75.6 75.0 74.6 74.6 74.5 74.2 75.5 76.2 76.5 77.3 78.2 79.3 80.4 81.5 82.0 83.0 83.6 84.1 84.8 84.8 84.5 84.1 83.5 82.7 82.1 81.7 81.5 81.2 81.0 80.9 80.9 80.8 81.0 81.2 81.5 81.6 81.9 82.2
52.9 52.9 52.8 52.7 52.6 52.2 52.9 52.9 55.9 60.4 72.2 75.0 75.4 76.1 73.4 68.1 65.6 65.9 70.2 73.3 74.7 75.2 76.4 77.9 79.8 81.2 82.6 83.0 83.9 84.4 84.8 84.8 84.6 84.2 83.7 83.0 82.2 81.6 81.1 80.9 80.9 80.6 80.2 80.0 79.9 80.1 80.4 80.7 81.1 81.5 81.9
52.8 52.8 52.8 52.8 52.8 51.7 51.3 50.4 54.7 60.2 72.4 75.3 74.9 74.4 70.8 62.5 58.4 58.9 67.5 71.7 74.3 74.7 76.3 77.7 79.8 81.4 82.8 83.7 84.4 84.9 85.2 85.0 84.7 84.1 83.5 82.8 82.0 81.3 81.1 81.0 80.5 80.2 79.7 79.5 79.4 79.5 79.8 80.2 80.6 81.1 81.6
52.7 52.7 52.8 52.7 52.8 51.6 51.5 50.7 54.6 60.5 72.1 74.4 72.6 71.4 61.9 57.9 58.4 58.8 62.7 72.0 74.7 74.9 76.3 77.3 79.3 80.9 82.4 83.5 84.4 85.2 85.4 85.1 84.7 84.1 83.6 82.8 82.0 81.3 80.8 80.5 80.3 79.9 79.5 79.3 79.3 79.3 79.4 79.8 80.3 80.8 81.3
