---
Surface Temperature (2m AGL) [F] Valid 1300 PST ~Z75~(2100Z)~Z~ MON 22 May 2017 ~Z75~[21hrFcst@1239z]~Z~
Model= RASP Region= PANOCHE Grid= d2 Reskm= 4.0 Indexs= 1 51 1 69 Proj= lambert 4000 4000 40.0000 40.0000 -73.0000 36.6487 -121.0445
Day= 2017 5 22 MON ValidLST= 1300 PST ValidZ= 2100 Fcst= 21.0 Init= 12 Param= sfctemp Unit= F Mult= 1 Min= 50.5 Max= 98.6
54.1 54.1 54.0 54.0 53.4 52.5 52.2 51.7 53.6 57.7 70.1 74.7 77.0 80.0 82.3 84.2 86.1 87.8 89.4 90.4 91.1 91.5 91.4 91.2 90.7 90.4 90.1 90.0 89.8 90.4 91.4 92.5 93.2 94.3 95.3 96.4 97.7 97.8 98.1 98.3 98.6 98.5 98.1 97.4 96.7 95.5 94.6 94.5 94.4 94.4 94.7
54.3 54.2 54.1 54.0 53.4 52.7 52.4 51.8 53.7 56.9 59.7 73.4 76.3 79.6 82.1 84.6 86.7 88.6 90.1 91.1 91.7 91.8 91.7 91.3 90.8 90.4 90.0 89.9 89.7 90.2 91.1 92.1 92.7 93.9 94.9 96.0 97.4 98.0 97.8 98.0 98.2 98.1 98.1 97.4 96.8 95.8 95.0 94.6 94.4 94.4 94.7
54.4 54.4 54.1 53.8 53.3 52.9 52.9 52.7 54.1 56.5 58.9 72.3 76.0 79.5 82.3 85.1 87.3 89.3 90.7 91.7 92.2 92.2 92.0 91.5 91.0 90.4 90.0 89.7 89.6 89.9 90.7 91.6 92.7 93.5 95.0 95.5 96.8 97.6 98.0 97.6 97.9 97.8 97.7 97.3 96.8 96.0 95.3 94.9 94.5 94.4 94.6
54.6 54.5 54.2 53.4 53.0 53.0 53.5 53.7 54.2 55.0 58.0 71.5 76.4 79.6 82.5 85.5 87.8 89.7 91.1 92.1 92.6 92.5 92.3 91.8 91.1 90.4 90.1 89.7 89.6 89.8 90.3 91.2 92.2 92.9 94.5 95.0 95.9 96.6 97.3 97.5 97.9 97.8 97.4 97.0 96.6 96.0 95.3 94.9 94.5 94.3 94.5
54.7 54.6 54.2 53.2 53.2 53.3 53.0 52.5 51.6 51.3 66.6 74.2 77.7 80.5 82.7 85.5 88.3 90.3 91.8 92.4 93.1 93.0 92.5 91.8 91.2 90.5 90.0 89.4 89.3 89.2 89.7 91.2 91.4 92.6 93.8 94.3 95.3 96.1 97.3 97.2 97.8 97.6 97.7 97.5 96.8 96.1 94.8 94.9 94.5 94.3 94.5
54.7 54.6 54.2 53.3 53.3 53.4 53.3 52.9 51.3 61.8 71.1 76.2 79.1 81.4 84.2 87.1 89.4 91.2 92.5 93.0 93.0 93.1 92.8 91.9 91.2 90.3 89.8 90.3 89.1 88.5 89.2 90.7 91.0 92.4 93.2 93.9 94.7 95.6 97.1 97.1 97.5 97.7 98.1 97.0 96.7 95.8 94.8 94.9 94.4 94.3 94.4
54.6 54.6 54.2 53.4 53.4 53.4 53.5 52.6 51.6 64.4 72.9 77.3 79.9 82.5 85.7 88.1 89.8 91.6 92.7 93.2 93.5 93.4 92.8 91.7 90.8 90.0 89.8 89.9 88.8 88.1 88.2 89.2 90.5 92.1 92.8 93.5 94.4 95.3 96.8 96.9 97.3 97.2 97.2 96.7 96.3 95.7 94.4 94.6 94.4 94.3 94.4
54.6 54.6 54.2 53.5 53.6 53.5 53.7 52.3 59.5 68.0 74.3 78.0 80.4 83.6 86.9 88.7 90.1 92.1 93.4 93.6 93.8 93.4 92.7 91.5 90.5 89.7 90.1 89.7 88.3 87.0 87.1 89.1 90.2 91.8 92.6 93.0 94.2 95.1 96.3 96.6 96.9 96.9 96.8 96.0 95.5 94.9 94.4 94.5 94.3 94.3 94.4
54.6 54.5 54.1 53.6 53.7 53.7 53.4 53.2 51.2 64.9 73.9 78.2 80.9 85.4 88.4 89.5 90.9 92.6 93.7 94.1 93.6 92.9 92.4 91.5 90.2 89.6 90.1 88.9 86.5 85.3 86.0 88.2 90.9 92.2 92.4 92.6 94.1 95.0 95.8 95.9 96.4 96.5 96.5 95.4 94.5 94.5 94.5 94.4 94.3 94.3 94.4
54.6 54.5 54.1 53.6 53.8 53.6 53.4 53.0 50.8 65.4 74.4 78.8 83.0 87.5 89.8 90.5 92.0 93.5 94.5 94.5 93.6 92.9 92.6 91.4 89.8 89.4 89.6 88.0 85.1 84.1 85.9 89.4 92.0 92.5 92.2 92.6 93.9 94.8 96.0 95.7 95.8 96.0 96.3 96.1 94.6 94.4 94.5 94.3 94.4 94.3 94.5
54.6 54.5 54.1 53.8 54.0 53.7 53.6 51.5 63.0 72.4 76.9 80.6 85.5 89.7 91.6 91.9 92.8 93.7 94.8 94.7 93.8 93.1 92.4 91.0 89.3 89.2 89.0 87.0 84.7 84.8 88.2 91.1 92.6 93.2 92.7 93.2 94.2 94.9 94.9 95.2 95.6 95.5 95.8 95.9 95.0 94.5 94.4 94.8 94.2 94.2 94.5
54.5 54.4 54.2 54.0 54.2 53.9 53.5 52.7 66.4 75.0 78.5 82.7 87.8 91.3 92.3 92.5 93.1 93.9 94.8 94.8 94.0 92.9 91.6 90.1 89.1 88.6 87.5 86.1 85.7 87.6 90.3 91.6 92.5 93.2 93.2 93.5 94.1 94.2 94.6 94.8 95.2 95.5 95.4 95.5 95.1 94.2 94.0 94.0 94.1 94.1 94.4
54.4 54.3 54.3 54.4 54.5 54.4 53.3 67.1 73.2 77.3 79.1 84.1 89.6 91.8 91.9 92.0 92.4 93.3 94.6 94.6 93.6 92.3 91.1 90.1 89.3 88.1 86.4 85.5 87.5 90.3 91.4 92.0 93.0 93.6 93.9 93.9 94.4 93.9 94.2 94.3 94.8 94.8 94.7 95.0 94.3 93.8 94.0 93.9 93.9 93.9 94.1
54.3 54.3 54.5 54.8 55.0 55.1 55.4 70.6 77.9 79.8 80.8 85.0 89.6 91.2 91.9 91.8 91.7 93.0 94.6 94.2 93.0 91.8 91.1 90.8 89.9 87.7 85.7 86.2 89.4 91.0 91.6 92.4 93.3 93.5 93.8 93.8 94.3 94.5 95.4 94.6 94.6 94.8 94.5 94.3 94.1 93.7 93.9 93.7 93.6 93.5 93.7
54.3 54.2 54.6 55.2 55.6 56.0 56.4 74.7 80.2 81.1 82.2 85.3 88.9 90.7 91.9 92.2 91.7 92.6 93.9 93.9 93.0 91.8 90.9 90.4 89.7 87.4 85.9 87.6 89.7 90.4 91.7 92.9 93.4 93.3 93.3 93.5 93.6 94.1 93.9 94.7 94.6 95.6 94.2 93.5 93.7 93.3 93.4 93.3 93.1 93.1 93.2
54.4 54.2 54.8 55.6 56.1 56.8 57.2 77.2 81.6 82.5 83.6 86.1 89.0 90.6 91.9 92.0 91.4 91.7 93.0 94.0 93.4 91.9 90.6 89.9 88.9 86.9 86.1 87.8 88.2 88.6 91.0 92.8 92.9 92.4 92.9 93.7 93.7 94.2 94.2 94.6 94.5 94.2 94.4 93.7 93.4 92.8 92.9 92.8 92.5 92.4 92.4
54.5 54.3 54.9 55.9 56.3 57.1 58.2 78.5 81.9 82.5 84.1 87.5 89.6 90.9 91.5 91.2 89.9 90.5 92.8 94.3 93.6 92.0 90.8 90.1 88.5 86.5 86.2 86.7 86.0 87.0 89.8 91.6 91.3 90.9 92.0 93.5 93.8 94.1 94.0 95.2 94.5 94.3 94.2 93.4 92.9 92.6 92.3 92.2 92.0 91.9 91.8
54.6 54.4 55.1 56.1 56.4 57.1 59.2 79.8 81.4 82.2 84.9 88.5 90.5 91.6 91.3 90.4 89.0 90.2 93.2 94.5 93.5 92.0 91.1 90.2 87.6 85.9 85.8 85.2 85.0 87.2 89.3 89.4 88.6 88.9 90.7 93.2 93.8 94.3 94.2 94.5 94.6 94.6 94.1 93.1 92.8 92.5 92.3 92.0 91.8 91.5 91.4
54.7 54.5 55.3 56.3 56.4 56.9 60.7 79.8 80.9 82.5 86.4 89.3 90.9 91.6 91.0 89.8 89.2 91.3 93.8 94.5 93.4 92.0 91.0 89.6 86.8 85.4 84.8 84.3 85.4 87.8 88.2 86.2 85.0 86.5 89.7 93.1 93.8 94.4 94.4 94.5 94.6 94.5 94.1 93.2 92.6 92.5 92.2 91.9 91.8 91.5 91.3
54.8 54.6 55.5 56.5 56.3 57.1 76.1 80.8 81.1 83.2 87.1 89.6 91.1 91.1 90.4 88.8 89.7 92.1 94.0 94.3 93.2 91.9 91.0 89.3 86.6 85.4 84.3 84.3 85.7 86.7 85.2 83.0 83.1 86.1 90.6 93.2 94.1 94.4 94.5 94.5 94.7 94.5 93.8 93.5 92.7 92.4 92.2 92.0 91.8 91.5 91.2
54.9 54.7 55.7 56.6 56.7 58.9 76.3 80.5 81.9 84.1 87.1 89.6 90.8 90.5 89.7 88.6 90.4 93.0 94.6 94.1 92.8 91.6 90.8 89.2 86.6 85.1 84.1 84.2 84.1 83.7 81.5 81.9 83.9 87.8 91.8 93.6 94.1 94.6 94.6 94.6 94.6 94.4 93.7 93.3 92.8 92.5 92.4 92.1 92.0 91.7 91.2
55.0 54.8 55.9 56.7 57.4 59.6 62.3 78.9 81.8 84.0 86.5 88.9 89.9 89.8 89.1 89.1 90.9 93.4 94.4 93.8 92.4 91.3 90.3 88.9 86.3 84.3 83.3 82.7 81.3 79.5 79.8 82.6 86.3 89.6 92.3 93.6 94.0 93.9 94.3 94.6 94.5 94.1 93.4 93.6 93.2 92.5 92.1 92.1 92.2 91.7 91.0
55.0 54.8 56.0 57.0 57.6 59.8 62.6 79.0 80.9 82.9 84.8 86.8 88.5 88.2 88.0 89.6 91.6 93.7 94.2 93.5 91.9 90.9 90.0 88.6 85.5 83.2 82.5 81.9 79.3 78.2 80.4 84.6 88.5 90.4 92.3 93.5 94.2 94.3 94.9 94.6 94.3 94.2 93.7 93.3 92.9 92.7 92.3 92.1 92.2 92.1 91.1
55.0 54.8 56.1 57.3 58.0 60.4 63.4 79.2 80.3 82.3 83.8 85.7 87.0 86.4 87.2 89.7 92.2 94.1 94.6 93.3 91.6 90.8 90.3 88.4 84.3 82.1 82.6 82.2 80.1 79.7 82.4 85.8 88.0 89.5 91.8 93.4 94.1 94.5 94.8 94.9 94.4 94.1 93.8 93.8 93.2 93.1 92.4 92.3 92.2 91.7 91.1
54.8 54.6 56.1 57.5 58.5 61.3 64.5 79.0 79.2 81.5 84.4 84.9 84.4 84.6 87.0 89.6 92.3 95.2 94.6 93.2 91.4 90.7 89.9 87.2 83.0 82.2 83.8 82.9 81.5 82.7 84.7 85.8 86.1 88.4 91.9 93.6 94.5 94.7 95.0 95.1 94.8 94.1 94.1 94.2 93.5 92.9 92.5 92.2 92.2 91.5 91.1
54.6 54.4 56.0 57.7 58.4 60.9 78.9 79.6 78.0 80.2 82.4 81.4 81.3 84.1 87.2 89.1 91.6 95.0 94.5 92.7 91.3 90.1 88.8 86.5 83.4 83.6 84.5 84.1 84.6 86.7 87.2 86.1 85.7 88.6 92.3 93.9 94.8 95.0 95.0 95.1 94.6 94.6 93.9 93.9 94.0 93.3 92.7 92.4 92.3 91.9 91.4
54.4 54.3 56.0 57.9 58.8 61.2 79.3 79.6 78.2 79.3 78.8 77.1 78.8 84.7 87.9 89.4 91.6 94.2 94.3 91.7 90.3 89.2 88.2 87.2 85.2 84.3 83.9 84.3 86.4 88.0 87.7 86.6 87.2 90.2 92.8 94.4 95.8 96.2 95.0 94.9 94.2 94.3 93.7 93.9 93.6 93.4 93.0 92.8 92.5 92.2 91.8
54.3 54.2 56.0 58.1 59.2 61.6 78.9 79.8 79.5 80.1 78.4 77.3 80.4 85.5 88.8 90.7 92.2 94.0 93.6 91.5 90.2 89.4 88.5 87.8 86.0 84.1 83.6 84.8 86.9 87.2 87.5 88.1 89.3 91.7 93.1 94.1 94.6 95.0 95.1 94.8 94.1 94.2 93.8 94.2 94.0 93.7 93.3 93.3 92.9 92.7 92.4
54.2 54.1 56.0 58.3 59.6 62.1 78.4 79.4 80.5 82.3 82.5 82.8 84.9 87.2 89.3 91.3 93.4 94.9 92.9 91.2 90.5 89.8 88.5 87.2 85.4 83.6 83.8 85.5 86.7 87.4 88.9 90.1 91.1 92.9 93.6 94.4 94.3 94.8 94.8 94.6 93.6 93.9 93.4 93.7 93.6 94.2 94.0 93.6 93.4 93.2 92.9
54.1 54.0 56.0 58.5 59.6 62.7 78.5 79.2 80.5 82.2 84.3 86.5 88.1 87.9 87.7 90.4 93.6 93.8 92.0 90.5 90.1 89.7 88.5 87.0 85.2 83.7 84.0 85.6 87.5 89.4 90.3 90.7 91.4 93.2 93.8 93.9 93.9 94.3 94.8 94.4 93.5 93.6 93.3 94.1 94.1 94.3 94.1 93.8 93.7 93.5 93.3
54.1 53.9 56.1 58.7 59.4 63.0 78.5 79.1 80.0 80.8 81.8 84.1 87.2 85.8 85.6 90.1 94.3 93.5 90.8 88.3 88.0 89.0 88.7 87.2 85.0 83.7 84.1 86.2 89.1 90.3 89.6 89.2 90.7 93.1 93.8 94.4 93.9 94.3 94.9 95.1 93.5 93.6 93.3 94.0 93.9 94.1 94.2 93.8 93.9 93.8 93.6
54.1 53.7 56.1 58.9 59.4 76.5 79.0 79.2 79.9 79.0 78.2 81.2 84.4 82.9 83.5 89.7 93.0 92.3 89.1 86.2 87.0 88.7 88.9 86.5 83.9 83.4 84.7 87.6 89.9 89.8 87.8 87.4 89.5 92.5 93.5 93.8 94.0 94.4 94.7 94.4 93.4 93.8 93.6 93.9 93.9 94.0 94.2 94.1 94.0 94.0 93.8
54.1 53.6 56.2 59.4 60.6 77.1 78.9 79.4 79.8 78.3 77.8 80.6 82.3 80.0 81.6 88.5 91.6 90.6 87.8 86.0 87.1 88.7 88.9 85.9 82.9 83.1 85.9 88.2 89.5 89.3 87.8 87.4 89.5 92.3 93.6 93.9 94.1 94.1 94.2 93.7 93.3 93.6 93.2 93.6 93.5 93.9 94.1 94.1 94.1 94.0 93.9
54.2 53.5 56.3 59.7 74.6 78.9 79.0 79.0 80.0 80.5 80.9 82.3 81.4 78.5 81.1 87.4 88.6 87.8 85.6 84.9 86.2 88.1 88.6 86.0 83.3 83.5 85.2 85.6 86.7 88.7 89.0 88.5 89.9 92.2 93.5 93.9 94.7 94.1 94.1 93.7 93.2 93.5 93.4 93.6 93.7 94.0 94.0 94.1 94.0 94.1 94.0
54.4 53.5 56.2 59.6 73.5 78.8 79.2 79.3 80.6 81.9 83.7 85.5 82.2 79.0 81.6 86.0 86.1 85.5 83.8 83.4 85.0 87.4 88.1 86.8 85.2 84.8 84.4 83.2 84.0 87.6 90.0 90.6 91.5 92.8 93.6 93.8 94.0 94.0 93.9 93.6 93.4 93.4 93.6 93.2 93.4 93.8 93.7 94.0 94.1 94.2 94.0
54.6 53.6 56.2 59.5 73.7 79.5 79.8 80.1 80.4 81.2 83.9 85.6 83.1 79.7 81.7 85.1 84.0 83.6 82.3 82.0 84.4 87.6 88.5 88.1 87.0 85.8 84.6 82.7 82.8 85.6 88.8 90.7 91.7 92.9 93.9 94.1 93.9 93.6 93.7 93.6 93.7 93.4 93.4 93.1 93.3 93.7 93.2 93.9 94.0 94.1 94.0
54.8 53.8 56.2 58.8 59.7 77.7 79.8 80.0 81.2 82.8 84.1 83.8 82.6 79.1 80.9 82.6 81.8 81.9 81.6 81.4 84.3 88.2 89.4 89.0 87.4 86.3 85.2 83.8 82.9 84.1 87.1 89.6 91.0 92.6 93.7 94.1 93.7 93.6 93.7 93.5 93.5 93.2 93.0 93.1 93.5 93.5 93.2 93.8 93.9 94.0 94.0
54.9 54.0 56.0 58.2 58.8 76.9 79.9 80.2 81.6 83.0 82.8 80.8 80.7 77.8 79.8 80.8 79.9 80.5 81.4 82.1 85.1 89.4 90.6 89.2 87.5 86.5 86.0 85.0 84.0 84.5 87.4 89.6 90.6 92.2 93.8 94.2 93.8 93.5 93.6 93.4 93.4 93.3 92.9 92.9 93.5 93.2 93.0 93.7 93.8 93.9 94.3
54.8 54.1 55.8 57.5 57.9 74.2 79.3 80.7 81.8 81.6 80.4 78.2 77.5 77.1 79.0 78.8 78.7 79.7 80.8 82.5 86.4 90.6 91.0 88.9 87.4 86.7 86.0 85.7 85.6 86.6 89.2 90.4 90.8 92.2 93.8 94.3 94.1 93.5 93.4 93.5 93.3 93.4 92.9 93.0 93.5 93.3 93.3 93.7 93.7 93.7 94.1
54.7 54.3 55.6 56.9 57.5 59.2 76.1 79.6 80.9 79.9 78.8 77.6 76.0 76.0 78.0 77.0 77.6 78.8 81.3 83.4 87.6 90.8 90.8 89.0 87.4 86.2 85.3 86.0 87.0 88.1 90.3 91.4 92.0 92.6 93.9 94.1 94.0 93.6 93.4 93.6 93.4 93.5 93.1 93.2 93.6 93.6 93.9 93.9 93.8 93.7 93.5
54.5 54.5 55.4 56.2 56.8 56.9 72.5 78.2 79.0 76.5 76.0 76.1 75.3 75.0 75.6 75.0 75.6 78.1 81.6 84.4 87.8 90.2 90.7 89.3 87.0 85.5 84.7 85.8 87.8 88.9 90.7 91.8 92.7 93.1 93.7 94.1 94.2 93.7 93.4 93.7 93.4 93.6 93.3 93.5 93.4 93.3 94.2 93.9 93.7 93.6 93.6
54.4 54.5 55.1 55.5 55.5 56.1 55.3 71.1 75.6 69.9 70.9 70.8 72.2 73.3 74.2 73.1 73.5 76.9 81.7 83.8 87.2 89.5 90.3 89.1 85.8 84.2 83.8 85.3 88.4 90.3 91.1 91.8 92.7 93.3 93.6 93.7 93.5 93.7 93.6 93.7 93.3 93.4 92.9 93.3 93.6 93.9 94.4 93.9 93.7 93.5 93.4
54.4 54.4 54.7 54.9 54.4 54.4 53.3 65.2 68.3 56.4 61.8 65.2 68.0 69.1 70.9 70.7 71.4 74.0 80.6 83.9 86.8 88.7 90.0 88.9 85.0 82.9 83.1 84.9 88.9 91.0 91.3 91.7 92.8 93.7 94.2 94.3 93.6 93.6 93.5 93.5 93.1 93.2 92.8 93.0 93.3 94.0 94.3 93.8 93.7 93.3 92.7
54.3 54.4 54.5 54.6 54.0 53.8 53.7 53.5 53.2 54.0 53.0 60.7 63.4 66.5 68.4 68.8 70.0 72.5 78.8 83.3 86.2 87.6 89.6 89.5 86.1 83.7 83.7 84.7 88.1 90.2 91.4 91.7 93.0 93.6 94.1 94.3 93.7 93.5 93.2 93.3 93.4 92.7 92.4 92.9 93.3 94.1 93.9 93.7 93.5 93.2 93.0
54.3 54.4 54.4 54.4 54.1 53.9 53.8 53.6 53.7 53.8 54.1 52.6 57.7 62.9 64.7 66.9 69.1 73.1 77.7 81.6 84.2 86.4 89.1 89.8 87.6 85.7 85.4 85.8 87.3 72.9 92.0 92.6 93.5 93.7 94.1 93.9 93.9 93.5 92.8 92.9 92.7 92.4 92.0 92.1 92.0 93.0 93.5 93.4 93.3 93.0 92.9
54.4 54.4 54.4 54.3 54.1 54.0 53.9 54.0 54.0 54.3 53.8 54.4 52.3 59.5 63.4 66.1 68.9 72.8 76.5 79.4 81.8 85.4 87.9 87.9 87.1 86.7 87.0 87.5 88.6 90.5 92.0 92.4 93.1 93.2 93.8 93.7 93.5 93.2 93.0 92.2 91.9 91.8 92.1 92.3 92.3 93.1 93.5 93.1 92.9 92.7 92.5
54.4 54.4 54.4 54.2 54.2 54.2 54.1 54.1 54.1 54.3 53.9 54.6 52.5 59.2 62.8 65.5 68.6 71.5 73.5 77.0 80.6 85.6 69.2 68.6 84.5 86.9 88.1 88.3 88.2 89.2 90.4 91.4 92.5 93.0 93.3 93.3 93.0 92.8 92.6 91.9 91.9 92.0 92.2 92.2 92.2 92.8 93.0 92.9 92.7 92.5 92.4
54.4 54.5 54.4 54.2 54.2 54.2 54.2 54.2 54.3 54.2 54.3 54.1 54.3 53.0 59.6 64.0 67.6 70.7 60.9 75.2 82.1 86.2 86.3 84.9 85.5 87.3 88.6 88.5 87.3 87.0 88.2 90.2 91.8 92.8 92.7 92.8 92.1 92.0 91.2 91.6 91.6 91.9 91.9 92.3 92.5 92.5 92.6 92.6 92.6 92.5 92.2
54.4 54.4 54.4 54.2 54.2 54.1 54.1 54.1 54.2 54.2 54.5 54.2 54.8 52.5 59.9 65.2 68.0 70.8 75.6 84.2 88.3 89.1 87.7 86.3 85.8 86.7 88.0 88.2 87.1 86.4 87.5 89.6 91.3 92.6 92.6 92.5 92.2 91.2 91.0 91.5 91.8 91.9 92.0 92.5 92.5 92.9 92.9 92.6 92.8 92.5 92.0
54.4 54.4 54.4 54.2 54.0 54.0 54.1 54.1 54.2 54.4 54.5 54.3 54.8 52.8 60.5 66.5 68.6 71.5 78.2 86.6 90.5 90.5 88.1 86.0 85.1 86.2 87.4 87.5 86.7 86.6 87.5 88.9 90.7 92.4 92.7 92.4 91.9 91.6 90.8 91.0 91.5 91.7 92.3 92.7 91.6 92.2 92.9 92.7 93.0 92.7 92.0
54.4 54.4 54.3 54.0 53.8 53.9 54.0 54.0 54.4 54.4 54.3 54.3 55.0 52.8 62.5 70.0 72.4 74.6 82.2 88.3 90.8 90.8 87.3 84.5 84.4 85.7 86.7 87.1 86.7 86.9 87.3 88.5 90.5 92.3 92.4 92.2 91.8 91.0 91.0 91.1 91.5 91.9 92.5 91.9 72.2 91.4 92.5 92.8 93.0 92.6 91.9
54.4 54.4 54.3 53.8 53.7 53.9 53.8 54.1 54.6 53.7 55.5 56.4 54.9 61.4 67.3 73.3 76.3 79.8 85.4 88.7 90.6 90.1 86.4 84.1 84.5 85.5 86.0 87.0 87.1 86.8 86.9 88.1 89.9 91.8 92.1 92.4 92.3 91.9 91.1 91.3 91.3 92.0 92.3 92.5 92.1 92.6 92.5 92.6 75.2 92.3 91.6
54.4 54.4 54.2 53.6 53.6 53.8 53.6 54.6 53.9 54.8 68.3 74.2 72.0 70.1 72.9 77.2 80.4 83.1 86.2 88.6 90.2 89.6 86.2 83.7 84.0 85.3 85.4 86.0 86.3 86.3 86.8 87.6 89.0 90.9 91.7 92.4 92.1 91.9 91.4 92.0 91.9 92.7 92.7 92.4 92.0 92.3 92.2 92.3 92.4 92.0 91.3
54.4 54.4 54.1 53.5 53.5 53.6 53.8 54.9 52.8 65.5 73.5 77.3 77.2 75.9 77.5 79.9 81.7 83.1 86.2 88.8 89.9 89.1 85.9 82.6 82.6 84.4 85.1 84.5 84.2 85.1 86.4 87.3 88.3 90.0 91.5 92.3 91.9 92.0 91.7 92.2 92.4 92.6 92.4 92.5 92.1 92.3 92.1 92.0 92.0 91.7 91.0
54.3 54.3 54.0 53.3 53.5 53.5 54.1 54.0 55.1 69.6 76.9 79.0 79.6 79.6 80.7 81.2 81.3 83.0 86.2 88.9 90.0 88.9 85.8 81.9 81.5 83.5 84.6 83.3 82.4 83.8 85.6 86.5 87.5 89.0 91.1 92.0 92.1 92.0 91.4 92.4 92.2 92.4 92.2 92.2 92.0 91.9 91.7 91.8 91.8 91.4 90.7
54.3 54.2 53.9 53.3 53.6 53.5 54.3 53.4 58.4 73.3 79.6 82.2 82.6 82.4 82.0 81.9 81.8 83.6 86.7 89.1 89.4 87.6 84.8 81.2 80.4 82.9 84.5 84.0 82.8 83.7 85.2 86.1 87.3 88.9 91.1 92.1 92.5 92.3 92.5 92.5 92.0 92.2 91.8 91.8 91.7 91.6 91.4 91.5 91.4 91.1 90.5
54.1 54.1 53.7 53.3 53.6 53.5 54.4 53.4 70.4 77.3 81.5 83.9 84.4 83.9 83.2 82.9 82.8 85.7 89.2 89.8 88.2 86.1 83.7 80.4 79.8 82.9 84.9 85.0 83.9 84.1 85.1 85.8 87.1 88.7 90.8 92.1 92.1 92.2 92.3 93.2 93.0 91.9 91.5 91.3 91.0 91.0 91.0 91.1 91.0 90.7 90.3
53.9 54.0 53.6 53.4 53.6 53.5 54.2 53.7 71.0 77.8 82.0 84.0 85.6 85.2 84.4 84.4 84.0 87.4 90.0 90.4 88.6 85.7 82.7 79.9 79.8 83.2 84.8 84.5 83.5 83.8 83.9 84.6 86.7 89.0 91.3 92.5 92.2 92.2 92.3 92.2 92.7 92.0 91.4 91.2 90.8 91.0 90.8 90.7 90.5 90.2 90.0
53.8 53.8 53.5 53.5 53.4 53.4 54.1 53.8 71.6 78.3 81.8 84.4 85.8 85.0 84.5 86.0 87.7 89.5 90.8 90.9 90.1 86.3 82.6 80.2 80.6 83.0 83.9 83.3 82.4 82.7 83.1 84.1 86.7 89.6 91.6 92.7 92.1 92.0 92.0 92.0 91.7 91.6 91.4 91.1 90.5 90.6 90.4 90.3 89.9 89.8 89.6
53.7 53.7 53.4 53.4 53.3 53.4 53.8 54.0 71.9 78.4 81.6 84.8 85.6 84.1 83.9 86.3 89.1 89.8 90.1 90.3 89.8 86.3 82.8 80.5 80.7 82.7 83.2 82.6 81.8 82.3 83.9 85.7 88.0 90.5 92.2 92.4 91.9 91.7 91.6 91.6 91.4 91.3 91.0 90.6 90.3 90.2 90.2 89.9 89.5 89.3 89.2
53.6 53.5 53.3 53.4 53.1 53.3 53.3 54.9 72.4 78.6 81.5 84.4 85.1 83.7 83.8 86.9 88.6 88.9 89.1 89.6 89.0 85.8 82.7 80.7 80.4 82.2 83.2 82.8 82.2 82.7 84.4 86.9 89.1 90.9 92.0 92.0 91.5 91.3 91.2 91.2 91.1 91.0 90.6 90.3 90.0 90.3 90.0 89.7 89.2 88.9 88.7
53.5 53.4 53.2 53.3 52.9 53.1 52.9 57.2 73.5 78.8 81.2 83.2 84.5 84.0 84.2 87.0 87.5 87.5 87.4 88.6 88.1 85.3 83.0 81.5 80.8 81.8 83.4 83.0 82.7 83.2 84.9 87.4 89.6 90.9 91.3 91.3 91.2 91.0 91.0 90.8 90.8 90.8 90.2 90.0 89.9 90.2 89.8 89.4 88.8 88.5 88.2
53.4 53.3 53.0 53.0 52.7 52.9 53.2 63.1 73.4 78.2 80.7 82.6 83.9 83.8 83.5 86.3 86.5 85.9 84.1 86.9 87.0 84.9 83.4 82.4 81.7 82.3 83.3 83.1 83.2 84.1 85.8 88.0 89.5 90.4 90.9 90.7 90.8 90.9 90.5 90.4 90.7 90.6 90.1 89.8 90.0 90.3 89.4 89.2 88.5 88.1 87.8
53.2 53.2 52.7 52.6 52.5 52.7 53.9 52.6 69.6 77.1 79.9 81.7 82.8 82.7 83.7 85.2 85.5 84.7 66.6 84.9 86.3 84.3 83.4 83.1 82.9 83.3 84.1 84.1 84.5 85.7 86.7 88.3 89.6 90.5 90.7 90.7 90.7 90.5 90.2 90.1 90.8 90.8 90.0 89.8 90.0 89.5 88.9 89.0 88.3 87.9 87.5
53.1 53.1 52.6 52.5 52.4 52.9 54.6 55.1 68.1 73.9 77.2 79.4 80.8 81.2 81.6 83.3 83.7 83.9 68.5 83.9 84.2 83.1 82.9 83.3 83.7 84.1 84.8 85.0 85.9 86.5 87.4 88.6 89.3 90.4 90.6 90.4 90.4 90.2 90.2 90.0 90.3 90.1 89.9 89.8 89.2 89.2 88.9 88.7 88.0 87.6 87.2
53.0 53.0 52.6 52.5 52.3 53.1 55.2 56.1 58.6 70.0 74.7 77.9 79.4 80.3 80.1 80.0 79.6 79.3 79.7 80.9 81.5 81.6 82.3 83.1 84.0 84.8 85.6 86.0 86.9 87.7 88.3 89.2 89.7 90.2 90.5 90.6 90.4 90.2 90.1 90.0 89.8 89.6 89.5 89.3 89.0 89.0 88.7 88.4 87.8 87.4 86.9
52.9 52.9 52.7 52.6 52.4 52.2 52.9 53.0 56.4 60.8 74.4 79.4 80.3 80.7 79.2 72.9 69.6 69.5 74.6 78.0 79.6 80.1 81.4 83.0 84.9 86.2 87.5 87.3 88.1 88.6 89.0 89.3 89.6 90.1 90.4 90.5 90.4 90.3 90.0 89.6 89.4 89.1 88.8 88.5 88.3 88.4 88.2 88.0 87.5 87.2 86.8
52.8 52.8 52.8 52.8 52.4 51.7 51.5 50.5 55.1 60.6 74.6 79.8 80.6 80.4 76.8 69.8 60.4 60.8 71.7 76.3 79.1 79.6 81.3 83.2 85.5 87.0 88.0 88.2 88.8 89.2 89.4 89.6 89.8 90.1 90.3 90.4 90.3 90.1 90.2 89.8 89.1 88.7 88.3 88.1 88.0 88.1 88.0 87.7 87.4 87.1 86.7
52.6 52.7 52.8 52.9 52.7 51.9 51.6 50.8 55.6 61.2 74.7 78.8 78.9 77.7 64.9 59.9 60.2 60.5 64.9 76.4 79.8 79.7 81.5 83.5 85.7 87.1 88.0 88.4 89.0 89.4 89.6 89.7 89.8 90.0 90.4 90.2 90.2 89.9 89.6 89.3 88.8 88.8 88.3 88.1 88.0 88.1 88.1 87.7 87.4 87.1 86.8
