---
Surface Wind (10m AGL) Direction [deg] Valid 1300 PST ~Z75~(2100Z)~Z~ MON 22 May 2017 ~Z75~[21hrFcst@1239z]~Z~
Model= RASP Region= PANOCHE Grid= d2 Reskm= 4.0 Indexs= 1 51 1 69 Proj= lambert 4000 4000 40.0000 40.0000 -73.0000 36.6487 -121.0445
Day= 2017 5 22 MON ValidLST= 1300 PST ValidZ= 2100 Fcst= 21.0 Init= 12 Param= sfcwinddir Unit= deg Mult= 1 Min= 0 Max= 360
290 290 292 294 296 291 233 241 266 270 275 276 269 261 255 251 248 248 249 253 254 263 281 301 356 59 72 76 66 69 70 66 63 58 16 269 270 298 336 344 343 343 354 12 23 23 15 2 344 322 308
289 289 292 292 290 281 234 243 266 267 270 269 263 255 252 248 245 245 247 250 248 252 264 275 327 81 86 92 81 83 85 81 76 71 51 269 279 310 340 346 344 341 348 2 13 14 8 359 345 326 311
289 289 291 290 287 282 275 271 269 268 265 259 254 249 247 244 242 241 242 243 244 243 243 237 201 119 103 103 100 98 97 96 91 85 75 307 308 326 341 344 344 344 349 359 4 4 359 353 342 326 312
290 290 292 288 282 275 276 279 283 279 265 252 247 244 245 246 241 235 232 237 232 222 220 215 188 150 130 122 117 109 108 113 101 80 49 17 359 344 337 337 344 355 360 8 3 360 348 344 339 326 312
291 291 293 288 281 277 276 277 285 266 247 240 240 241 240 238 234 228 219 219 229 224 208 198 183 160 140 133 122 110 125 112 86 69 42 23 358 336 343 338 337 345 343 1 7 12 342 323 336 325 311
292 292 294 289 283 280 274 274 256 249 244 243 243 241 232 224 220 221 225 225 237 235 211 192 180 156 154 139 113 119 120 87 85 72 60 39 19 331 331 332 331 336 336 338 348 3 343 327 334 323 311
294 294 295 289 283 279 274 273 234 242 247 247 244 235 224 215 210 207 215 230 230 224 203 188 179 152 156 130 117 124 106 98 86 68 58 32 18 339 327 324 324 336 347 345 342 354 337 323 331 322 310
296 296 296 289 283 277 276 255 252 248 250 246 239 227 217 208 207 204 191 206 221 227 214 193 176 150 143 118 131 129 117 90 66 55 45 23 12 336 322 321 316 324 352 356 343 348 333 322 328 319 307
299 299 297 289 282 277 270 248 265 256 253 247 234 221 212 205 204 198 176 191 208 218 211 193 176 142 119 132 160 137 90 56 49 39 34 19 9 341 324 315 312 312 348 20 359 343 333 322 326 316 304
303 303 299 290 281 275 262 262 208 219 232 234 222 214 213 212 210 195 175 190 204 214 212 197 174 127 120 171 169 102 59 48 41 32 28 19 3 337 321 313 311 306 312 2 14 347 331 324 324 312 300
305 305 300 291 283 272 268 248 225 223 228 216 208 205 210 221 224 196 202 206 215 223 222 208 174 121 129 184 138 52 48 45 39 31 28 26 10 342 327 306 305 312 307 337 360 345 328 328 324 314 304
306 306 301 294 287 272 284 233 223 224 223 203 190 190 203 219 222 177 203 213 221 223 219 212 177 120 159 152 47 44 45 46 41 38 33 33 35 333 324 321 305 321 320 335 353 339 325 330 325 317 309
306 305 302 298 293 284 292 247 211 217 225 219 208 193 201 215 195 173 204 216 219 219 216 214 190 150 149 71 52 51 47 40 43 49 52 41 44 58 57 328 309 344 336 335 350 334 323 332 329 322 316
306 305 302 301 301 302 304 247 211 213 222 223 226 218 207 209 183 173 198 210 213 213 211 216 208 174 106 61 65 63 60 51 49 65 58 24 338 343 341 9 4 2 8 342 346 337 325 333 330 325 321
305 304 303 305 311 318 315 234 208 202 208 209 213 211 203 194 179 185 200 208 212 215 210 207 213 174 76 69 80 83 81 83 94 87 72 67 311 340 314 309 359 354 21 0 347 338 328 333 330 326 323
306 305 305 309 320 326 318 234 215 202 201 202 199 194 193 169 173 180 195 207 215 220 222 212 209 174 83 90 103 97 87 91 98 79 76 85 65 350 312 320 12 358 11 11 355 344 334 333 329 326 323
305 304 306 313 326 330 317 225 215 208 209 211 198 174 194 190 175 175 186 206 222 229 235 237 221 179 99 113 122 100 91 108 114 100 89 76 68 26 307 313 13 23 16 7 353 346 340 333 329 327 325
305 304 307 316 330 330 317 209 204 203 207 214 201 141 147 204 178 166 177 203 226 235 237 242 229 193 111 139 120 88 104 134 138 118 88 70 63 69 65 320 355 16 26 18 356 347 341 333 330 331 330
306 304 307 317 331 325 293 198 195 191 198 199 181 113 160 206 184 153 159 207 227 232 232 231 224 197 146 141 85 84 134 155 143 100 71 64 64 15 20 348 359 9 9 18 2 348 342 329 334 339 341
306 305 307 317 330 315 219 198 194 183 189 177 145 125 167 198 182 105 136 212 224 228 231 230 225 211 157 97 76 123 155 163 119 68 66 64 66 31 16 360 358 14 2 3 6 352 342 329 335 342 346
307 305 307 316 330 318 247 207 199 183 165 142 120 144 184 188 99 71 213 205 214 219 226 227 226 220 142 86 121 155 163 134 66 59 65 58 34 358 1 13 2 9 355 355 3 358 342 325 336 344 348
308 306 307 315 335 351 334 214 211 179 130 129 123 155 191 179 62 92 234 221 217 218 227 229 229 220 142 131 162 168 139 75 61 71 76 67 66 33 2 15 8 16 354 342 359 2 344 325 335 346 350
308 306 307 313 333 353 338 214 220 170 126 134 135 165 178 82 61 110 211 228 229 226 230 231 226 215 166 162 182 152 85 67 75 80 77 68 62 68 42 40 16 5 359 357 359 359 345 327 335 346 352
308 306 306 310 329 5 333 218 223 178 128 130 141 175 153 66 90 149 188 219 235 241 241 237 224 211 181 185 184 110 79 86 90 78 69 66 56 43 23 43 38 6 330 336 12 0 343 327 335 348 356
308 306 306 314 334 75 120 201 212 161 122 138 148 171 115 75 119 144 182 216 236 245 241 235 226 213 201 234 256 79 86 95 82 67 61 60 62 47 18 23 23 19 335 317 355 6 344 325 331 341 354
307 306 306 324 353 192 171 190 188 127 127 156 149 147 87 95 138 143 171 226 240 234 225 223 227 229 345 23 27 52 66 64 57 53 51 61 54 52 14 16 355 1 340 308 329 355 351 313 323 333 345
307 306 305 323 345 252 185 192 173 122 142 153 135 110 84 109 112 135 172 210 222 219 216 219 227 233 65 46 40 43 46 43 44 44 34 24 13 33 38 25 358 350 326 306 319 321 349 310 313 316 322
307 305 303 318 335 287 195 200 175 127 153 146 107 88 95 90 82 147 235 213 216 225 228 228 227 225 112 76 68 55 47 45 45 49 42 23 352 354 29 29 353 345 325 303 309 303 343 310 300 295 292
306 304 302 314 332 298 195 204 185 146 150 81 73 76 69 44 36 4 277 249 239 237 235 232 230 230 86 72 64 56 49 47 44 46 36 30 9 346 23 33 357 343 319 294 297 286 325 316 292 282 275
305 303 302 314 332 303 193 203 184 127 78 61 73 76 63 50 33 334 213 219 227 226 225 223 227 227 80 65 60 64 68 66 54 48 36 27 11 335 20 37 1 342 312 290 306 298 309 307 286 275 265
304 303 302 310 326 207 187 200 171 114 89 84 91 91 85 73 17 288 224 205 204 209 217 218 220 197 54 52 58 83 89 76 60 46 34 28 23 341 0 26 353 337 319 300 313 292 294 302 284 275 265
303 302 303 300 304 200 192 203 167 114 100 100 110 109 76 35 339 288 242 221 205 201 210 222 215 50 42 54 94 122 94 77 67 50 35 13 9 348 0 11 342 325 322 303 306 290 291 295 283 275 267
303 302 303 291 269 201 193 206 172 121 105 106 121 93 41 4 325 284 246 230 221 210 205 219 205 62 62 81 101 74 66 67 64 55 45 28 28 7 11 14 340 320 318 309 300 285 289 291 283 275 269
301 300 303 287 263 204 197 204 194 114 91 115 116 64 20 344 319 290 257 232 222 215 208 217 174 80 89 94 63 39 40 50 52 46 29 2 8 6 3 14 358 319 312 319 295 290 298 287 282 276 269
300 298 303 286 257 214 203 205 291 14 7 113 98 61 18 342 317 289 256 227 214 210 209 243 340 99 116 97 70 55 43 47 55 58 50 23 1 351 351 348 357 338 314 323 292 291 300 284 282 276 266
299 296 302 290 264 230 219 219 354 1 322 300 94 61 6 337 314 292 257 228 208 205 249 294 317 128 119 101 89 80 67 58 56 51 38 30 17 352 350 333 346 345 317 312 280 300 299 282 282 275 263
298 295 303 307 277 249 238 241 337 355 327 310 86 55 355 332 309 289 256 232 231 318 325 309 293 237 143 113 95 83 73 66 57 46 34 26 17 344 348 335 341 346 323 303 289 313 296 281 280 273 262
298 296 300 290 187 240 249 262 327 337 327 311 1 31 344 326 304 285 253 237 303 349 322 309 292 282 107 64 66 58 56 54 48 39 34 32 35 352 332 341 337 347 329 294 287 305 280 276 278 272 265
301 298 298 276 182 238 261 280 316 322 320 311 312 328 329 317 297 277 240 241 351 351 321 308 300 347 51 40 46 46 45 47 43 29 23 17 26 14 326 345 334 334 334 289 294 299 266 278 277 271 268
305 304 299 269 188 198 246 273 304 315 314 307 305 313 317 309 295 271 245 351 16 346 325 311 301 338 54 48 49 49 42 37 39 21 6 11 10 9 329 342 338 328 332 293 301 293 269 286 279 273 270
308 308 302 282 199 185 233 269 306 318 306 305 313 314 311 305 297 272 268 4 8 341 322 308 291 300 69 57 53 54 46 40 38 27 352 355 353 2 341 341 338 329 330 299 302 276 263 294 282 275 271
308 310 305 325 341 190 220 261 301 322 301 291 297 306 307 304 297 277 296 358 353 330 312 300 284 282 77 60 57 64 63 56 46 46 38 28 347 342 347 343 340 336 328 300 296 277 285 304 283 277 270
305 307 307 334 8 247 202 251 280 297 287 277 286 294 295 295 288 273 284 327 333 312 296 290 279 290 72 61 51 59 66 48 34 19 13 36 22 354 345 338 340 341 323 301 298 286 299 305 286 280 274
301 304 305 318 309 237 214 242 252 258 259 262 280 283 289 285 274 257 261 284 292 286 279 280 277 292 43 56 24 17 48 41 29 5 345 3 11 5 349 334 333 342 318 303 311 292 296 301 293 290 282
298 300 300 298 278 249 237 236 241 249 249 243 258 267 274 269 258 247 250 262 266 264 265 275 277 283 2 65 48 12 33 41 26 5 353 1 358 4 355 346 329 323 309 305 297 273 285 299 294 292 285
294 295 294 289 276 262 252 247 249 251 251 243 242 252 256 254 249 250 255 257 253 249 256 271 271 273 335 81 93 88 53 51 37 5 344 1 352 348 350 350 324 300 297 295 285 281 294 298 289 284 279
292 292 291 286 278 269 261 256 252 253 246 247 231 245 252 253 254 257 258 252 242 238 240 241 237 240 275 86 90 80 64 60 50 24 351 3 354 349 336 326 312 301 306 291 290 293 295 286 277 272 271
291 291 290 286 281 274 268 261 256 253 247 245 230 233 242 242 247 252 251 243 228 218 208 205 206 200 153 97 99 85 69 59 44 33 5 9 9 358 328 303 309 305 292 279 302 293 282 273 265 262 267
290 290 289 287 283 278 272 266 260 255 250 242 232 216 227 229 236 247 251 246 191 188 201 212 216 171 111 117 97 75 62 48 40 53 39 24 29 17 323 308 309 302 280 290 324 297 288 277 272 269 278
290 289 289 289 286 282 276 271 264 258 252 242 231 212 230 227 221 233 246 258 144 187 213 226 220 133 112 131 91 72 65 51 39 47 32 25 17 15 336 301 309 288 271 322 342 289 283 285 289 292 297
290 290 290 291 289 284 280 274 267 262 253 239 224 204 223 217 200 219 235 237 190 229 240 236 224 130 124 125 87 83 76 69 63 55 46 56 50 28 317 300 302 274 283 343 56 256 276 289 298 301 304
291 291 292 292 290 286 283 275 271 266 251 233 212 195 210 212 204 216 210 178 167 240 243 239 228 144 126 111 92 89 79 76 77 58 47 47 32 36 330 291 294 276 294 309 306 296 300 293 296 297 300
292 292 293 294 292 290 285 277 278 268 249 220 171 171 202 211 199 189 133 124 168 218 234 238 216 160 129 119 115 102 88 90 90 73 59 29 8 7 316 291 295 294 313 317 315 302 296 287 287 288 288
293 293 295 296 294 292 286 283 282 268 243 214 173 175 203 218 191 121 84 100 154 215 234 240 213 157 141 137 128 103 89 88 82 71 57 34 21 12 320 308 318 314 319 308 306 302 298 282 273 270 268
294 295 296 297 297 295 287 289 282 267 237 194 170 180 203 218 188 81 59 17 294 250 245 240 217 155 156 156 129 100 96 92 86 77 60 37 24 23 296 319 328 312 324 312 310 307 295 278 271 266 262
295 296 298 299 299 297 291 294 279 256 221 179 165 176 197 212 162 60 42 357 309 273 252 238 216 154 160 165 113 89 89 81 74 66 57 39 8 353 327 341 333 328 327 310 310 301 289 281 278 273 267
296 297 299 301 302 300 296 300 283 255 207 154 152 172 188 205 36 42 10 347 313 273 253 239 219 149 154 156 96 88 91 80 67 54 46 41 8 350 331 324 333 335 326 315 313 299 287 283 282 277 270
297 298 300 303 305 303 301 302 283 256 202 137 144 170 181 198 15 22 6 325 298 285 266 252 240 141 148 156 110 102 92 73 61 52 42 39 16 349 342 334 323 326 323 318 312 297 288 283 279 272 265
297 298 300 305 307 305 303 302 281 257 217 129 136 181 165 39 25 12 2 319 289 274 257 254 250 150 150 157 106 80 63 59 61 54 43 31 13 349 338 334 323 321 322 319 312 297 285 278 272 264 258
296 297 300 306 310 307 304 299 277 261 243 145 142 178 87 46 27 4 342 319 286 261 252 251 250 179 155 148 81 60 50 51 57 55 45 29 14 352 342 334 317 321 324 317 306 287 279 274 266 258 252
294 294 300 307 311 309 303 296 275 264 252 230 182 150 57 43 19 357 332 308 287 265 256 254 258 237 168 116 67 61 56 47 41 34 23 14 7 349 339 332 313 319 323 315 301 285 283 274 264 256 251
293 294 302 309 313 310 301 293 279 275 268 264 262 61 46 38 17 354 329 303 289 271 261 261 265 277 108 53 55 52 50 44 33 26 20 8 0 350 340 328 308 320 326 312 294 288 289 278 268 259 254
293 296 305 310 312 307 303 306 296 286 284 290 318 22 31 18 12 359 329 295 286 277 271 268 277 324 22 33 38 41 36 34 29 24 20 10 358 348 338 321 307 322 324 309 297 302 294 279 273 265 259
295 301 311 312 310 303 303 303 299 300 301 306 323 341 344 346 348 351 331 298 296 294 288 283 295 330 0 17 24 30 28 27 24 23 19 8 359 348 335 321 313 323 319 309 309 304 284 279 275 268 263
296 303 311 311 308 301 292 284 305 309 306 309 319 327 326 326 326 332 326 308 304 298 289 286 297 324 349 2 15 20 19 21 19 14 15 7 356 344 333 325 322 321 314 316 311 296 286 284 279 271 266
297 302 306 309 310 309 304 300 304 299 297 299 308 319 327 326 321 321 317 310 298 290 282 282 292 313 337 355 9 19 20 19 16 10 5 358 348 340 333 327 325 322 319 316 310 303 298 292 283 276 271
299 297 297 303 323 338 335 312 287 276 280 299 314 324 336 327 311 302 299 296 294 286 276 272 276 294 329 357 14 22 24 22 15 5 356 345 337 332 328 327 325 323 321 318 313 307 301 294 287 282 278
299 296 293 296 327 344 339 311 280 263 275 318 324 325 329 283 298 282 273 276 278 268 264 263 264 282 320 5 26 32 32 27 16 4 353 340 333 328 326 325 324 323 319 315 310 306 301 290 287 286 283
299 295 291 291 326 346 339 308 276 254 265 320 327 322 314 269 289 272 258 259 261 254 255 256 258 273 310 16 39 42 38 31 17 1 349 339 333 326 323 323 320 319 313 307 301 299 295 286 287 288 286
