---
Surface Wind (10m AGL) Direction [deg] Valid 1600 PST ~Z75~(0000Z)~Z~ MON 22 May 2017 ~Z75~[24hrFcst@1242z]~Z~
Model= RASP Region= PANOCHE Grid= d2 Reskm= 4.0 Indexs= 1 51 1 69 Proj= lambert 4000 4000 40.0000 40.0000 -73.0000 36.6487 -121.0445
Day= 2017 5 22 MON ValidLST= 1600 PST ValidZ= 000 Fcst= 24.0 Init= 12 Param= sfcwinddir Unit= deg Mult= 1 Min= 0 Max= 360
292 290 289 290 297 304 232 257 275 275 276 275 266 256 249 244 240 241 239 239 240 242 242 243 247 250 251 249 261 283 336 9 11 358 330 306 301 308 324 346 6 18 26 29 27 22 15 5 356 344 332
289 287 286 286 289 291 222 250 271 269 270 266 258 250 244 240 236 237 235 235 237 239 238 239 242 245 246 244 253 266 309 22 28 14 332 297 294 309 331 350 5 13 18 22 21 18 12 4 355 344 332
286 284 284 282 281 279 270 269 270 269 265 255 250 244 240 236 233 231 230 231 232 234 236 238 241 243 244 244 246 249 247 77 66 61 35 301 305 323 342 355 4 9 12 14 14 12 8 2 353 343 332
284 283 283 279 271 266 267 276 285 284 267 246 239 237 235 234 233 232 231 233 235 237 240 242 242 240 239 238 236 230 209 178 135 84 42 14 355 352 359 3 8 8 7 10 8 6 1 358 351 341 330
283 283 282 276 268 264 266 272 283 271 246 234 234 235 233 233 232 231 230 230 232 234 238 241 242 240 238 236 238 225 223 199 74 40 6 10 342 324 354 353 3 7 1 1 5 5 355 351 350 340 329
285 285 282 276 270 269 264 266 251 247 237 237 241 239 236 233 231 230 227 225 224 226 229 232 235 238 239 240 247 240 218 216 50 54 17 27 71 315 346 344 347 1 2 354 355 1 357 351 348 338 328
286 285 282 276 271 269 262 263 229 238 239 243 244 240 237 236 234 231 228 224 221 220 222 224 227 232 238 242 247 242 209 168 123 83 72 14 22 353 345 342 344 358 11 5 355 353 353 352 347 337 327
286 286 284 276 271 267 263 246 243 242 242 247 246 240 238 238 237 236 234 230 223 217 214 217 223 232 240 241 242 236 211 109 52 31 23 2 354 342 338 335 333 338 5 15 4 355 351 351 346 337 327
288 288 286 278 271 266 260 231 245 249 247 249 242 237 236 238 238 238 237 234 230 224 220 224 232 238 244 236 228 221 89 35 22 11 8 1 349 340 333 330 330 324 346 19 15 359 352 349 346 336 326
289 289 288 279 271 265 252 232 194 213 230 242 237 234 234 235 236 237 237 238 238 238 238 242 245 246 243 242 229 215 35 27 17 8 6 360 344 336 325 321 323 316 317 357 16 5 352 349 346 335 326
291 291 290 280 273 263 249 222 212 218 244 243 236 235 233 230 230 230 231 234 237 241 242 242 242 244 239 234 240 26 39 31 22 8 5 2 348 338 319 311 314 310 312 342 6 4 352 347 345 336 326
293 294 291 283 277 260 257 213 215 223 255 244 243 250 252 248 240 230 224 225 230 235 238 239 241 241 243 228 313 39 48 45 35 27 8 360 357 342 311 311 311 306 318 341 359 359 354 351 346 338 328
295 295 292 286 281 263 266 240 210 222 243 243 248 255 257 256 252 247 240 237 238 239 240 243 245 248 243 246 19 51 56 56 51 48 43 52 21 343 308 333 316 319 338 347 357 356 351 350 347 339 330
296 295 292 288 288 270 280 254 216 220 234 242 246 245 243 241 242 245 246 245 244 244 244 243 240 242 235 274 40 51 63 66 62 71 129 81 12 315 322 335 321 341 360 356 356 355 349 349 346 340 331
297 295 291 291 293 286 295 252 223 221 230 238 241 239 235 232 232 232 233 236 239 241 243 242 239 236 233 273 75 98 105 91 103 183 107 66 26 340 313 294 319 340 5 9 1 358 350 348 346 340 333
297 295 292 292 297 299 301 254 235 232 231 235 239 238 234 231 229 226 224 225 229 233 237 238 241 239 246 244 179 146 103 75 144 143 68 50 29 11 345 331 351 348 358 8 7 4 354 349 346 341 333
298 295 293 294 301 305 303 249 234 232 231 233 238 240 240 240 237 233 230 228 230 234 240 245 249 248 255 256 221 125 74 97 167 101 47 32 22 11 333 314 342 5 9 3 2 4 358 350 349 344 337
299 297 294 297 304 308 302 253 232 227 226 227 229 233 237 239 239 239 239 239 238 236 238 242 246 247 251 245 241 68 77 163 151 76 38 34 32 41 359 303 357 17 23 15 4 4 356 349 352 356 349
301 299 297 300 308 309 291 249 234 231 228 221 217 219 223 227 229 232 236 240 242 240 238 240 241 243 246 232 294 61 172 189 118 51 35 27 25 36 25 347 22 25 24 28 16 10 357 343 353 2 358
303 301 299 302 311 309 277 237 230 232 227 216 208 207 210 215 219 223 227 231 233 236 239 244 244 248 249 252 289 133 196 189 66 49 54 55 55 47 40 352 27 27 17 24 26 17 354 333 348 357 356
303 302 301 305 315 316 297 241 225 222 217 211 204 200 203 210 213 225 244 249 243 234 231 235 239 242 239 245 236 201 179 76 50 52 59 56 39 30 36 65 25 26 9 19 24 26 351 315 339 353 356
303 301 303 308 322 336 342 244 226 215 207 205 203 200 203 205 230 295 305 291 270 245 231 231 233 235 231 229 218 206 121 54 58 62 57 40 26 9 20 25 26 28 0 0 12 32 357 302 328 348 354
302 301 304 311 329 339 332 237 228 220 206 196 197 197 199 208 330 330 321 307 289 262 244 244 241 236 232 230 243 162 57 57 62 59 51 44 44 52 53 25 19 24 6 8 2 21 360 302 319 337 347
303 301 304 314 333 337 321 233 227 226 224 212 198 198 191 342 335 327 319 310 297 279 260 253 245 240 236 243 328 36 56 61 53 41 33 24 19 26 36 41 25 12 342 358 357 349 357 307 311 323 331
304 301 305 316 336 332 277 197 214 218 222 221 208 189 344 341 331 326 316 306 293 279 262 246 239 243 248 270 360 23 43 53 47 38 33 26 25 23 26 30 29 20 344 327 333 320 323 321 302 297 292
304 301 305 317 336 327 232 189 192 195 203 204 194 111 1 341 332 322 313 305 291 275 260 239 236 247 245 254 10 24 38 47 47 41 25 15 12 15 6 11 3 7 360 310 317 313 298 310 283 268 250
305 302 305 316 335 328 243 198 189 170 170 179 133 38 9 347 332 321 311 303 290 273 261 244 234 236 233 223 93 99 61 47 47 45 30 5 359 10 9 5 354 349 350 311 311 298 290 291 268 249 234
306 303 305 316 333 327 245 210 211 196 181 132 69 44 15 353 336 320 308 300 284 267 260 250 237 228 235 270 82 74 49 47 51 55 56 28 5 7 18 11 352 346 341 309 301 290 291 287 269 253 243
306 304 305 314 329 325 239 210 219 228 264 22 53 53 16 352 338 319 306 298 280 258 250 245 240 231 275 18 25 30 34 44 46 47 40 28 12 7 18 16 355 347 338 300 296 291 294 292 280 269 261
307 304 305 310 323 321 229 206 207 213 241 32 57 52 6 345 335 318 306 300 279 254 245 242 238 237 347 21 6 33 57 47 31 23 17 11 5 3 15 18 1 348 330 304 308 299 295 294 288 281 275
307 304 305 305 313 306 216 206 204 190 136 55 43 45 350 337 330 315 306 301 278 257 250 249 237 238 13 27 353 68 77 51 37 22 15 9 4 0 1 5 357 344 324 316 312 295 292 293 289 284 279
307 304 305 300 302 287 221 212 223 206 72 1 322 334 337 329 324 313 306 296 274 261 262 261 247 254 10 32 324 295 57 47 39 21 9 2 359 0 2 358 354 341 321 322 308 291 294 292 288 283 277
307 303 305 296 289 269 217 215 238 303 342 327 304 306 330 327 321 311 305 291 269 269 287 286 277 291 336 85 143 22 44 46 43 30 16 7 7 2 3 360 349 342 327 322 304 291 295 291 286 281 274
305 301 306 297 289 272 222 209 294 352 336 316 290 296 334 332 321 312 305 289 276 308 322 313 308 304 299 187 127 41 31 33 31 23 9 358 359 359 354 0 344 341 337 319 300 293 298 290 284 279 272
303 298 305 296 280 269 234 213 10 7 332 314 287 290 339 337 323 313 304 289 312 337 331 320 312 303 295 264 94 45 32 30 28 22 14 6 359 356 347 354 343 341 343 313 297 297 299 289 286 280 274
301 295 304 301 286 270 246 233 11 6 334 315 288 288 340 337 322 313 302 298 337 342 327 315 306 296 287 289 72 46 35 26 23 17 10 7 4 358 345 350 345 341 344 306 293 301 297 290 287 283 277
299 293 303 318 310 266 255 244 340 353 333 317 291 289 336 334 319 309 295 305 346 343 326 316 308 294 287 334 45 36 32 24 21 17 12 9 5 357 348 349 344 342 342 302 300 304 292 293 289 284 278
297 292 298 294 179 238 251 253 319 337 331 320 293 290 329 328 312 300 286 305 355 347 330 321 311 293 287 346 25 24 20 17 17 13 13 14 11 358 349 350 343 340 338 303 301 295 290 297 290 285 279
296 290 291 264 179 227 249 258 304 327 329 319 287 295 321 320 305 295 281 306 3 354 338 325 310 290 284 354 23 24 16 10 14 4 4 10 10 1 352 351 341 338 332 303 302 295 294 299 292 286 280
296 291 285 252 188 201 222 241 285 322 328 315 299 311 317 313 302 298 284 300 1 357 343 325 307 290 291 13 22 26 18 8 11 3 357 2 4 359 352 352 339 335 329 305 307 295 293 302 294 289 283
296 291 282 253 212 194 210 233 281 320 325 317 314 311 309 311 304 300 284 285 348 357 343 323 307 296 316 14 14 23 26 18 14 8 3 359 357 356 351 350 339 333 327 307 305 290 294 305 298 293 288
294 289 280 260 250 202 214 238 269 311 310 296 296 303 307 310 303 293 274 268 319 349 339 322 311 305 317 357 3 6 28 18 14 7 9 9 358 353 348 348 339 332 325 306 301 292 301 307 300 297 292
290 286 280 264 252 231 221 239 258 289 290 281 286 293 296 300 291 265 240 241 273 322 327 317 307 300 300 316 343 342 7 15 4 360 359 9 4 356 346 345 338 329 320 305 301 295 303 306 301 297 293
287 283 279 267 246 245 232 237 251 263 264 263 279 283 291 287 271 241 229 238 263 289 301 298 282 268 271 276 303 316 338 9 360 357 355 360 2 358 347 342 334 324 315 304 307 297 301 304 300 298 293
285 282 278 268 251 241 235 236 242 250 252 245 259 268 276 267 252 236 234 246 259 266 273 272 255 238 239 250 268 274 312 1 360 355 358 359 357 355 347 342 328 317 310 303 300 291 299 305 300 297 292
284 282 277 269 254 244 239 238 242 246 248 243 245 254 257 252 245 242 246 250 249 249 255 257 245 231 230 238 252 260 305 7 3 355 357 1 357 352 341 337 323 311 305 298 301 302 306 306 300 296 291
283 281 277 269 259 250 244 243 243 245 242 244 235 247 252 252 252 253 256 250 242 238 234 231 227 222 223 230 243 248 316 15 11 5 2 6 2 356 337 326 320 312 301 301 316 307 305 304 300 297 296
282 279 276 270 263 257 251 248 246 244 241 241 233 238 243 243 250 254 255 249 240 221 201 201 211 215 212 214 227 225 0 18 15 15 9 11 10 2 335 318 320 305 292 313 327 305 303 304 303 302 304
280 278 276 273 268 263 258 253 249 245 242 237 232 220 229 231 240 251 255 247 244 199 163 190 219 230 217 202 205 221 26 20 18 24 20 17 16 8 335 319 317 295 294 336 332 305 308 308 310 314 317
281 278 278 276 273 269 263 258 252 247 242 233 224 210 228 226 223 236 239 235 238 218 174 205 228 237 231 205 167 36 34 29 23 29 28 27 19 10 332 318 311 296 316 345 332 308 313 312 314 319 323
282 280 280 280 278 273 269 263 255 249 242 228 210 188 217 211 199 222 230 231 228 215 203 218 230 237 235 219 46 55 52 48 40 36 32 30 25 10 325 324 321 318 334 340 332 317 318 313 316 319 323
285 283 283 284 282 277 274 266 260 253 243 223 198 182 201 201 202 224 230 230 217 194 194 217 233 248 241 88 46 64 57 59 52 35 22 14 8 2 330 334 342 333 337 333 331 324 319 314 314 314 315
288 286 287 287 285 282 278 269 269 259 244 197 147 160 187 205 225 230 227 223 199 168 175 207 235 253 250 125 112 77 63 65 53 36 21 11 2 351 332 341 350 339 337 337 331 321 317 312 310 310 309
291 289 290 291 289 287 279 275 276 265 238 171 133 158 188 228 250 245 293 290 196 155 184 229 249 252 242 153 114 75 66 61 48 38 24 10 0 350 335 342 353 345 337 333 330 323 315 309 306 303 300
294 292 293 294 292 290 281 284 281 268 230 162 147 167 196 232 263 358 4 332 317 272 253 262 263 254 232 179 105 72 70 56 45 35 24 6 354 346 334 339 353 349 339 335 329 318 312 307 302 298 295
296 295 295 296 295 292 285 292 281 264 242 179 157 170 195 221 263 348 347 330 321 309 291 268 259 257 241 198 80 68 63 47 34 27 21 10 354 344 336 336 348 350 341 334 328 316 309 306 301 295 291
298 297 297 298 297 295 291 301 289 273 258 206 157 165 190 214 299 346 337 323 317 309 292 273 266 270 260 195 80 69 60 43 31 23 17 10 356 345 339 333 339 346 342 335 326 312 307 305 299 293 288
300 299 298 300 300 298 297 304 287 278 266 245 154 160 187 213 327 348 334 318 313 309 295 280 272 276 245 175 91 64 55 43 34 25 17 10 358 347 343 338 333 339 340 333 323 310 307 304 296 288 282
302 300 300 302 303 302 300 303 283 276 269 280 144 160 185 279 354 349 332 317 313 308 293 281 273 276 251 157 70 46 37 34 31 24 16 8 359 348 342 336 332 337 338 331 321 310 308 301 293 284 278
303 302 301 304 306 304 301 299 278 274 272 282 179 171 187 4 357 349 335 316 312 308 295 285 277 283 272 127 48 42 29 22 19 15 9 3 357 349 344 335 328 337 338 328 318 312 309 299 291 282 276
304 303 303 307 309 307 301 297 282 280 278 290 283 282 345 351 346 349 335 316 313 311 301 292 289 298 332 44 34 33 25 16 10 6 2 356 353 347 343 334 326 336 336 326 319 317 310 300 294 285 279
305 304 304 309 312 308 301 299 295 299 302 309 312 323 326 327 332 342 335 319 315 315 307 300 298 310 337 7 17 17 17 14 10 7 3 354 349 346 342 332 326 336 334 326 322 319 310 302 299 292 287
306 306 306 311 313 306 304 310 309 313 313 311 311 313 314 315 321 335 332 318 316 318 314 305 301 304 322 346 359 2 3 6 6 4 1 355 349 345 340 333 329 335 333 328 325 319 310 305 305 299 295
306 307 309 313 312 305 303 308 312 321 315 311 311 311 311 310 313 325 328 319 319 319 314 303 293 295 316 338 348 352 354 359 359 358 357 351 347 344 339 334 332 334 332 330 327 318 311 310 311 305 300
306 308 310 314 313 307 302 309 320 322 312 306 303 302 306 304 308 317 320 317 314 311 303 290 282 289 309 329 342 347 348 354 357 353 352 348 345 342 338 336 335 334 331 332 325 319 317 315 313 307 303
306 308 311 315 317 316 316 318 317 310 301 293 292 296 303 303 307 312 313 312 307 301 290 281 280 289 302 318 334 347 352 353 354 351 346 341 339 339 339 338 336 334 332 330 328 325 321 318 314 306 304
305 307 311 317 326 333 334 327 312 296 284 277 280 291 302 306 303 301 302 299 297 289 278 273 273 277 284 300 327 354 2 1 355 347 334 324 324 336 349 350 339 327 324 330 337 336 327 318 312 308 308
305 307 310 318 330 342 355 329 296 281 270 262 271 285 296 298 293 289 283 281 280 274 265 262 261 263 274 291 323 359 6 4 356 345 330 319 319 334 349 349 336 320 317 329 345 346 331 318 313 313 312
304 307 311 317 330 343 350 325 294 267 256 253 268 279 286 289 288 286 275 268 267 263 259 257 257 260 271 286 322 3 10 7 356 345 330 320 321 333 346 345 332 315 312 328 349 352 334 320 315 313 311
