---
Surface Wind (10m AGL) Direction [deg] Valid 0700 PST ~Z75~(1500Z)~Z~ MON 22 May 2017 ~Z75~[15hrFcst@1228z]~Z~
Model= RASP Region= PANOCHE Grid= d2 Reskm= 4.0 Indexs= 1 51 1 69 Proj= lambert 4000 4000 40.0000 40.0000 -73.0000 36.6487 -121.0445
Day= 2017 5 22 MON ValidLST= 700 PST ValidZ= 1500 Fcst= 15.0 Init= 12 Param= sfcwinddir Unit= deg Mult= 1 Min= 0 Max= 360
298 299 300 301 298 297 295 276 284 274 272 270 84 82 87 78 84 91 101 106 109 107 102 93 83 83 73 73 57 44 20 348 334 331 336 343 348 351 0 4 241 186 177 170 167 170 178 187 192 198 204
296 296 297 298 295 294 293 275 284 278 282 300 51 69 80 72 80 89 100 105 108 105 97 88 79 81 72 73 58 49 33 9 352 346 348 352 354 357 8 15 37 180 176 170 167 171 178 187 190 195 201
295 294 294 294 291 288 286 286 286 288 290 318 30 52 61 66 74 84 94 103 107 104 94 86 79 75 71 69 62 54 40 22 5 355 353 353 356 359 4 11 21 177 176 171 169 172 176 182 185 190 196
294 292 292 291 288 285 287 294 301 305 288 106 66 50 48 46 53 40 16 23 78 102 96 88 81 76 71 66 60 51 41 30 13 359 355 354 358 1 3 2 352 194 182 177 176 176 177 178 180 185 191
294 292 292 290 286 284 287 296 303 299 256 144 72 54 42 38 42 13 327 311 300 109 97 86 77 73 69 65 59 48 35 27 5 356 352 356 6 10 12 3 342 261 204 188 180 175 174 177 177 181 186
294 293 293 290 286 286 287 292 291 276 248 220 59 49 43 44 40 19 328 300 281 262 103 80 70 68 69 68 60 47 31 17 359 348 337 338 350 360 7 359 348 294 217 192 184 177 173 175 175 177 182
294 293 293 290 286 285 286 287 284 272 245 202 58 48 47 51 45 21 350 298 273 266 224 76 67 67 70 68 59 45 28 11 351 335 326 327 341 353 0 356 347 309 231 197 187 179 171 174 174 174 178
295 294 294 290 285 284 284 282 282 268 247 149 57 55 54 57 46 9 0 312 268 260 255 75 68 70 77 70 55 41 20 359 336 321 313 316 330 343 351 352 344 323 235 206 190 181 173 173 172 172 174
295 296 295 290 285 284 280 280 280 259 240 97 59 60 49 45 35 360 349 303 270 258 259 71 66 74 84 63 50 38 15 339 322 314 307 307 321 334 345 348 339 322 269 204 193 182 175 172 171 170 171
297 297 296 290 286 283 277 274 239 232 195 75 57 342 315 351 14 2 347 304 279 261 262 67 62 67 63 53 52 47 19 327 322 316 301 297 310 324 334 345 338 323 290 223 194 185 179 175 170 169 170
298 298 297 290 287 282 276 265 240 212 111 70 66 354 336 266 268 324 348 305 282 266 256 69 59 54 46 47 56 70 71 311 335 329 295 287 301 314 322 339 342 326 303 265 200 191 177 171 170 169 169
300 299 297 292 289 282 278 243 233 176 95 92 65 15 341 294 266 269 315 301 280 266 250 73 60 52 45 46 60 87 129 213 322 333 292 282 291 303 313 333 341 330 315 279 227 197 183 179 174 172 170
302 300 297 293 291 285 278 242 217 159 91 94 49 10 328 310 290 306 27 288 277 256 240 79 65 55 52 55 78 133 188 227 275 298 282 278 288 300 308 324 336 338 320 294 255 211 189 184 176 171 168
302 300 296 295 295 288 276 238 189 136 79 91 37 358 339 315 285 267 227 271 273 247 231 83 64 59 62 77 116 225 237 257 270 271 261 278 299 302 311 323 331 341 326 304 257 218 193 187 178 170 165
302 299 295 295 299 290 274 212 140 89 74 89 350 347 334 300 268 253 216 215 245 247 232 69 62 65 70 97 237 248 271 316 52 76 67 3 309 294 300 316 332 336 330 307 267 233 200 190 180 170 164
302 298 294 295 302 296 266 186 110 80 66 61 334 334 320 285 264 273 218 161 208 249 259 68 64 68 79 131 111 57 28 56 94 117 91 47 0 302 300 321 341 339 328 311 279 247 211 196 182 171 163
302 298 294 297 307 302 253 158 69 55 33 340 315 324 304 287 316 355 13 120 191 242 263 70 68 70 88 92 82 80 61 120 137 129 49 60 45 356 316 329 344 340 329 315 288 258 222 205 187 173 164
302 297 294 298 311 300 240 114 63 44 10 325 328 326 287 315 1 353 15 115 182 238 257 70 73 76 90 80 71 95 238 170 160 41 15 43 64 37 351 341 344 339 332 317 291 264 227 212 192 174 165
302 297 294 298 311 292 203 101 80 58 351 345 8 19 252 342 340 336 37 124 177 241 252 153 80 83 83 72 80 252 214 180 22 356 358 26 60 31 2 347 346 340 331 313 290 266 231 215 195 167 158
303 297 293 297 309 279 185 101 89 77 341 343 18 118 115 357 346 353 75 132 187 242 243 209 86 80 74 72 126 204 190 30 355 346 360 22 35 21 3 350 346 341 329 306 286 265 231 215 197 180 168
303 298 294 296 304 262 181 101 88 69 341 10 55 119 43 357 349 22 103 142 205 257 246 219 81 76 76 88 108 136 121 12 1 16 22 21 20 14 2 351 344 337 323 297 279 263 233 215 197 179 166
304 299 294 295 300 245 179 96 85 63 22 37 74 110 17 355 357 53 114 158 226 261 254 245 80 80 88 102 114 124 120 38 29 56 21 18 19 11 360 350 342 334 313 287 274 262 237 220 199 176 159
304 299 293 294 299 222 178 95 86 74 30 353 83 74 17 12 12 79 125 173 238 259 256 255 90 90 106 121 132 130 109 67 73 62 4 14 18 8 356 347 338 325 303 283 271 260 239 224 205 177 156
304 299 293 293 304 200 164 86 77 60 357 334 98 38 13 35 46 97 135 180 230 251 254 232 119 109 125 144 149 123 101 101 122 8 357 9 15 7 356 343 331 318 298 279 267 257 238 227 211 179 155
303 299 292 293 306 200 150 81 67 43 33 77 127 172 42 70 74 100 144 179 215 242 246 204 133 118 134 163 114 91 99 130 179 342 351 6 15 7 356 338 326 313 293 278 264 253 236 227 214 187 164
302 298 291 289 285 199 137 91 81 68 73 87 152 155 66 62 56 90 142 178 215 236 230 188 120 100 89 64 58 61 87 131 301 333 346 4 12 6 353 338 324 307 290 274 261 249 234 223 210 187 168
302 297 290 284 257 185 136 102 100 105 111 127 151 125 47 7 356 66 156 193 223 219 206 161 97 83 75 73 71 32 191 204 291 330 345 352 352 347 344 337 324 304 284 266 254 244 232 220 205 185 170
301 297 289 281 231 175 135 107 112 122 126 131 129 95 45 2 338 314 179 232 232 204 180 130 84 76 83 116 170 207 210 229 272 322 329 336 342 340 337 334 322 300 280 262 250 240 229 217 203 186 173
302 298 290 279 207 160 116 98 100 100 81 88 82 74 44 20 356 188 330 322 256 206 173 110 79 82 99 137 169 190 225 267 272 288 307 317 326 332 331 330 319 295 274 257 247 237 226 215 202 188 177
304 302 293 282 183 148 101 90 81 18 307 317 20 351 36 35 352 271 263 261 260 233 199 100 81 88 110 152 179 273 282 268 268 282 302 317 327 330 326 325 314 289 268 254 243 235 224 213 202 191 182
306 306 297 289 170 141 100 96 90 80 58 185 248 293 88 33 338 302 253 239 223 235 180 81 73 87 110 133 29 305 280 264 272 4 17 357 336 329 323 319 306 283 265 253 243 231 220 211 202 194 186
309 311 303 298 193 153 108 103 101 107 126 159 195 212 192 8 336 309 266 204 192 241 203 79 70 88 110 111 0 285 269 268 44 54 52 7 336 328 319 309 294 278 266 254 240 225 215 208 202 195 189
311 314 308 304 235 165 115 109 113 123 135 146 147 165 174 347 327 309 209 176 204 247 203 92 84 103 145 238 231 221 218 238 6 41 67 42 345 327 313 301 286 277 267 253 235 220 209 205 200 195 189
313 317 312 302 268 163 119 118 129 137 139 138 135 155 154 343 319 308 162 150 201 247 181 103 100 117 134 124 229 203 201 221 290 51 59 24 344 326 307 295 285 279 267 251 230 214 204 201 197 192 188
315 320 317 307 275 178 130 128 142 151 140 130 127 140 95 348 317 298 149 88 73 255 181 119 112 116 110 101 87 218 208 222 240 283 357 6 352 323 306 294 285 279 267 246 226 212 201 197 192 188 185
318 323 321 315 295 217 145 136 150 171 314 122 114 121 49 342 316 293 129 72 38 282 234 132 114 111 106 99 102 56 296 243 269 311 350 28 13 325 307 292 282 275 264 243 222 211 200 195 188 184 181
322 327 327 323 309 277 173 145 134 5 333 94 102 117 7 340 315 293 114 76 63 308 276 124 105 99 97 94 99 90 76 71 58 52 67 66 357 316 304 290 279 270 259 242 221 209 199 193 186 180 177
325 330 332 335 325 293 202 161 109 353 334 55 105 131 341 334 308 280 102 76 86 315 305 56 87 80 76 81 88 86 73 86 48 32 66 84 320 305 297 284 274 267 256 240 224 210 200 194 184 178 174
328 333 338 355 2 306 249 195 44 347 329 359 120 126 337 321 293 245 79 79 90 331 311 345 74 71 63 67 76 85 89 74 13 12 40 41 308 298 289 278 269 264 255 238 223 210 202 194 183 177 173
330 336 343 5 14 340 267 19 10 353 342 353 49 5 324 308 287 165 86 102 80 347 322 313 69 69 60 86 132 127 144 149 17 2 358 328 301 291 281 271 264 263 253 235 220 209 202 195 184 178 174
331 337 345 6 9 358 17 17 3 353 348 347 339 318 311 301 290 120 92 115 82 351 322 299 29 65 60 287 216 211 217 231 328 329 320 304 292 280 271 265 261 262 252 234 215 209 205 197 185 179 174
331 337 345 3 8 0 350 344 1 340 312 302 316 319 310 302 289 113 103 129 39 343 309 291 25 62 63 55 239 236 252 285 305 321 315 292 276 265 262 263 263 262 249 231 213 205 206 199 188 180 174
331 335 341 353 357 349 336 323 325 311 292 283 298 306 300 296 280 281 104 114 0 338 303 288 19 76 80 88 53 331 330 320 330 341 315 277 260 252 258 268 266 264 246 226 209 209 206 201 189 181 174
329 332 336 343 344 337 328 304 282 281 278 272 291 297 297 286 278 285 41 42 354 336 302 286 284 85 92 96 76 356 336 306 294 288 266 259 246 245 263 272 268 263 245 228 202 203 204 202 191 182 175
326 329 329 330 329 323 313 296 282 279 270 262 273 278 283 275 283 273 277 293 296 295 269 271 264 6 88 94 99 324 325 324 317 289 235 236 233 249 268 269 272 266 242 225 207 205 206 203 193 186 180
322 322 322 320 317 314 306 295 284 276 272 267 271 267 273 277 289 273 262 260 256 252 241 263 253 273 21 91 276 292 36 21 10 349 233 225 233 258 269 274 272 262 240 223 207 201 204 202 196 190 186
319 318 317 314 311 309 305 298 289 279 272 269 266 274 270 278 279 269 264 249 237 173 123 12 205 230 295 284 273 114 84 38 11 310 238 231 246 263 286 277 263 253 241 226 210 204 203 201 194 190 186
317 316 315 313 311 309 305 300 293 282 274 269 267 274 255 265 268 258 263 247 77 145 191 175 162 175 200 300 197 125 331 354 24 85 207 239 258 291 303 272 264 255 241 229 213 205 205 201 192 188 184
317 316 315 315 315 311 306 301 295 285 275 268 266 270 251 249 249 254 275 95 111 153 201 171 127 107 36 316 132 354 323 317 6 82 148 237 280 306 292 272 264 256 244 231 218 210 207 202 193 187 184
316 316 315 318 318 312 306 300 293 286 275 266 263 270 255 225 227 242 76 108 123 169 204 149 28 0 317 324 354 328 285 291 358 81 115 251 292 305 294 267 262 256 246 233 228 224 219 204 194 188 184
314 314 316 320 319 311 305 297 291 285 271 257 251 255 250 221 217 212 348 100 132 190 210 80 28 354 317 321 330 314 303 324 72 91 78 307 296 294 282 267 260 255 249 245 233 229 229 209 197 187 182
313 313 316 319 317 311 303 293 289 281 260 236 212 224 242 222 199 108 18 98 144 197 217 57 29 0 328 301 8 8 357 356 73 91 76 328 281 256 285 274 267 258 256 254 241 233 235 216 200 186 178
312 312 316 318 316 311 300 291 290 275 254 188 164 204 235 201 128 44 13 101 141 193 229 48 27 360 337 350 27 3 335 327 22 71 76 12 291 271 296 303 280 269 264 257 255 250 248 225 204 192 181
311 311 316 317 316 309 297 292 291 271 211 189 176 206 234 179 89 64 6 57 134 190 229 54 32 355 340 19 28 351 318 308 324 34 63 45 268 85 355 327 301 285 273 265 259 257 258 236 211 195 180
311 312 315 316 315 306 296 296 289 257 154 148 153 193 229 176 104 109 88 58 133 201 232 50 42 354 342 8 25 342 308 302 309 348 49 49 283 44 12 341 317 296 282 272 267 268 268 249 223 199 178
311 311 315 316 313 303 297 300 277 229 139 132 145 183 213 176 103 111 78 59 144 210 216 41 48 357 333 350 1 324 305 303 310 334 34 50 339 17 16 355 327 308 294 282 277 279 277 262 240 208 179
311 311 314 315 310 301 300 307 271 212 84 58 133 171 202 191 132 134 39 16 229 218 198 41 53 358 310 274 320 331 324 325 324 340 35 56 327 358 13 6 332 315 303 290 286 287 284 277 260 223 185
311 311 313 313 310 306 305 310 265 203 91 60 114 147 174 0 90 99 41 358 241 246 204 68 67 335 284 186 8 5 342 327 322 345 54 71 344 352 11 10 348 320 310 298 294 291 293 289 279 241 200
310 310 312 312 313 311 309 309 260 206 95 92 136 137 104 296 353 59 50 5 245 244 195 80 71 341 334 75 17 356 328 308 311 358 75 75 2 354 4 1 345 326 316 306 298 292 297 298 294 255 217
309 309 310 313 316 312 308 306 249 206 103 109 138 115 71 146 36 33 357 330 262 233 197 65 62 32 50 56 32 1 317 291 312 14 72 47 6 356 360 356 341 326 317 309 300 291 297 301 302 263 230
308 307 309 313 315 310 305 298 236 188 126 123 135 95 87 73 62 358 349 320 268 227 199 69 70 55 48 49 53 4 299 270 307 18 41 21 7 352 354 350 337 325 316 309 302 290 294 299 305 260 231
308 307 308 311 312 306 300 281 229 192 173 145 118 86 95 61 58 340 333 320 267 218 188 90 80 73 65 56 61 5 272 260 298 4 20 17 7 352 349 344 332 322 313 306 300 287 283 287 298 250 221
310 309 308 309 308 301 293 280 246 226 202 115 60 77 99 98 75 336 321 305 260 215 197 113 85 86 89 74 70 287 256 269 297 337 7 26 14 355 348 338 327 317 310 302 293 282 265 264 271 237 212
313 312 308 309 305 296 283 258 242 259 21 44 31 30 241 259 296 316 320 296 264 224 216 112 87 98 106 92 96 272 259 275 294 319 350 34 22 358 348 336 323 314 308 296 288 272 248 248 236 228 206
315 315 311 311 306 296 275 214 240 342 21 31 15 313 289 282 295 307 322 286 310 345 350 4 59 100 108 101 150 273 264 277 289 306 335 45 22 356 345 335 323 312 304 296 284 252 226 235 209 219 194
315 318 317 315 312 306 294 248 286 320 344 4 354 325 313 309 315 320 321 315 326 336 341 344 3 151 164 195 225 248 256 270 283 297 315 342 347 342 338 331 321 310 303 295 284 259 231 231 200 213 193
314 321 326 327 326 323 317 305 288 265 235 208 194 27 8 355 342 335 328 317 310 297 274 225 204 204 212 217 227 238 249 256 270 290 313 332 339 336 330 323 316 308 299 289 278 267 254 234 205 213 196
313 320 330 333 334 334 319 297 267 247 231 211 256 66 21 8 352 339 325 310 298 266 240 213 199 202 214 221 227 240 269 257 265 286 313 335 341 333 322 315 310 306 296 286 274 263 250 231 209 212 193
312 319 329 333 335 335 312 294 267 248 231 211 218 194 233 322 330 330 313 301 280 249 235 220 213 217 228 233 235 244 267 256 265 291 322 342 345 330 311 305 305 303 294 284 272 261 247 231 210 186 161
