---
Surface Wind (10m AGL) Direction [deg] Valid 1000 PST ~Z75~(1800Z)~Z~ MON 22 May 2017 ~Z75~[18hrFcst@1232z]~Z~
Model= RASP Region= PANOCHE Grid= d2 Reskm= 4.0 Indexs= 1 51 1 69 Proj= lambert 4000 4000 40.0000 40.0000 -73.0000 36.6487 -121.0445
Day= 2017 5 22 MON ValidLST= 1000 PST ValidZ= 1800 Fcst= 18.0 Init= 12 Param= sfcwinddir Unit= deg Mult= 1 Min= 0 Max= 360
293 293 296 299 303 296 277 254 280 276 270 263 254 241 248 227 213 184 107 76 68 62 66 70 77 76 77 80 78 81 83 77 70 60 52 35 18 16 16 11 356 339 340 357 11 13 2 333 298 284 279
292 293 296 297 297 284 271 256 278 272 266 258 251 239 250 224 204 174 93 72 70 69 76 82 86 83 83 87 83 86 88 81 73 63 54 37 16 12 12 10 360 347 346 357 9 11 2 337 297 277 268
292 293 296 295 292 288 286 281 276 270 262 252 247 244 241 226 196 130 69 71 75 85 92 96 96 93 91 91 89 88 85 79 70 62 50 34 20 13 11 8 1 352 349 355 3 7 1 339 303 270 254
293 294 295 292 287 281 282 284 287 280 266 248 235 223 209 186 160 2 19 79 118 112 110 107 105 103 101 99 95 92 91 83 67 55 40 28 19 15 9 1 357 356 351 353 346 355 348 337 320 273 251
293 294 296 290 284 280 281 290 300 274 251 241 229 211 186 151 77 30 347 317 158 127 121 118 113 110 106 102 97 96 92 75 60 51 40 29 10 0 9 358 350 352 336 352 339 14 11 301 330 287 263
294 295 297 291 285 283 279 283 265 251 240 238 229 204 164 112 87 69 352 304 260 166 130 125 118 114 111 101 95 92 77 67 62 50 43 31 14 349 356 354 349 349 344 348 334 13 6 312 334 302 279
295 296 298 291 285 280 277 280 235 240 241 236 220 179 134 113 102 91 52 280 254 219 151 130 125 116 109 98 102 95 84 73 55 40 34 26 14 346 345 348 340 348 351 342 342 360 346 319 332 309 289
297 298 298 291 284 277 275 258 249 242 243 233 206 146 123 116 105 101 88 258 249 225 174 139 126 113 107 110 113 100 83 60 41 26 25 20 14 347 338 344 331 337 3 351 346 348 311 315 327 309 284
299 301 300 291 282 274 264 227 269 250 245 228 184 131 117 110 102 96 64 266 242 222 192 148 125 116 120 132 125 91 59 40 33 16 17 15 7 355 343 344 330 326 8 39 357 330 326 322 325 303 265
302 304 302 291 280 269 245 226 199 214 229 213 143 91 94 98 85 55 351 286 260 244 216 173 133 123 133 149 114 63 48 37 27 17 16 15 5 353 342 346 343 322 336 36 30 351 337 323 319 286 245
304 306 303 292 279 262 224 230 211 209 210 167 89 51 21 70 74 85 208 252 261 252 227 197 143 123 152 145 54 46 45 46 32 22 18 17 10 1 354 338 348 335 321 6 30 1 343 320 310 263 238
306 307 305 295 281 248 263 206 211 212 190 122 75 68 72 96 105 122 171 263 254 235 216 197 146 126 140 58 41 43 49 49 41 33 24 14 13 357 5 348 338 351 326 348 6 359 337 298 301 245 236
306 308 306 301 291 289 293 216 197 214 195 86 77 116 139 133 119 111 185 240 236 221 210 203 162 131 91 51 49 51 52 48 48 44 33 11 8 357 13 357 343 4 333 347 356 340 336 301 315 269 252
306 307 307 306 310 350 306 218 196 207 178 85 95 139 136 131 122 118 171 223 243 235 215 209 194 120 64 59 60 62 57 59 63 60 41 15 357 351 349 1 348 3 3 347 358 350 335 334 327 308 290
306 307 307 308 314 341 308 204 191 189 140 98 116 134 118 127 135 133 177 275 268 253 229 206 185 90 66 68 73 71 73 81 83 61 46 34 1 3 341 338 353 344 15 353 341 346 332 343 331 321 308
305 305 306 307 316 339 309 203 196 176 118 103 117 113 107 147 153 133 90 334 276 258 244 223 154 83 77 88 97 92 85 93 91 60 44 35 17 358 347 347 2 344 360 11 355 351 340 345 336 324 311
305 304 306 308 323 346 302 199 201 162 103 103 109 103 132 163 150 115 40 333 274 259 254 243 150 91 93 114 114 96 97 119 111 76 44 28 16 7 344 342 356 357 3 356 353 357 349 346 343 329 310
304 304 305 310 332 358 229 187 180 121 90 94 94 99 156 184 142 86 26 318 273 259 251 239 172 102 109 130 106 93 118 137 125 76 39 29 17 11 2 344 343 356 16 4 357 2 355 4 4 357 304
304 303 305 313 343 35 151 177 145 100 93 94 96 110 177 188 113 49 355 303 269 256 250 235 187 113 125 121 87 102 135 147 117 56 37 23 15 6 357 351 349 357 7 8 1 3 1 6 23 42 72
304 303 304 312 347 284 177 176 118 96 98 104 114 136 182 170 76 26 329 284 260 251 246 234 202 130 123 97 91 127 153 144 67 38 36 25 13 9 359 351 349 1 5 4 9 7 13 14 27 47 96
304 303 303 308 337 242 193 177 110 95 100 110 124 157 188 130 54 14 319 276 259 246 237 228 212 145 107 99 119 147 147 82 43 40 40 30 16 7 360 358 353 358 1 9 15 9 11 19 28 38 165
303 302 301 303 334 211 218 175 108 95 110 118 135 169 177 77 43 7 307 268 258 245 234 223 210 148 112 131 145 146 100 49 48 57 50 33 23 15 4 4 360 7 354 359 16 16 17 17 32 234 197
302 301 300 299 17 78 228 176 110 106 120 125 145 165 137 62 33 0 282 263 256 244 237 227 210 157 136 151 147 109 65 60 63 57 45 35 23 18 10 18 6 5 11 7 16 30 31 29 55 198 182
301 300 298 296 81 80 236 185 119 109 117 123 150 156 112 70 42 8 289 269 262 254 248 233 208 165 147 179 132 80 73 82 76 52 43 31 25 19 8 17 19 356 2 21 19 29 36 47 81 154 158
300 299 296 291 114 100 168 168 117 105 115 127 149 145 103 81 63 1 308 280 261 249 239 228 212 165 91 357 39 64 83 86 66 47 40 31 26 26 11 10 18 5 349 6 33 31 46 68 93 115 133
300 298 294 290 135 147 172 155 113 110 127 140 145 130 102 91 55 334 295 269 246 235 219 216 223 211 40 22 27 39 56 55 48 43 27 23 19 31 18 11 1 3 358 348 26 48 58 81 99 105 121
298 296 292 286 143 163 182 154 113 117 137 140 132 111 94 75 32 327 287 249 240 236 221 218 230 236 76 50 42 36 38 41 42 44 34 11 359 13 27 21 2 355 0 355 25 42 65 96 107 104 119
297 295 291 288 140 167 193 160 117 128 145 132 111 90 70 37 1 309 291 265 252 247 237 223 224 200 80 61 51 44 41 44 44 41 40 28 10 3 25 26 3 354 354 343 20 63 85 116 120 113 125
297 295 292 296 126 160 194 166 125 131 109 81 82 79 66 31 338 305 298 262 248 244 237 222 217 160 66 53 43 45 45 48 45 43 33 25 15 6 24 28 7 357 359 352 358 79 90 131 133 126 135
297 296 294 302 107 163 194 169 117 86 54 57 75 87 80 49 8 295 252 226 224 221 224 221 222 116 64 49 45 60 67 62 48 39 30 22 13 1 18 31 12 1 357 352 14 46 93 135 144 140 147
298 299 297 308 40 144 190 166 111 97 92 87 97 111 97 62 356 290 247 212 197 196 205 213 212 77 59 51 59 87 86 71 54 39 24 17 15 6 7 21 10 5 1 348 358 58 104 135 155 157 161
300 302 299 299 317 172 194 170 117 114 112 109 124 132 112 51 349 283 243 210 176 173 193 208 187 59 51 52 87 115 81 68 58 40 27 11 11 7 12 17 7 4 1 357 358 127 119 136 160 166 169
303 306 302 293 252 182 196 180 128 125 120 116 135 139 100 34 332 267 226 209 176 160 187 205 162 66 67 79 124 51 46 55 51 37 24 13 15 11 17 22 9 10 360 2 3 221 129 144 164 171 174
306 309 305 288 231 189 196 183 146 126 112 118 142 123 69 11 323 268 214 194 167 157 187 205 146 81 94 115 96 33 26 38 42 36 25 6 7 9 12 23 18 10 13 354 40 174 154 150 163 167 170
309 313 308 292 239 203 206 194 92 47 67 123 135 94 52 358 314 265 212 181 148 152 183 211 339 96 116 117 80 51 34 34 42 40 30 19 9 5 8 17 24 7 10 359 324 192 172 158 167 169 172
312 316 312 306 273 225 221 218 45 18 334 151 116 80 42 352 306 263 213 167 139 152 192 266 283 127 125 113 88 77 63 55 49 41 26 18 16 9 7 9 20 14 358 26 289 187 176 179 173 176 178
316 320 317 328 320 259 241 260 36 11 316 267 101 82 26 344 297 260 219 164 105 15 325 298 263 193 142 111 92 82 69 62 50 36 26 17 15 8 7 8 15 14 353 349 262 170 180 191 184 189 191
319 323 320 324 313 281 268 339 12 347 319 286 109 82 11 334 293 261 221 158 51 355 321 283 256 255 29 42 60 55 46 43 40 33 24 17 21 9 4 9 15 13 1 341 299 167 192 198 196 202 206
321 326 326 341 350 300 295 341 359 344 330 331 71 61 356 320 286 252 209 96 41 353 314 279 252 263 33 29 39 45 38 33 37 27 19 13 17 12 3 8 13 11 357 338 288 166 202 206 205 215 220
323 329 334 360 29 330 331 351 349 352 357 359 15 7 336 304 283 239 193 68 41 357 320 287 260 269 51 39 42 50 42 27 33 26 10 14 16 11 2 9 12 9 354 347 292 186 184 205 205 215 223
323 331 339 7 24 352 336 353 357 345 1 358 345 338 317 295 283 237 151 60 31 356 320 288 255 210 67 53 45 52 47 41 37 32 12 10 10 11 5 7 8 4 345 337 50 232 200 187 198 207 217
322 330 339 7 21 10 309 318 351 331 323 334 331 324 308 299 284 257 88 58 14 348 312 285 256 159 76 62 52 64 69 58 42 33 22 29 12 6 10 7 2 360 350 311 291 195 198 177 192 200 210
321 329 339 0 3 344 294 301 322 298 290 289 305 304 297 300 284 280 13 35 356 336 303 285 271 184 83 73 68 64 70 51 36 24 8 25 25 11 8 6 6 352 348 305 249 249 215 179 191 198 206
317 325 335 354 353 330 308 282 262 258 266 269 287 289 296 290 279 280 331 352 330 317 295 282 267 301 78 77 53 14 38 45 36 25 9 11 23 17 8 359 0 0 340 305 335 276 238 188 204 208 211
312 318 325 339 339 318 290 267 263 267 264 256 268 277 282 279 272 271 292 300 286 298 300 275 257 293 46 72 60 2 39 51 47 32 22 13 16 15 13 2 349 358 349 335 302 227 225 221 225 226 221
304 307 313 318 318 305 287 274 267 263 260 255 261 259 264 265 260 268 281 270 261 301 316 279 249 271 39 73 89 108 84 68 61 41 23 21 15 6 16 9 354 343 320 349 263 252 238 232 234 233 230
300 300 304 304 302 296 284 274 264 260 253 256 250 259 264 261 260 267 269 258 247 330 48 259 227 241 56 87 99 107 95 79 67 46 20 23 11 5 3 4 342 349 334 332 290 285 282 235 231 232 235
298 297 299 297 293 288 281 272 264 258 252 252 245 259 254 249 258 255 248 234 209 176 220 229 177 97 92 111 109 104 94 81 67 49 27 26 21 11 358 343 352 337 338 292 247 277 273 235 226 229 239
296 295 296 294 291 286 279 270 263 255 251 248 245 250 243 238 246 248 238 130 117 192 233 228 125 95 118 136 103 84 81 67 57 56 45 33 40 30 360 350 344 345 304 286 316 270 226 233 230 231 243
295 294 294 293 290 285 279 273 265 258 252 246 242 246 243 232 226 234 242 78 111 194 235 204 121 95 132 138 86 73 76 66 63 68 48 39 27 21 3 356 347 320 275 353 341 293 295 254 244 243 249
294 293 294 293 291 286 281 275 267 262 253 239 233 229 236 217 201 219 158 81 136 205 244 210 110 97 126 112 81 81 81 76 75 67 53 53 51 35 3 15 347 297 314 26 145 241 284 258 258 255 253
294 293 294 294 292 287 284 275 273 266 247 226 214 207 225 210 195 190 103 92 144 210 245 222 105 100 110 98 91 88 85 83 87 76 64 55 42 46 9 25 349 306 330 352 271 276 279 261 259 258 253
295 294 295 295 293 290 285 277 280 262 237 192 174 186 213 198 172 117 81 93 116 214 250 224 124 109 115 119 113 96 89 93 96 85 71 45 23 27 6 6 349 326 339 328 320 305 287 261 256 255 251
295 294 296 297 295 292 286 283 284 258 224 195 179 190 211 206 145 87 76 78 115 221 254 225 137 113 134 134 120 94 90 93 90 84 72 45 32 21 354 346 348 339 333 322 306 292 274 259 252 247 245
296 295 298 298 296 293 287 289 280 256 211 180 177 186 207 216 131 76 66 51 280 246 253 229 144 113 158 150 113 91 95 91 86 85 72 47 30 31 21 352 340 332 342 319 311 302 275 257 250 242 239
296 296 299 299 298 295 292 295 268 236 193 164 166 177 203 215 99 65 42 7 291 252 243 226 148 101 171 184 83 81 85 78 71 69 62 48 23 17 32 13 328 332 340 316 306 297 264 255 248 239 233
297 297 301 301 301 298 298 301 265 223 176 133 151 174 200 226 57 52 1 335 297 254 236 224 136 81 138 206 80 79 88 73 61 58 55 51 21 5 11 37 333 330 343 318 313 295 264 253 247 239 230
297 298 302 303 303 301 303 304 265 225 160 114 143 179 197 343 20 23 355 323 294 277 248 235 107 83 150 174 125 101 90 62 55 52 48 51 30 7 5 11 353 333 337 323 305 284 257 251 247 239 231
298 299 303 305 306 304 307 304 263 230 159 104 135 188 157 29 15 15 1 321 283 268 251 245 171 99 156 169 125 80 47 40 52 56 58 53 32 1 353 341 341 335 331 323 304 288 259 251 248 242 235
299 301 304 307 308 307 308 300 259 238 189 101 144 174 87 45 32 20 359 332 261 254 249 248 237 115 160 170 89 50 33 29 44 58 64 50 28 3 353 347 336 331 330 318 298 277 256 251 249 244 238
300 302 303 308 309 308 306 290 258 247 209 126 162 155 64 41 30 10 14 332 264 257 253 258 262 138 157 79 48 47 44 38 37 42 38 27 19 355 348 340 327 333 323 315 292 273 252 250 249 244 238
301 303 304 308 308 307 300 266 250 259 238 153 162 74 56 44 34 2 4 4 249 259 262 269 272 331 54 19 36 41 44 45 41 34 32 19 10 357 344 337 319 328 323 309 283 265 246 249 248 242 237
302 305 306 307 306 303 293 283 266 267 270 265 274 49 48 44 28 8 339 277 245 253 262 273 291 339 10 8 23 33 31 31 36 34 35 27 10 357 344 328 311 323 321 302 272 271 255 249 247 242 236
302 308 309 307 303 294 288 295 272 276 291 308 353 31 28 32 24 11 345 275 265 264 275 290 309 337 353 354 7 19 13 13 20 24 29 21 8 356 342 326 313 321 315 292 283 281 256 250 249 243 238
302 308 309 307 300 288 271 212 271 292 309 334 345 353 352 354 357 16 344 285 299 299 299 304 313 330 343 344 358 11 6 6 12 11 22 21 5 353 339 328 320 318 305 302 291 268 241 252 252 247 241
301 306 308 307 302 295 285 240 287 294 304 321 334 344 347 347 339 337 329 317 309 299 292 291 298 315 333 346 356 8 13 10 14 13 11 8 355 345 336 329 323 316 311 305 290 275 256 262 257 251 246
300 302 303 306 316 323 318 294 275 268 278 317 346 10 14 354 337 323 311 300 292 284 280 278 285 301 321 341 358 8 13 15 15 13 8 0 350 338 327 321 319 317 314 308 299 287 278 269 261 255 251
298 297 298 303 322 336 327 294 253 254 271 327 346 4 4 353 344 307 277 287 281 283 283 265 271 280 297 326 359 7 9 16 14 12 5 355 345 334 320 315 317 317 315 307 294 274 265 263 260 256 256
296 293 292 296 320 336 325 287 252 249 263 336 357 2 354 346 333 299 255 272 264 270 274 258 267 270 276 293 357 16 17 21 15 7 358 350 343 330 313 313 315 314 311 303 287 260 252 254 257 257 259
