---
BL Max. Up/Down Motion [cm/s] Valid 1600 PST ~Z75~(0000Z)~Z~ MON 22 May 2017 ~Z75~[24hrFcst@1242z]~Z~
Model= RASP Region= PANOCHE Grid= d2 Reskm= 4.0 Indexs= 1 51 1 69 Proj= lambert 4000 4000 40.0000 40.0000 -73.0000 36.6487 -121.0445
Day= 2017 5 22 MON ValidLST= 1600 PST ValidZ= 000 Fcst= 24.0 Init= 12 Param= wblmaxmin Unit= cm/s Mult= 1 Min= -99 Max= 167
0 0 0 0 0 1 2 3 3 4 4 5 5 4 3 -2 -3 -4 -5 -5 -5 2 3 4 -9 -21 -18 21 32 31 13 -4 -11 -20 -23 -20 -9 5 15 27 31 29 21 16 -14 -9 -10 -9 -11 -12 -12
0 0 0 0 0 0 1 1 3 5 5 5 5 4 -2 -3 -3 -7 -6 -6 -4 2 6 6 6 -25 -17 21 39 26 10 -6 -13 -23 -34 -25 -16 -12 -2 13 27 20 20 -20 -16 -11 -11 -11 -13 -14 -12
0 0 0 0 0 0 1 2 3 5 5 5 5 4 -2 -3 -4 -7 -7 -5 -2 4 5 7 8 -18 -14 14 27 20 9 -4 -10 -17 -23 -14 -6 -5 5 11 17 14 13 -16 -13 -8 -9 -7 -12 -14 -12
0 0 0 0 0 0 1 0 4 0 5 6 6 4 -5 -4 -4 -7 -5 -1 5 8 11 14 17 15 -10 -10 -7 -5 -3 -3 -9 -11 -8 8 6 8 -2 2 8 -6 5 -5 -6 -7 -2 -5 -11 -15 -12
0 0 0 0 0 0 1 2 2 3 4 6 8 4 -3 -4 -7 -9 -6 -4 2 5 6 7 -19 -34 -22 -14 21 65 26 33 83 14 -9 -7 -32 15 19 37 49 24 26 28 18 -17 -19 -6 -11 -16 -12
0 0 0 0 0 0 1 0 2 4 6 8 8 -4 -5 -3 -6 -8 -6 1 3 5 8 10 -19 -36 -16 30 -13 86 -16 20 -9 -25 -39 -19 -36 -6 16 -14 18 -13 -14 -10 -16 -18 -14 -7 -11 -16 -12
0 0 0 0 0 0 1 0 3 4 6 9 8 -7 -6 -4 -9 -12 -7 5 6 8 11 13 -35 -30 17 19 -6 25 15 -11 -15 21 -21 55 36 33 -9 17 18 23 -17 -20 -12 -12 -11 -9 -11 -16 -13
0 0 0 0 0 0 1 2 5 7 9 13 7 -9 -5 -4 -11 -15 -8 8 15 14 13 -30 -36 15 -11 17 -26 20 -18 116 71 37 30 17 -11 -13 -11 -13 -13 -10 32 -18 -25 -19 -11 -10 -11 -17 -13
0 0 0 0 1 1 1 1 2 5 10 12 -7 -15 -2 -4 -15 -16 -8 -7 -25 -37 -41 39 42 20 19 21 16 18 143 59 15 -10 -12 -14 -14 -14 -14 -13 -12 -11 36 30 -23 -19 -14 -9 -11 -18 -13
0 0 0 0 1 1 1 1 2 7 14 11 -17 -17 5 -7 -19 -15 -11 -23 -33 -33 -29 24 -19 13 -7 43 23 166 63 22 -14 -13 -14 -16 -17 -16 -15 -14 -12 -11 -6 73 -15 -12 -16 -10 -12 -19 -12
0 0 0 0 1 2 2 1 4 12 15 -7 -30 -18 7 -7 -17 -17 -7 -24 -29 -26 -19 -16 -12 -21 32 -32 101 96 25 -17 -17 -18 -16 -18 -24 -23 -26 -17 -11 -17 -8 40 18 -12 -15 -11 -12 -18 -12
2 0 0 0 1 2 1 2 6 13 11 -21 -33 -9 13 16 -14 -10 -14 -21 -21 -17 15 18 -13 9 22 35 139 18 -18 -22 -24 -29 -27 -27 -28 -31 -34 -19 -17 -13 -7 31 -16 -10 -13 -8 -10 -16 -12
5 0 0 1 1 2 1 3 10 17 11 -32 -30 -5 -9 -20 -29 -26 -28 30 27 23 13 13 -10 29 -28 108 85 -14 -11 -14 -17 -20 -30 -30 -25 -30 -24 -23 -21 -12 -11 -15 -12 -10 -10 -8 -10 -12 -13
7 0 0 1 1 1 1 3 10 13 -7 -29 -21 -4 -9 -16 -24 -28 -33 -26 -22 -21 -16 11 16 19 -12 121 20 -13 -13 -18 -21 -19 -18 -17 -17 -27 34 -20 -19 14 -13 -16 -15 -12 -10 -8 -9 -10 -13
10 0 -1 1 1 1 1 6 11 12 -7 -27 -19 -6 -10 -17 -23 -26 -26 -21 -17 -15 -13 -9 29 18 28 84 -14 -38 -36 -21 -33 -31 34 -19 -15 -11 -23 -16 13 17 21 -15 -14 -10 -12 -7 -9 -10 -14
11 0 0 1 1 0 0 7 11 9 -13 -21 -14 -10 -12 -17 -20 -18 -16 -13 -11 14 11 7 32 13 52 71 -21 -32 32 -19 -29 18 22 20 -9 18 -15 27 -12 -19 22 -19 -14 -10 -14 -9 -11 -11 -14
11 0 1 2 1 0 0 7 11 5 -16 -17 -10 -17 -14 -22 -29 -26 -19 16 16 15 14 18 30 13 16 21 51 115 30 -48 -29 30 37 -11 -13 -21 -28 -17 -7 10 -15 -12 -11 -13 -12 -10 -12 -12 -14
9 0 2 2 1 0 1 7 10 -11 -21 -16 -14 -17 -16 -25 -26 -28 -23 16 30 14 8 13 19 -12 -10 -62 84 103 -28 -39 15 80 12 -14 -13 -18 -32 -16 -7 10 -14 -18 -14 -13 -12 -9 -10 -10 -12
4 0 2 3 1 0 3 8 7 -18 -20 -12 -17 -15 -19 -22 -23 -31 -21 -14 16 28 19 25 19 12 -9 10 134 -21 -73 -31 114 44 22 -11 -18 -13 -23 -11 7 -10 -12 -12 -16 -13 -16 -9 -9 -10 -10
1 1 2 3 1 1 6 13 -6 -19 -19 -19 -18 -16 -20 -20 -22 -28 -12 7 12 8 7 15 15 15 5 30 98 -64 -53 51 118 32 17 -27 -24 -11 -18 -15 14 -9 -9 -9 -10 -11 -15 -7 -8 -10 -9
-1 1 2 3 1 0 4 12 -7 -19 -19 -19 -15 -14 -18 -15 -28 -18 29 48 54 25 7 14 15 10 -24 -28 -69 26 25 136 37 32 18 12 17 15 -10 -8 28 -9 -9 -7 -9 -10 -19 -5 -6 -8 -8
-1 1 2 3 0 -2 -2 7 -9 -12 -17 -16 -16 -18 -18 -18 35 117 82 49 35 22 7 13 16 11 -8 12 23 24 150 49 29 15 8 -14 -21 -23 -18 46 -9 -8 -24 18 -9 -8 -22 -6 -5 -7 -7
-2 1 2 2 0 -2 0 8 11 -15 -13 -12 -14 -18 -20 57 119 20 -4 9 46 53 29 31 27 16 12 13 45 167 82 43 27 17 23 -7 10 -6 34 -21 8 -8 -19 -8 -20 15 -15 -6 -4 -6 -7
-3 1 2 2 -1 0 0 8 11 -18 -15 -16 17 -17 51 115 -7 -6 -8 -19 -29 21 37 19 24 8 26 52 148 61 37 23 15 10 9 -14 -8 10 8 -6 -8 -11 -21 38 -13 16 -10 -8 -5 -6 -8
-5 1 2 2 -2 0 0 9 11 -16 -22 -21 19 15 139 -16 -4 -2 3 9 -18 -21 15 26 23 20 19 79 54 38 38 20 -18 21 15 -14 17 -4 27 8 11 -11 -9 6 7 -6 12 -9 -6 -7 -8
-8 1 2 2 -2 0 7 16 11 -16 -18 25 -14 117 14 -5 -12 -10 -4 -6 -19 -20 15 19 13 6 -41 50 13 -26 -8 11 13 21 12 -12 22 8 12 17 -7 17 -16 -27 22 -17 18 -6 -6 -7 -8
-12 1 2 2 -2 0 8 19 9 -14 -22 -36 70 30 14 8 -5 -8 -3 -5 -15 -26 20 28 -13 -19 -21 64 -28 -62 -28 15 18 19 -29 -26 -7 12 -17 -7 -15 9 -9 -12 -6 -18 16 -3 -3 -3 -5
-16 1 2 2 -2 0 8 18 5 49 40 95 60 -32 14 21 21 -4 6 10 -12 -24 -22 -14 22 14 30 127 46 82 54 23 -15 -10 -13 -16 -19 13 -9 -9 -14 -9 -13 -15 -5 -9 19 3 3 3 3
-24 1 2 2 -2 0 7 13 -8 -8 94 101 18 -24 8 19 21 5 8 13 -14 -24 -15 15 20 19 122 60 39 37 20 16 15 23 15 23 -6 15 -9 -11 -21 -10 -21 -18 -12 -7 9 5 7 9 6
-33 1 2 2 -1 0 8 14 -10 -14 35 39 -9 -22 -18 7 9 -11 -9 -8 -19 -18 14 19 15 34 98 -14 12 -11 -27 -9 -11 -11 -8 -8 -7 15 15 -12 -15 -12 -19 -8 9 -5 -3 -3 3 8 6
-43 1 2 0 1 2 8 14 9 -31 21 11 -9 -11 -12 -12 -9 -11 -13 -22 -18 -9 15 43 15 61 87 18 -23 22 33 -16 -12 11 -9 15 -9 10 -9 -12 -10 -10 -14 -9 -15 -15 -4 -3 -3 1 -3
-57 0 2 0 4 5 10 13 13 99 117 32 28 48 -15 -17 -10 -8 6 -8 -17 -8 11 31 18 113 40 -20 -76 73 41 -16 12 -15 -15 -14 -7 -8 -10 -11 -8 -13 -9 -10 -12 -7 -4 -3 -3 -2 -3
-73 0 2 0 6 7 9 11 18 80 13 -14 -22 -11 -17 -14 -11 -14 -5 4 -16 24 40 43 43 91 70 -30 -82 50 21 18 19 10 -10 -7 -7 -8 -10 -12 -13 -8 -14 -13 -20 -7 -4 -4 -4 -3 -4
-95 0 2 0 5 8 13 12 55 -14 22 14 7 -11 23 18 -8 -12 -8 -9 14 76 43 36 37 14 36 50 36 31 18 16 16 9 -7 -7 14 -9 -7 -9 -17 10 -11 -13 -11 8 -5 -5 -4 -4 -4
-99 1 4 0 7 8 12 26 29 20 21 18 20 6 25 15 -6 7 6 -11 52 -14 -24 -20 23 -13 -31 132 89 23 13 -16 14 9 -7 -7 -8 -9 -10 9 -21 16 -18 -18 -15 -5 -11 -6 -5 -5 -5
-91 2 4 0 5 9 13 21 27 25 13 12 16 -4 19 8 -7 8 10 12 25 -32 -9 16 18 -17 -15 90 92 24 12 -12 -12 -10 -8 -8 -9 -11 -12 10 -14 15 -17 -15 -8 -4 -13 -6 -6 -5 -5
-66 2 4 0 0 5 11 -15 35 23 7 6 8 -10 14 5 -10 9 16 9 -29 14 14 11 10 -17 21 139 51 23 18 9 -9 -10 -8 -8 -10 -8 -6 -6 -8 9 -20 -16 13 -14 -7 -8 -7 -6 -5
-46 2 4 0 0 5 12 -16 14 11 1 2 -8 -16 9 -4 -7 13 15 -17 22 21 11 4 8 -17 37 89 17 24 22 11 6 -10 -7 -7 -7 -13 -6 -6 -5 -6 -14 -17 7 -16 14 -10 -8 -7 -6
-30 2 4 0 0 6 10 -7 5 -6 2 7 10 -15 7 -4 9 15 11 24 27 20 5 -4 7 -13 35 58 11 22 18 13 -9 -9 12 -6 -6 -9 -5 -5 -6 -5 -13 -12 8 -9 17 -9 -6 -6 -6
-18 2 0 0 0 3 5 -8 6 8 6 9 13 16 7 -5 7 9 7 18 25 11 -3 9 11 -14 66 35 10 14 -13 -7 -9 -8 7 9 5 -6 -5 -5 -8 -5 -12 -8 4 -12 21 -7 -5 -5 -6
-9 1 0 0 2 1 -3 -8 5 8 5 6 11 10 2 -3 8 9 4 -12 23 10 5 9 8 -10 90 22 15 21 8 6 -8 -8 -6 -5 -6 -6 -5 -6 -11 -7 -11 -6 -7 -14 28 -6 -4 -5 -6
-2 1 0 0 2 0 0 -2 3 7 5 2 2 2 1 3 11 11 3 -13 12 13 7 8 -7 -15 32 36 12 36 4 -6 -7 -7 6 -7 -12 -6 -6 -6 -11 -6 -14 -7 -5 -4 24 -7 -4 -5 -7
1 0 0 2 1 1 1 2 -2 6 7 2 -2 -2 -2 4 11 13 -3 -28 -10 11 10 13 14 -5 -15 -33 12 14 45 -9 7 -6 13 11 -8 -7 -6 -5 -11 -7 -11 -9 -5 3 11 -7 -5 -6 -7
2 0 1 1 1 1 1 1 -2 0 0 2 -3 -1 1 4 10 11 -16 -33 -11 7 12 18 24 15 -7 -16 -26 -14 44 7 -7 -6 -5 -6 -6 -7 -11 -6 -6 -12 -12 -3 -4 -6 8 -6 -5 -6 -8
2 0 0 1 0 0 0 0 0 0 0 0 -1 1 1 4 8 5 -14 -15 -8 -6 11 14 20 13 -3 -16 -29 -8 23 8 -6 -6 -7 -8 -7 -7 -10 -10 -14 -9 -12 -7 -16 -6 9 -6 -6 -7 -8
1 0 0 0 0 0 0 0 -1 0 0 1 0 1 3 5 5 -2 -7 -7 -10 -7 13 11 15 10 -6 -12 -25 27 45 -7 -6 -8 -7 -8 -8 -13 -7 -14 -15 -9 -11 4 -4 6 8 -6 -7 -7 -9
0 0 0 0 0 0 0 0 0 0 0 0 0 2 4 4 3 4 -4 -11 -14 7 9 11 9 4 -4 -2 -16 27 26 -7 -8 -11 -7 -8 -11 -12 -17 -11 -10 -5 -16 15 -11 -7 -5 -4 -6 -7 -8
0 0 0 0 0 0 0 0 0 0 0 0 1 1 2 2 3 8 2 -26 -18 16 18 14 7 -4 -2 6 -7 55 18 -7 -8 -8 -12 -8 -14 -16 -26 -10 -12 -13 -9 30 -14 -8 -5 -3 -5 -7 -9
0 0 0 0 0 0 0 0 0 0 0 0 1 1 1 1 7 13 2 -30 -18 18 8 10 5 -11 -5 8 8 81 7 -7 -6 -8 -8 -8 -9 -16 -17 -11 -11 -10 11 31 -24 -6 -4 4 5 -8 -9
0 0 0 0 0 0 0 0 0 0 0 0 1 2 -1 1 10 14 -7 -38 -15 22 11 12 -11 -19 -24 45 75 -3 -8 -9 -10 6 -8 -7 -13 -9 -21 -10 -23 14 18 23 -25 -8 -5 5 7 -9 -7
0 0 0 0 0 0 0 0 0 0 0 0 1 2 1 4 11 12 -15 -32 -8 18 19 12 -11 -26 23 42 18 -8 -6 -8 -8 8 -5 9 -6 -13 -18 27 -18 32 6 11 -1 -7 -6 -5 -5 -9 -6
0 0 0 0 0 0 0 0 0 0 0 0 2 4 5 8 14 8 -20 -26 -5 15 19 9 -13 -25 52 -15 -19 17 -4 6 5 7 -4 12 4 -5 -15 38 -10 10 3 -6 7 -6 -7 -7 -5 -8 -6
0 0 0 0 0 0 0 0 0 -1 2 6 4 4 7 11 12 -9 -23 -19 6 9 13 10 -25 -17 43 3 4 15 4 8 8 6 -4 -4 -10 -11 -7 32 -3 -3 6 -6 -17 -9 -7 -6 -7 -7 -7
0 0 0 0 0 0 0 -1 -1 1 2 9 5 5 8 11 7 12 22 15 63 32 29 29 -14 17 10 16 19 12 6 9 7 7 -5 -5 -6 -5 -7 15 -4 -8 -6 -6 -7 -6 -7 -6 -6 -6 -6
0 0 0 0 0 0 0 -1 0 3 4 9 6 4 8 13 5 96 15 15 12 52 39 19 -12 29 -4 34 51 11 11 9 11 11 -7 -7 -5 -6 -7 20 7 -8 -7 -8 -11 -11 -7 -6 -6 -5 -6
0 0 0 0 0 1 0 -2 2 5 3 9 5 4 8 13 20 57 18 13 -17 -7 9 17 -7 44 -4 58 54 10 19 8 13 12 12 -7 -6 -8 -5 6 15 -7 -8 -8 -7 -7 -7 -5 -6 -6 -5
0 0 0 0 0 1 0 -1 2 6 -7 9 6 5 8 10 50 26 -23 -32 -12 -8 9 17 -7 40 -19 18 20 -7 10 -7 9 11 12 -9 -10 -9 -10 -6 14 -5 -7 -8 -12 -10 -7 -5 -7 -6 -5
0 -1 0 0 0 1 0 0 3 6 -8 14 7 6 6 7 47 31 -20 -13 13 12 13 17 6 32 -7 16 38 13 19 11 14 15 14 -9 -8 -6 -7 -11 -7 -5 -5 -6 -9 -6 -6 -7 -7 -9 -5
0 -1 0 0 0 1 1 0 4 7 -7 19 10 7 6 61 27 22 -4 -6 -14 -14 17 15 5 20 33 50 54 -9 20 18 22 18 12 -9 -8 -7 -8 -6 -6 -6 -6 -7 -11 -8 -6 -7 -9 -12 -6
0 -1 0 0 0 1 0 0 5 8 8 7 27 10 58 28 -23 6 -12 -10 -11 -12 13 12 10 16 31 85 34 12 17 20 24 19 12 -7 -6 -5 -7 -9 -4 6 -6 -8 -8 -7 -7 -5 -8 -10 -6
1 0 0 1 0 1 1 4 5 6 7 9 38 84 35 -24 -9 -8 -8 -8 -5 -8 -17 12 12 37 114 66 10 25 16 16 16 12 -12 -10 -7 -5 -5 -9 -5 6 -7 -7 -7 -6 -9 -4 -7 -9 -6
1 0 0 1 1 1 2 4 5 5 5 -6 -17 -12 -10 -17 -7 -6 -5 -6 -2 4 -14 13 11 32 60 54 16 21 19 16 12 -14 -13 -11 -6 -5 -4 -10 -3 4 -7 -7 -6 -6 -9 -4 -6 -8 -6
0 0 0 1 1 1 2 2 4 5 5 5 -10 -12 -10 -8 -8 3 -4 -4 2 3 6 -12 13 12 36 38 23 21 20 15 -11 -10 -12 -7 -5 -5 -5 -8 -3 -3 -5 -5 -4 -6 -9 3 -6 -9 -6
0 0 0 0 1 1 2 2 3 3 4 4 3 4 -7 -10 -8 -3 -1 -3 2 4 5 8 12 13 37 22 19 17 15 15 -12 -10 -9 -6 -5 -5 -4 -5 -2 -3 -4 -4 -6 -8 -7 2 -6 -8 -7
0 0 0 0 1 1 2 3 3 2 3 3 3 3 -4 -5 -5 -2 -1 1 3 6 8 8 9 12 23 19 17 13 11 16 8 -10 -8 -5 -4 -4 -4 -4 -4 -5 -3 -3 -8 -4 -5 -4 -7 -10 -7
0 0 0 0 1 0 0 0 0 4 4 4 3 2 -3 -2 1 1 -1 2 6 7 8 10 14 17 16 19 24 16 11 9 8 5 -4 -3 -4 -5 -6 -5 -5 -4 -5 -5 -4 -3 -3 -4 -7 -12 -7
0 0 0 0 0 0 0 0 0 0 4 4 4 4 -2 -1 -1 -1 -3 1 5 6 7 8 8 9 9 23 40 19 9 -9 -9 -11 -11 -8 -5 5 -3 -4 -8 -7 -6 -5 -7 -7 -8 -7 -7 -10 -6
0 0 0 0 0 0 -1 0 0 0 3 2 -3 -1 -4 -4 0 0 -2 1 4 4 4 -4 -7 -20 -3 18 42 11 -6 -13 -12 -16 -14 -11 -7 6 -3 -4 -9 -9 -8 -7 -10 -11 -11 -8 -6 -7 -6
0 0 0 0 0 2 4 4 1 -8 -11 -10 -3 -2 -1 0 0 3 12 13 8 -5 -9 -6 8 12 12 21 25 21 -7 -9 -8 -8 9 8 -4 -3 -2 -4 -5 -5 -3 -3 -3 -4 -5 -5 -6 -6 -6
