---
Thermal Updraft Velocity (W*) [ft/min] Valid 0700 PST ~Z75~(1500Z)~Z~ MON 22 May 2017 ~Z75~[15hrFcst@1228z]~Z~
Model= RASP Region= PANOCHE Grid= d2 Reskm= 4.0 Indexs= 1 51 1 69 Proj= lambert 4000 4000 40.0000 40.0000 -73.0000 36.6487 -121.0445
Day= 2017 5 22 MON ValidLST= 700 PST ValidZ= 1500 Fcst= 15.0 Init= 12 Param= wstar Unit= ft/min Mult= 1 Min= 0 Max= 208
17 12 14 12 0 0 0 0 0 0 71 91 86 76 73 74 62 62 76 62 89 73 91 90 89 93 99 87 95 95 100 107 113 123 133 138 157 145 145 132 138 146 150 151 151 150 154 133 128 128 134
12 5 11 15 17 0 0 0 0 0 0 94 88 80 78 78 79 80 81 67 91 91 90 62 88 91 98 104 95 103 108 107 129 121 130 137 138 153 146 133 137 142 150 150 152 151 151 128 129 130 136
0 0 9 23 26 5 0 0 0 0 0 94 90 83 80 83 84 85 73 85 92 91 65 61 81 91 98 106 96 104 110 108 115 120 130 134 131 133 154 136 139 142 146 149 151 152 152 133 130 131 130
0 0 10 29 31 20 0 0 0 0 0 91 91 85 84 86 74 76 76 91 90 68 89 89 90 94 102 112 120 106 112 109 115 120 130 133 135 132 150 146 147 147 146 149 151 152 126 126 129 132 131
0 0 10 31 31 22 0 0 20 0 96 95 89 84 84 88 87 77 77 78 91 89 89 90 94 100 108 116 123 106 113 124 115 125 132 136 138 152 147 143 142 142 146 153 151 157 130 126 129 132 138
0 0 10 32 30 26 0 0 0 117 97 86 89 90 88 89 91 92 77 77 76 88 86 90 95 101 97 134 113 108 105 125 115 123 124 134 139 155 149 143 142 144 154 148 151 154 129 132 129 133 139
0 0 9 31 29 27 14 0 0 104 98 95 86 88 88 89 92 100 91 85 106 84 85 89 96 101 98 123 119 128 118 111 115 124 127 133 138 155 153 145 142 141 140 143 149 160 123 125 129 133 133
0 0 12 31 30 27 21 11 125 114 95 97 83 84 86 87 91 99 102 95 108 86 87 90 94 98 106 73 126 132 119 137 116 120 124 133 138 123 151 146 145 141 139 141 148 124 122 125 129 133 133
0 0 16 31 30 27 25 0 22 104 90 96 81 97 100 91 96 104 109 111 108 101 98 94 95 100 105 111 125 143 119 114 120 116 117 124 130 119 130 128 145 143 140 114 115 117 126 125 129 139 133
0 0 19 31 27 23 15 0 18 105 91 84 88 98 98 98 102 109 112 114 109 103 101 96 99 103 97 107 134 115 120 115 114 104 106 108 115 112 128 127 128 144 142 140 115 117 125 124 135 132 140
0 0 15 26 20 13 0 5 121 105 84 90 93 97 100 100 102 100 112 116 111 107 104 99 107 114 105 115 136 117 120 107 101 97 98 99 106 112 112 127 127 127 143 141 114 122 126 111 128 131 140
0 0 0 16 0 0 0 0 98 99 70 84 95 100 101 102 102 123 118 116 114 108 102 98 109 116 112 130 137 117 105 102 90 85 89 96 100 103 110 127 126 133 143 142 148 122 120 123 127 131 140
0 0 0 0 0 0 0 114 97 92 72 85 96 98 100 101 100 103 113 115 111 106 91 95 67 106 123 129 136 115 97 85 79 81 89 92 101 101 108 111 124 125 125 143 118 116 119 123 127 130 133
0 0 0 0 0 0 0 91 98 88 84 88 101 97 105 103 87 95 123 112 107 91 86 93 59 106 123 131 136 108 88 78 80 80 87 91 112 107 143 110 122 124 125 141 119 121 124 128 127 129 134
0 0 0 0 0 0 0 95 93 82 84 91 100 98 108 105 95 92 119 106 105 97 107 94 83 105 124 130 122 99 84 80 67 83 110 92 97 113 116 127 129 144 125 115 120 121 124 126 122 123 122
0 0 0 0 0 0 0 93 92 79 87 93 95 97 104 104 96 93 95 104 106 103 107 90 87 102 121 119 120 106 88 79 79 89 97 108 99 112 115 124 126 119 133 119 120 115 120 122 118 119 122
0 0 0 0 0 0 0 93 64 66 73 93 94 99 99 98 86 90 99 106 109 103 101 95 85 116 120 125 127 124 103 86 90 102 102 114 111 112 114 131 124 119 130 124 115 114 114 115 116 116 114
6 0 0 0 0 0 0 72 57 64 77 94 98 108 100 91 83 91 99 107 106 104 100 90 82 119 125 128 124 120 126 121 127 124 101 115 111 112 114 122 124 127 129 113 114 114 114 114 114 113 111
0 0 0 0 0 0 0 52 54 69 89 98 97 91 91 81 82 96 101 107 105 105 99 78 82 109 116 123 120 119 130 138 140 119 101 115 113 118 120 124 125 128 129 113 114 114 114 114 112 112 110
12 0 0 0 0 0 75 60 42 71 94 96 98 84 89 85 91 92 95 106 105 106 97 81 83 106 122 116 116 125 130 142 122 122 121 112 111 118 122 125 127 129 122 117 114 114 114 113 112 111 109
23 0 0 0 0 0 81 63 81 79 78 91 91 81 86 87 103 98 101 104 105 113 98 84 83 99 87 121 124 143 141 137 126 107 117 112 109 119 122 126 129 131 124 114 115 114 118 117 116 115 111
29 0 0 0 0 0 0 61 94 78 82 90 89 87 87 89 95 87 84 106 113 113 93 81 82 97 90 115 155 173 150 129 130 89 117 110 107 110 116 127 130 124 115 120 120 115 114 115 119 117 118
32 0 0 0 0 0 0 62 72 73 82 74 89 86 87 92 89 84 83 105 109 107 104 83 85 100 112 159 193 176 144 131 131 87 128 109 105 110 124 127 122 125 116 117 116 115 113 116 119 119 111
34 0 0 0 0 0 0 55 65 76 77 72 94 74 85 93 85 88 98 104 105 106 104 98 107 115 120 186 208 176 140 130 130 88 107 108 104 116 122 128 124 126 117 119 117 119 113 118 118 115 112
36 0 0 0 0 0 0 49 65 78 80 91 85 73 86 91 85 107 99 105 84 102 105 102 120 131 117 151 165 146 132 125 125 88 131 110 105 117 123 130 136 116 123 125 119 115 113 113 117 119 113
37 0 0 0 0 0 57 56 68 79 92 105 100 99 94 89 86 103 102 83 101 106 103 98 85 104 106 116 115 128 127 120 118 91 132 113 115 120 126 133 139 125 124 121 126 116 113 113 117 116 113
37 0 0 0 0 0 56 53 80 79 85 110 76 97 94 88 84 96 104 83 99 96 95 90 72 80 99 103 109 114 111 114 86 126 121 116 142 153 131 136 127 124 121 121 122 117 113 113 113 116 114
38 0 0 0 0 0 65 59 76 72 74 58 74 96 87 99 87 90 109 99 96 95 99 83 80 90 98 103 116 114 115 125 101 123 122 116 114 129 134 138 120 124 125 126 127 118 114 117 113 116 115
39 0 0 0 0 0 55 67 66 75 65 63 93 92 87 91 99 119 86 82 95 92 91 75 77 90 99 113 117 118 124 128 99 123 110 118 113 129 133 135 116 123 121 121 121 124 120 118 117 116 115
40 0 0 0 0 0 52 68 76 61 56 87 89 86 84 73 99 106 83 82 98 93 79 70 74 88 98 107 100 122 124 128 86 112 109 105 110 114 129 134 116 119 120 125 125 124 120 118 117 116 116
40 0 0 0 0 0 48 67 79 89 96 79 88 70 64 80 115 104 81 79 72 79 72 70 79 89 98 108 97 114 116 122 90 106 98 111 107 112 132 143 115 119 120 125 124 123 121 115 118 117 117
41 0 0 0 0 55 51 65 80 91 96 103 72 72 67 97 87 76 76 69 89 70 69 69 85 94 93 97 92 104 108 114 90 109 97 97 104 119 129 133 114 122 124 124 123 122 122 120 119 118 118
43 0 0 0 0 60 56 63 75 88 89 99 69 59 60 102 102 71 74 70 80 70 71 71 86 85 95 93 93 95 105 115 118 108 97 93 104 117 122 119 113 121 119 123 118 121 122 121 120 115 130
48 0 0 0 85 68 60 65 68 52 61 34 53 32 63 110 92 72 71 68 57 78 76 75 84 81 89 88 89 102 115 125 110 105 98 97 118 116 121 119 112 120 118 121 121 121 122 122 116 115 131
51 0 0 0 64 60 60 64 66 61 22 16 26 30 74 99 94 72 70 62 54 68 71 69 63 75 84 90 83 105 107 109 115 111 97 98 109 114 120 118 112 119 121 116 119 120 122 122 121 121 132
52 0 0 0 80 67 62 62 63 46 56 27 27 33 88 131 93 69 62 37 55 76 73 66 57 72 76 84 83 85 83 76 74 98 98 102 106 106 113 117 121 118 119 115 114 118 115 121 120 120 131
54 0 0 0 0 63 64 63 60 52 74 51 27 54 86 115 97 69 47 40 57 81 82 73 59 69 72 78 80 83 84 83 82 97 97 99 93 104 113 117 121 117 114 117 116 116 114 119 119 118 131
55 24 0 0 0 72 65 60 51 77 77 32 27 42 91 122 104 72 40 51 59 85 83 65 60 62 54 68 78 86 85 87 87 105 101 100 94 105 113 118 121 117 113 112 115 111 112 117 118 117 138
55 36 0 0 0 72 67 59 64 69 62 34 38 53 99 117 105 69 35 55 58 88 86 59 58 63 75 71 78 84 81 82 85 104 103 97 103 106 115 119 120 116 113 111 114 110 110 116 129 131 137
55 44 0 0 0 0 59 51 79 79 75 69 69 89 129 121 103 67 47 54 93 91 91 75 72 60 73 59 70 79 77 71 108 101 103 97 104 108 116 119 120 116 113 111 113 113 113 126 120 124 128
55 47 23 11 30 0 76 80 81 84 82 98 103 112 124 122 94 55 33 59 96 95 99 83 67 60 74 67 60 40 36 53 86 93 93 97 112 109 116 119 120 116 116 115 109 108 123 126 141 122 135
54 49 33 30 45 36 21 103 113 91 107 93 115 150 127 126 93 66 41 59 99 105 104 80 61 63 76 85 74 101 50 55 90 92 91 86 94 108 116 120 120 116 112 115 113 112 122 125 131 120 134
53 50 40 36 43 39 35 122 110 21 119 112 124 139 150 131 100 65 40 77 104 110 112 84 57 59 74 87 88 107 88 96 95 95 95 104 98 110 117 120 110 115 111 111 109 121 121 124 120 119 124
52 50 47 41 44 40 34 33 34 27 28 126 143 155 152 131 106 75 88 87 105 116 125 107 67 59 72 84 86 99 93 88 89 94 89 102 99 111 116 113 115 111 110 115 124 94 120 114 119 118 132
50 48 47 48 46 44 38 34 33 30 23 24 149 153 136 124 105 98 98 102 116 125 127 112 78 68 70 77 79 0 90 89 90 83 85 94 111 120 102 112 117 112 95 97 97 112 113 114 117 117 131
49 47 47 48 47 44 41 39 37 32 26 17 23 147 135 120 105 112 110 109 110 125 113 106 82 79 79 77 75 85 97 88 89 76 83 100 113 110 109 107 87 88 96 98 98 113 114 113 115 116 119
48 47 47 49 47 44 42 39 37 33 26 21 19 142 129 115 111 111 110 107 115 119 0 0 85 84 82 69 64 79 93 92 92 91 94 104 113 110 123 81 88 90 97 98 98 114 111 111 111 112 116
47 46 48 50 49 48 45 41 37 31 26 22 14 22 125 116 124 112 0 94 107 103 89 79 81 80 78 68 63 70 74 95 93 94 91 103 98 109 74 81 85 92 93 98 97 95 105 101 104 103 114
47 46 48 52 54 55 53 47 39 29 25 22 15 22 136 137 123 108 81 79 97 103 83 88 72 71 72 66 63 63 69 88 89 93 92 95 100 69 73 81 89 91 92 95 109 110 104 79 102 109 112
47 46 48 53 59 61 60 53 40 27 24 21 14 24 125 139 121 92 87 88 101 101 87 83 63 67 64 64 60 62 67 68 73 91 96 93 95 94 73 78 86 87 93 116 112 109 115 79 114 100 110
47 46 48 54 60 61 61 56 36 28 23 16 13 18 126 137 120 90 89 92 101 104 74 68 61 59 58 62 60 61 59 68 71 95 96 95 94 68 74 77 84 88 112 111 0 94 104 103 97 97 107
46 45 48 55 59 60 60 44 35 27 0 0 8 124 124 118 97 86 96 91 99 98 73 74 63 45 43 65 61 63 57 66 71 90 92 97 102 94 74 77 81 86 110 110 110 107 103 98 0 92 105
46 45 49 56 60 61 59 40 34 0 137 130 132 129 116 92 81 85 87 88 98 97 71 65 64 57 57 73 74 31 30 49 72 93 93 101 103 91 74 102 83 112 114 109 106 106 101 96 93 88 100
46 45 49 57 60 62 46 37 32 125 135 133 127 121 101 85 71 81 86 89 97 94 71 36 59 62 65 73 74 68 30 31 51 78 94 102 95 92 96 103 109 112 114 114 107 106 101 96 91 85 95
46 45 49 57 60 61 43 37 20 127 116 101 116 114 99 83 69 74 85 92 109 98 78 54 61 68 70 61 73 71 31 31 36 71 97 98 96 95 75 107 109 111 113 113 111 106 100 99 93 82 90
46 45 48 56 59 58 40 36 0 115 89 101 109 106 98 85 72 66 85 95 113 91 79 53 61 71 75 70 67 72 65 37 31 69 103 98 100 99 101 102 102 111 113 113 112 109 99 98 92 93 86
46 45 48 54 56 45 37 35 124 95 85 93 102 99 86 82 70 16 44 104 92 86 77 51 60 74 77 79 72 70 67 67 31 70 98 98 98 100 99 73 76 107 109 110 111 103 103 98 91 91 83
46 45 48 52 50 43 36 35 118 89 79 76 96 93 87 83 64 23 61 71 95 85 76 55 56 72 77 75 79 72 73 72 69 72 98 103 98 100 101 102 77 111 110 110 109 107 101 98 90 80 80
46 45 47 46 46 39 35 34 105 86 76 74 88 84 83 20 22 53 73 72 67 82 74 53 59 64 75 73 70 75 78 81 75 97 93 107 98 101 102 103 107 111 113 114 109 108 106 98 89 87 76
46 45 47 45 46 37 34 32 101 84 69 72 83 76 72 19 24 57 62 68 61 85 73 43 58 65 68 73 72 81 86 78 104 116 109 112 99 103 101 105 107 109 112 110 109 105 106 98 88 86 75
46 46 47 46 45 36 35 27 94 82 70 74 76 66 68 20 26 56 63 71 37 81 73 42 56 64 65 72 76 84 88 82 105 116 114 112 99 103 101 104 106 108 110 109 108 109 102 98 97 86 75
46 46 47 46 45 36 36 20 93 84 76 70 72 64 71 22 27 57 100 68 55 80 73 48 39 62 65 72 79 84 77 30 103 109 101 89 97 102 104 104 106 107 106 108 108 112 105 97 95 85 63
46 46 47 46 41 36 34 117 97 84 81 72 72 67 60 23 26 95 94 101 94 79 69 34 33 61 66 72 80 82 73 90 109 94 93 83 94 103 103 104 106 104 106 107 110 120 104 96 85 85 73
46 46 48 47 40 36 30 28 89 89 89 78 80 69 25 25 26 101 0 99 100 79 71 42 32 39 66 71 76 95 73 85 97 101 94 83 93 103 100 104 118 119 105 105 120 109 103 94 84 84 73
46 46 48 47 40 35 26 25 93 91 79 77 77 74 62 57 66 99 0 101 110 82 72 62 50 56 66 71 87 89 30 94 86 95 93 77 89 99 103 104 117 117 115 114 108 106 102 92 83 84 71
46 46 47 46 39 32 15 0 0 85 79 83 79 78 75 71 78 96 100 103 69 80 73 69 68 69 68 68 79 79 80 80 77 61 73 85 92 97 102 115 115 116 116 117 106 104 99 90 84 85 71
45 45 45 44 41 35 30 22 0 0 80 80 78 81 69 92 109 105 110 106 102 88 83 79 76 73 0 83 80 79 74 66 53 63 76 86 92 99 100 118 114 114 114 112 102 105 101 93 81 86 72
44 43 42 41 40 36 28 28 12 0 84 82 75 71 68 107 0 0 118 122 98 89 87 80 75 73 83 83 72 71 68 62 67 77 90 98 101 98 107 106 113 112 111 110 111 103 105 95 87 79 75
42 41 40 38 38 35 31 28 19 0 100 81 72 61 0 0 0 0 0 113 94 89 83 79 86 83 79 60 69 67 64 62 69 76 97 97 100 103 106 111 111 111 105 103 109 100 99 96 88 80 78
