---
Thermal Updraft Velocity (W*) [ft/min] Valid 1300 PST ~Z75~(2100Z)~Z~ MON 22 May 2017 ~Z75~[21hrFcst@1239z]~Z~
Model= RASP Region= PANOCHE Grid= d2 Reskm= 4.0 Indexs= 1 51 1 69 Proj= lambert 4000 4000 40.0000 40.0000 -73.0000 36.6487 -121.0445
Day= 2017 5 22 MON ValidLST= 1300 PST ValidZ= 2100 Fcst= 21.0 Init= 12 Param= wstar Unit= ft/min Mult= 1 Min= 0 Max= 674
0 0 0 0 0 0 0 0 0 0 273 319 326 337 360 396 415 460 555 534 577 544 582 580 577 583 592 570 578 578 585 593 597 601 609 621 668 649 655 655 674 669 647 615 597 568 567 502 483 489 520
0 0 0 0 0 0 0 0 0 0 0 313 322 333 350 400 445 521 558 535 578 579 581 538 577 582 592 601 577 584 591 591 617 599 606 618 627 666 651 650 667 660 656 620 600 576 562 479 482 489 520
0 0 0 0 0 0 0 0 0 0 0 302 319 329 341 404 460 541 531 569 582 584 543 543 573 584 593 601 578 585 591 591 597 598 607 613 607 621 671 645 663 659 645 623 605 584 567 502 482 488 496
0 0 0 0 15 0 0 0 0 0 0 302 317 325 349 413 455 519 535 584 588 549 590 588 589 589 596 604 611 587 592 593 597 597 606 608 615 615 664 663 672 667 646 627 611 593 487 482 482 489 497
0 0 0 13 13 0 0 0 0 0 278 309 324 333 348 417 522 527 539 542 592 595 595 595 596 596 600 606 614 588 593 633 596 599 603 603 609 642 666 662 665 661 653 647 616 606 509 486 486 489 524
0 0 0 14 11 0 0 0 16 269 297 323 331 349 390 470 544 564 541 543 548 597 599 600 603 603 594 653 606 589 588 633 594 597 583 599 604 634 665 662 664 665 667 635 620 601 514 513 491 494 527
0 0 0 12 4 0 0 0 15 266 306 332 338 378 457 523 548 566 539 541 591 599 603 604 608 609 601 616 607 611 593 590 594 597 593 595 600 633 659 656 658 653 649 634 620 618 493 493 494 498 505
0 0 0 9 0 0 0 16 255 292 318 332 349 411 511 541 563 573 572 541 595 602 606 609 612 614 616 577 608 611 594 637 595 593 592 592 597 578 651 653 653 649 640 626 611 527 495 496 496 501 507
0 0 0 8 0 0 0 0 19 265 307 331 353 494 550 554 567 584 587 592 599 603 608 614 616 618 619 607 611 625 595 593 595 594 591 589 588 567 606 601 642 639 635 526 508 501 521 499 500 529 510
0 0 0 7 0 0 0 0 20 261 303 328 424 514 547 560 583 585 590 596 602 606 612 619 619 621 613 613 633 595 597 591 591 587 584 562 558 555 602 588 587 632 631 621 506 500 523 501 528 507 537
0 0 0 0 0 0 0 18 244 310 303 395 510 533 551 563 570 535 575 596 601 606 612 619 622 625 618 618 627 597 595 588 584 581 575 554 550 564 545 576 576 573 620 617 511 523 525 539 507 511 541
0 0 0 0 0 0 0 0 244 307 336 502 540 545 554 563 564 580 585 593 600 605 611 619 625 627 618 626 626 591 585 580 557 552 548 544 540 535 536 565 565 585 612 608 605 523 502 504 509 514 544
0 0 0 0 0 0 0 242 300 337 348 505 537 548 554 559 559 537 569 591 598 605 612 617 573 612 626 619 620 589 578 552 547 561 555 537 550 526 524 522 551 551 548 599 524 497 501 504 508 514 521
0 0 0 0 0 0 0 246 355 355 381 504 534 546 568 554 528 536 587 589 596 604 610 613 569 608 617 616 613 580 569 540 535 551 547 527 561 539 615 518 543 544 537 581 518 518 522 525 503 505 527
0 0 0 0 0 0 0 301 368 376 444 526 531 543 566 552 526 529 577 585 593 601 607 608 604 604 612 609 606 564 564 556 530 549 574 519 513 541 540 568 566 600 530 489 511 508 512 512 488 484 480
0 0 0 0 0 0 0 334 396 441 508 523 535 540 544 545 548 554 564 582 590 596 602 606 599 598 607 603 599 557 559 553 550 547 534 540 507 535 531 555 557 527 555 506 501 476 497 492 461 451 462
0 0 0 0 0 0 0 340 380 419 450 535 539 538 501 542 547 554 562 578 584 591 597 602 595 605 599 595 596 590 545 535 544 529 525 551 528 526 523 572 547 519 549 509 471 464 455 450 438 428 419
0 0 0 0 0 0 0 349 382 408 456 533 539 547 495 540 545 553 562 575 579 585 591 596 588 600 592 592 592 587 578 575 575 570 519 546 523 521 518 541 547 549 546 472 465 453 446 435 423 411 400
0 0 0 0 0 0 0 341 425 440 524 533 534 502 502 539 547 555 558 571 575 580 586 581 581 581 574 591 590 579 574 572 568 565 510 540 520 536 538 542 547 548 545 472 460 448 436 424 412 399 384
0 0 0 0 0 0 275 383 453 461 530 527 542 497 532 539 548 523 534 568 573 575 583 577 577 578 587 587 578 571 554 550 549 561 540 523 522 538 540 543 548 550 511 494 458 444 428 417 404 388 373
0 0 0 0 0 0 289 381 516 493 485 523 524 496 533 541 544 516 551 567 571 571 580 574 572 576 530 578 569 602 564 551 577 533 526 524 523 549 542 545 549 552 514 472 458 442 442 427 412 392 374
0 0 0 0 0 0 0 345 540 493 480 518 520 525 532 541 513 494 510 567 569 569 564 569 567 568 522 557 602 598 567 558 579 520 528 524 524 520 522 547 548 519 483 497 481 442 419 408 407 384 387
0 0 0 0 0 0 0 350 506 511 511 481 517 523 528 533 506 493 504 559 563 564 558 562 559 564 565 614 609 576 562 585 578 522 560 526 528 524 551 551 520 520 485 475 463 443 419 406 403 414 346
0 14 0 0 0 0 0 342 471 509 486 489 511 488 527 528 499 515 549 552 556 558 553 560 559 566 569 618 618 579 579 581 578 521 532 528 527 547 550 556 522 520 487 488 470 465 423 420 401 373 351
22 24 0 0 0 0 0 352 453 468 484 502 502 483 523 520 499 585 547 550 505 545 550 551 561 572 575 580 580 610 605 592 581 521 560 529 535 553 555 560 562 490 511 516 476 451 431 408 402 400 363
26 27 0 0 0 0 321 443 464 446 490 516 520 521 519 516 496 564 549 500 535 540 546 554 542 581 578 585 594 620 611 601 584 523 559 529 559 561 559 564 566 528 513 495 512 467 439 421 414 394 378
29 30 0 0 0 0 335 445 495 496 485 512 456 511 514 522 497 530 551 493 534 543 553 563 548 558 575 585 591 616 610 599 532 563 532 539 611 632 565 569 529 520 492 495 489 474 448 438 414 412 392
31 31 0 0 0 0 347 444 509 505 480 440 477 513 518 536 495 526 546 530 538 548 560 568 575 583 579 586 607 610 605 598 546 557 533 535 546 570 573 574 517 515 512 518 517 480 465 463 434 428 415
32 33 0 0 0 0 328 428 508 517 495 491 515 514 518 496 500 576 490 493 537 547 561 569 576 584 581 602 606 604 605 601 547 563 539 560 537 569 568 567 488 510 481 486 486 518 492 482 460 448 432
33 35 0 0 0 0 355 446 531 469 476 533 518 513 511 457 492 517 482 488 533 546 561 570 577 583 579 584 562 606 604 597 521 564 555 534 532 534 561 559 485 485 479 512 514 522 505 489 479 460 452
34 37 0 0 0 0 364 490 530 515 537 491 510 479 478 484 567 514 484 480 503 549 564 571 578 575 579 583 560 607 603 594 518 546 536 562 530 531 578 589 482 481 477 506 506 515 513 476 488 480 465
35 39 0 0 0 310 382 504 531 531 526 516 481 477 479 561 477 471 480 483 542 554 563 569 574 574 557 554 556 604 601 589 512 537 531 528 527 550 574 568 479 501 495 501 503 508 515 500 495 490 485
34 42 0 0 0 321 382 502 538 535 527 515 479 452 463 530 477 457 477 496 547 558 564 567 569 548 550 550 556 587 600 591 562 537 532 527 525 544 542 511 473 492 475 497 481 506 511 505 501 479 515
32 44 0 0 334 371 403 495 540 525 541 483 472 460 378 441 366 423 461 488 513 559 567 570 575 546 546 548 553 587 598 589 543 535 529 525 571 536 535 506 469 488 473 495 500 504 508 510 486 485 523
29 44 0 0 270 365 422 519 552 559 488 482 474 435 330 354 341 372 442 485 509 558 569 573 552 548 545 546 539 577 579 566 560 537 529 520 533 529 529 502 468 485 489 473 496 502 506 513 510 510 527
26 43 0 0 292 392 441 531 538 391 389 494 476 383 328 389 312 347 415 483 509 557 565 572 551 547 547 544 535 543 543 530 524 536 547 539 527 500 499 498 499 483 487 465 473 499 476 510 510 509 527
17 41 0 0 0 354 455 524 530 418 393 446 476 312 327 330 291 321 405 486 514 554 562 568 548 550 548 546 535 532 528 524 519 546 542 533 504 495 495 493 492 479 462 479 492 494 469 503 505 505 526
0 37 0 0 0 320 455 511 480 412 371 333 453 275 288 329 284 297 389 492 510 554 559 537 544 552 538 541 535 531 526 522 517 528 540 530 501 492 492 489 485 477 454 457 489 463 464 494 499 501 552
6 34 0 0 0 280 379 496 415 339 301 301 301 284 287 296 284 291 406 494 502 548 556 532 540 545 548 537 533 541 535 530 512 520 534 525 519 490 487 489 484 479 454 458 490 462 464 493 526 527 549
22 29 0 0 0 0 266 323 358 328 299 288 283 286 336 294 286 273 482 478 546 542 546 552 557 537 536 524 528 536 517 515 541 513 526 519 516 492 490 493 486 482 462 462 491 489 495 523 498 499 516
26 24 0 0 0 0 250 306 316 294 280 288 285 288 282 291 267 270 471 488 540 529 534 541 525 530 528 515 521 517 512 510 536 507 504 520 539 494 493 496 490 486 485 489 470 468 524 522 546 495 542
28 21 0 0 0 0 0 256 300 238 263 228 263 321 327 291 263 245 485 474 521 504 511 526 514 523 520 521 515 543 509 505 524 504 501 498 493 496 496 499 494 489 459 484 493 496 531 521 520 492 538
29 23 0 0 4 0 20 252 230 0 237 235 263 275 313 284 264 237 429 492 450 428 481 509 500 513 513 513 514 554 532 526 524 519 520 541 495 497 497 496 471 489 461 464 467 528 528 523 495 490 502
30 23 5 0 12 16 22 22 26 0 19 272 276 304 314 271 263 230 283 341 367 358 443 505 491 503 507 503 500 540 544 538 518 515 519 543 497 498 493 491 496 463 458 486 522 521 530 501 495 489 533
29 23 14 10 16 20 24 27 24 18 0 24 268 297 275 269 265 275 266 286 321 355 409 488 473 492 498 495 479 0 533 529 513 511 516 517 517 521 466 488 489 463 426 427 427 491 504 501 493 488 534
27 21 15 15 21 24 25 23 22 0 2 0 25 282 276 270 264 277 275 271 292 328 363 397 441 476 488 487 481 499 520 503 502 483 506 510 514 487 486 456 427 415 432 434 437 494 504 495 490 486 498
23 17 16 22 22 22 24 20 17 0 10 0 24 276 274 269 263 261 264 266 265 326 0 0 319 467 478 479 476 474 489 487 493 478 499 504 504 483 507 421 428 424 439 440 440 496 492 489 484 479 492
20 14 13 21 21 22 21 17 11 16 0 0 0 14 254 261 274 261 0 205 239 302 333 360 441 467 471 472 471 466 458 479 485 486 468 492 444 462 400 416 412 427 428 448 446 440 465 460 473 468 483
18 11 12 20 20 21 20 18 14 13 0 0 0 24 259 271 278 276 227 339 350 357 393 454 457 464 466 466 468 462 452 467 474 478 464 466 455 390 383 414 428 423 424 447 469 486 461 413 467 466 476
15 4 8 21 24 25 22 22 17 0 0 0 0 23 245 274 284 253 232 402 415 413 444 463 461 463 461 463 462 455 446 433 436 471 475 454 432 424 377 387 415 411 440 491 471 474 505 419 491 458 472
9 0 8 24 28 27 26 27 0 0 12 0 0 31 248 294 287 247 294 408 413 450 426 465 461 460 459 461 455 451 438 426 428 481 468 447 423 369 373 384 408 422 470 462 0 439 470 469 461 455 469
0 0 12 28 31 28 31 21 0 31 0 0 0 236 254 274 273 274 440 413 415 416 417 486 458 458 458 458 452 447 433 420 417 463 449 452 449 420 372 382 388 416 460 461 472 470 465 460 0 449 463
0 0 14 31 33 30 35 0 30 0 277 311 298 273 269 271 310 458 440 414 421 414 418 466 457 455 456 454 446 446 436 427 424 460 445 468 445 419 374 431 401 472 476 456 443 465 457 454 449 442 454
0 0 17 34 33 34 31 0 47 221 273 302 295 280 281 314 470 471 439 420 422 414 423 440 455 453 455 452 453 447 441 434 431 432 448 465 420 421 417 430 456 466 468 473 442 460 448 446 442 435 441
0 0 19 35 33 35 15 24 0 244 273 274 300 302 312 382 476 475 438 416 445 442 423 436 476 455 458 461 461 452 447 440 437 434 466 445 421 421 374 450 449 459 457 459 454 446 439 438 435 423 436
0 0 22 35 32 34 0 36 0 251 305 337 337 332 328 449 481 450 418 411 428 402 413 435 458 458 463 472 474 464 458 449 445 445 494 450 441 427 450 452 424 451 445 448 447 444 435 434 430 440 434
15 3 24 33 32 32 0 33 253 280 362 422 368 364 404 480 487 504 500 482 387 394 411 438 464 467 470 479 481 470 466 460 448 448 474 453 425 427 449 484 481 424 418 418 420 413 428 429 426 440 435
23 19 27 31 31 31 9 22 256 293 439 464 457 450 473 465 436 508 460 442 402 385 402 439 458 471 473 483 486 481 477 467 454 455 482 480 429 429 450 449 480 444 416 414 408 425 420 419 417 415 434
29 26 28 30 31 30 15 20 259 314 451 481 435 439 482 495 505 469 437 431 435 375 389 427 470 474 477 487 492 488 482 470 458 487 466 486 432 430 449 446 443 440 431 424 398 417 416 414 411 427 432
31 30 29 32 31 30 23 12 259 315 424 454 446 451 473 482 482 435 426 424 429 377 389 413 470 481 485 495 496 490 482 471 498 520 522 494 435 430 427 440 432 428 418 394 391 393 413 410 407 423 425
31 32 29 30 33 30 27 0 246 305 398 462 456 459 446 482 446 413 412 419 427 381 398 426 472 490 492 500 497 490 482 473 506 527 527 501 434 420 414 425 420 416 406 385 382 403 403 405 420 421 423
31 33 30 34 34 31 31 0 255 310 385 463 469 462 436 461 402 389 393 409 424 383 402 435 474 497 500 502 498 488 479 475 507 525 490 449 418 408 418 411 407 403 380 375 376 400 398 399 414 418 391
32 34 32 35 35 33 26 210 261 301 367 446 463 454 363 422 378 362 324 392 383 377 394 432 473 493 500 498 494 486 479 501 513 482 468 412 404 410 402 395 396 378 370 369 384 421 388 392 392 410 422
34 33 34 38 36 33 0 24 219 284 325 386 443 428 411 380 353 350 0 345 392 347 395 426 466 486 494 494 488 524 496 488 498 486 451 412 403 394 375 384 425 422 362 363 408 378 378 388 388 405 415
35 34 34 37 37 29 0 0 221 237 257 303 340 334 313 344 329 328 0 327 350 312 336 407 454 474 484 483 520 511 457 501 463 471 438 386 376 368 375 371 408 405 388 384 366 369 372 382 383 401 407
36 34 33 35 36 24 0 0 0 213 233 279 301 303 277 279 243 237 247 274 272 261 295 362 425 452 466 470 510 501 503 483 452 399 387 377 366 357 362 396 392 389 389 389 355 359 364 371 375 395 401
36 33 30 29 29 34 27 30 0 0 231 299 302 298 281 203 188 169 224 242 268 252 261 297 415 441 492 510 500 494 481 451 399 387 375 366 356 356 341 405 375 373 363 354 331 344 350 357 361 384 393
35 32 28 24 24 38 35 47 0 0 233 292 300 302 261 168 0 0 215 240 234 251 265 285 392 432 482 490 492 489 473 442 428 402 390 379 367 339 381 380 358 349 340 342 344 334 342 350 359 363 381
34 31 28 21 21 37 44 46 0 0 253 269 273 277 0 0 0 0 0 237 264 250 255 282 441 463 474 443 488 485 466 433 420 378 401 355 343 333 329 342 340 341 324 325 341 334 339 346 354 360 378
