---
Thermal Updraft Velocity (W*) [ft/min] Valid 1000 PST ~Z75~(1800Z)~Z~ MON 22 May 2017 ~Z75~[18hrFcst@1232z]~Z~
Model= RASP Region= PANOCHE Grid= d2 Reskm= 4.0 Indexs= 1 51 1 69 Proj= lambert 4000 4000 40.0000 40.0000 -73.0000 36.6487 -121.0445
Day= 2017 5 22 MON ValidLST= 1000 PST ValidZ= 1800 Fcst= 18.0 Init= 12 Param= wstar Unit= ft/min Mult= 1 Min= 0 Max= 549
0 0 0 0 0 0 0 0 0 0 211 263 279 326 403 421 404 414 458 433 481 447 484 483 480 484 488 455 455 447 448 445 436 430 431 438 479 464 466 458 466 461 452 444 433 403 399 349 345 353 373
0 0 0 0 0 0 0 0 0 0 0 263 276 324 399 421 432 445 457 431 479 480 481 435 480 482 489 487 454 456 457 446 459 430 430 437 446 479 465 456 465 458 459 443 432 409 392 334 341 350 371
0 0 0 0 13 0 0 0 0 0 0 261 272 319 387 420 434 446 425 462 478 480 438 439 473 484 491 491 459 461 462 451 446 434 439 436 432 440 482 455 465 457 451 442 431 413 395 348 339 347 356
0 0 0 15 24 11 0 0 0 0 0 267 272 306 394 421 404 414 419 470 477 437 487 489 491 492 496 500 500 471 470 459 454 441 445 434 435 431 472 469 473 467 450 441 432 419 343 339 341 348 356
0 0 0 22 23 4 0 0 14 0 242 270 305 363 406 436 434 393 400 412 474 486 492 497 498 500 502 504 506 475 478 503 454 445 433 424 426 459 475 468 465 459 451 455 436 438 351 342 343 348 368
0 0 0 23 23 18 0 0 19 240 265 272 310 404 423 426 430 416 370 392 417 488 498 504 505 506 495 549 498 478 469 505 455 447 422 424 422 454 475 467 467 464 468 447 441 434 354 356 344 347 367
0 0 0 23 20 17 0 14 7 238 272 282 331 422 424 422 416 409 332 344 461 485 502 509 512 511 500 517 503 499 478 468 458 445 427 419 415 444 471 465 465 459 453 447 445 447 338 343 343 345 354
0 0 0 21 18 17 0 21 232 257 273 286 389 420 425 423 421 411 375 315 451 484 503 514 517 516 517 476 510 509 484 514 450 431 424 413 407 393 459 458 460 459 453 440 434 352 334 343 343 346 354
0 0 0 19 16 16 11 18 19 243 267 288 404 451 449 427 419 419 395 379 448 484 504 519 521 522 525 514 519 526 479 461 437 419 411 399 397 384 417 414 451 456 449 354 337 334 352 343 344 362 355
0 0 0 19 12 8 5 9 22 244 257 326 444 429 431 428 426 399 358 356 422 478 503 521 526 529 522 528 538 490 473 438 417 404 394 378 377 378 414 409 404 448 451 442 341 337 352 343 359 349 369
0 0 0 14 0 0 0 15 228 261 257 430 432 407 406 411 392 316 331 345 376 456 495 520 531 534 527 532 537 479 452 409 400 395 384 372 373 382 370 403 401 397 447 443 347 354 352 335 347 351 372
0 0 0 0 0 0 0 16 226 270 393 444 412 387 382 391 384 382 343 351 368 439 498 521 535 537 524 535 523 452 415 399 381 375 371 368 370 366 366 393 396 409 437 442 433 353 335 343 348 353 373
0 0 0 0 0 0 0 230 275 282 407 427 385 377 378 388 387 335 333 357 383 458 503 522 486 521 531 520 500 425 399 379 375 380 376 365 376 363 364 359 389 383 377 426 349 333 333 345 349 354 361
0 0 0 0 0 0 0 234 301 286 420 414 383 383 405 387 362 340 363 369 405 467 503 518 482 516 521 507 487 418 393 372 371 378 374 359 391 371 443 360 387 382 373 406 346 345 348 357 348 353 366
0 0 0 0 0 0 0 262 294 393 430 420 389 390 408 380 357 338 370 374 395 450 497 513 508 509 510 499 483 410 389 382 371 382 398 353 349 378 375 403 405 430 365 325 342 343 346 346 332 331 333
0 0 0 0 0 0 0 267 347 425 442 405 395 391 384 377 388 389 365 367 379 423 489 506 500 500 504 494 480 413 389 382 381 376 369 379 348 371 371 393 390 361 387 338 335 320 336 333 317 314 321
0 0 0 0 0 0 0 274 335 402 386 413 399 384 346 391 409 406 357 359 365 396 473 500 494 508 499 491 480 466 391 378 383 374 366 386 367 364 363 407 382 362 380 344 315 312 308 310 305 301 298
0 0 0 0 0 0 0 274 376 382 377 410 395 395 344 406 429 402 350 357 361 378 457 491 490 504 496 491 487 476 457 450 450 432 356 380 364 361 359 378 383 386 375 313 311 306 303 298 294 289 285
0 0 0 0 0 0 0 285 387 374 408 398 382 346 349 409 422 375 337 349 353 368 448 471 486 487 481 495 488 480 471 467 465 437 347 375 365 376 376 380 384 386 374 315 308 303 299 294 287 282 276
0 0 0 0 0 0 222 392 392 363 404 387 394 345 386 412 400 320 321 340 344 365 439 464 482 488 496 494 485 479 462 465 452 405 371 365 366 377 376 380 384 385 349 327 307 301 296 290 282 276 269
0 0 0 0 0 0 240 409 438 373 360 384 380 349 400 410 373 301 322 339 342 367 435 460 478 486 447 492 481 511 479 465 455 353 367 368 367 385 377 381 384 384 351 318 309 301 303 295 284 275 267
14 0 0 0 0 0 0 406 461 364 356 386 382 384 402 394 322 290 289 337 342 370 419 457 473 481 440 469 514 517 482 454 411 344 373 370 367 363 363 382 381 355 326 334 322 301 293 285 280 269 268
0 0 0 0 0 0 0 409 433 376 385 358 390 396 401 375 307 289 288 337 340 365 409 448 467 481 479 525 526 494 469 457 406 353 393 372 370 367 388 384 361 357 327 325 313 302 293 284 279 271 252
0 0 0 0 0 0 0 382 420 391 370 368 396 375 401 361 305 314 331 336 332 355 382 438 468 486 493 542 547 500 475 459 420 355 367 374 373 389 390 389 364 356 330 331 319 315 294 290 278 265 254
0 11 0 0 0 0 0 390 407 368 380 393 397 377 399 353 309 368 331 333 293 334 362 420 473 495 497 508 512 518 498 483 441 349 396 377 380 396 394 395 390 332 347 346 325 307 295 285 281 273 260
8 14 0 0 0 0 244 420 401 357 396 419 425 423 395 359 309 350 331 289 317 336 376 437 462 496 501 507 509 520 509 485 443 347 395 382 400 401 398 397 392 355 345 335 346 314 299 290 288 272 267
13 16 0 0 0 0 269 415 414 398 395 421 371 414 390 358 299 324 333 291 328 354 422 462 463 474 497 498 499 513 498 470 354 393 378 384 435 454 401 395 359 346 333 335 337 322 304 296 288 279 274
16 19 0 0 0 0 283 423 418 403 394 364 387 401 371 342 294 323 334 316 331 358 432 469 485 492 495 495 510 503 482 437 368 394 381 382 387 403 404 395 343 344 344 347 349 328 311 314 294 291 286
17 18 0 0 0 0 266 430 432 438 422 408 407 373 339 298 301 358 290 291 325 346 410 466 484 489 494 507 501 488 458 422 370 398 384 397 383 404 402 391 328 340 329 332 334 346 334 325 314 304 300
19 18 0 0 0 0 275 446 457 394 393 428 388 362 330 280 310 321 289 292 327 342 399 465 483 487 489 484 455 487 450 422 358 400 397 383 380 379 398 387 327 327 327 342 344 347 338 331 325 319 314
23 17 0 0 0 0 282 448 453 427 438 390 386 344 316 295 350 320 291 295 310 356 414 467 481 486 486 477 449 491 474 436 357 386 383 401 378 377 409 407 325 326 327 340 341 345 342 326 331 327 325
29 17 0 0 0 267 303 449 450 435 432 418 362 360 338 354 292 282 290 322 397 413 444 468 476 485 456 449 442 491 482 447 355 383 380 376 376 390 400 390 324 335 336 338 339 342 345 340 336 334 333
31 14 0 0 0 283 321 450 454 439 435 425 366 351 343 334 300 283 289 341 431 440 453 470 474 457 451 442 439 471 483 454 395 379 378 375 373 383 377 349 322 333 323 336 325 340 345 343 340 330 355
35 12 0 0 276 313 344 452 465 445 452 386 371 381 275 315 271 271 296 363 404 449 458 472 478 453 448 439 440 469 474 437 381 378 376 373 407 378 374 349 321 331 322 334 335 338 343 345 334 335 366
37 7 0 0 255 309 365 466 473 470 408 385 386 366 247 275 268 268 301 383 410 453 463 474 458 454 447 442 426 455 428 406 395 378 375 370 378 372 370 348 322 330 331 321 333 336 341 347 350 355 374
38 0 0 0 279 332 375 468 462 281 336 408 404 318 261 326 265 256 294 398 413 456 459 469 455 456 453 448 425 407 381 370 363 379 388 382 373 351 350 348 344 328 330 321 320 334 326 345 352 356 376
38 0 0 0 0 319 390 460 446 283 298 387 403 265 260 286 268 254 278 407 413 442 447 459 450 455 455 458 434 409 379 365 361 385 384 377 355 349 348 345 341 326 317 329 330 332 323 342 350 356 378
38 0 0 0 0 279 384 439 306 297 285 344 379 240 252 288 246 252 277 402 397 381 391 408 442 453 438 450 435 401 366 361 357 370 381 374 354 346 344 341 338 324 316 318 329 319 321 340 349 355 400
38 0 0 0 0 217 343 390 275 244 231 254 344 213 253 263 237 249 297 392 345 319 326 349 430 443 449 435 418 380 363 360 352 364 376 371 366 343 340 339 338 325 316 318 329 318 320 338 368 375 399
37 15 0 0 0 0 254 253 269 269 239 233 232 244 307 262 239 240 379 365 361 304 306 312 436 433 437 404 382 365 351 352 376 359 370 368 364 342 341 341 340 327 318 319 329 330 330 360 348 355 372
37 23 0 0 0 0 211 249 254 261 251 250 253 250 261 249 242 247 353 345 331 284 282 287 345 424 426 373 370 357 348 346 371 355 351 366 376 343 342 344 342 329 330 332 320 319 361 361 383 352 392
37 31 7 0 28 22 0 244 271 211 263 239 252 310 262 251 238 262 367 312 307 285 276 284 301 420 418 384 363 389 345 344 367 353 350 351 345 344 344 346 343 332 322 334 332 333 365 362 363 350 390
38 36 26 27 38 33 28 241 206 12 188 215 249 252 292 243 237 245 312 302 289 285 285 276 278 418 415 377 367 398 376 367 363 360 360 381 345 345 345 346 323 336 324 325 325 361 370 364 347 349 364
38 36 30 33 41 37 35 33 35 28 38 226 226 274 267 237 231 246 287 278 276 280 290 280 248 407 413 367 352 374 380 372 356 354 357 378 346 347 343 334 339 327 320 338 362 314 364 343 345 347 386
36 35 34 35 41 40 39 40 40 39 29 34 237 265 243 238 233 263 281 278 300 298 297 285 255 353 402 360 321 0 366 368 351 350 354 359 364 363 319 337 340 321 286 285 279 337 343 342 342 345 386
34 32 34 38 45 47 48 49 47 44 42 20 38 231 220 218 231 259 288 281 298 298 266 261 249 324 372 351 329 337 367 352 349 336 351 356 358 332 333 315 286 283 291 290 289 341 344 341 340 341 359
33 31 34 39 41 44 47 49 49 42 38 26 34 228 219 216 240 241 242 278 300 293 0 0 244 335 355 349 335 332 352 348 347 334 348 351 349 332 354 281 290 290 297 295 292 344 338 339 336 337 355
33 31 33 39 39 40 38 39 39 38 34 34 0 35 221 212 258 245 0 236 297 256 237 246 313 338 347 356 352 339 330 346 343 339 325 341 308 316 269 283 285 294 293 297 294 286 319 320 329 329 351
32 31 33 37 38 36 34 34 34 34 31 31 0 32 229 252 260 268 261 259 254 256 253 298 338 340 343 356 362 345 331 342 338 334 320 321 312 265 267 283 292 290 290 298 327 334 319 283 327 333 347
32 31 32 35 34 33 33 32 31 30 28 29 0 32 222 258 263 246 274 271 264 254 273 333 350 345 347 358 359 343 327 307 302 329 326 316 301 297 263 271 284 283 299 342 323 331 352 285 344 324 341
32 31 32 33 34 33 32 31 27 27 27 22 0 31 227 276 268 265 287 275 269 272 257 350 362 349 353 358 355 340 317 303 296 342 321 312 300 257 260 268 278 286 329 319 0 302 320 327 320 319 336
31 31 30 34 35 33 32 28 19 30 0 0 17 223 237 264 265 286 308 273 268 259 248 370 365 357 354 354 352 340 316 301 291 323 312 316 316 296 260 268 269 285 324 321 317 323 320 319 0 314 330
31 30 30 35 36 34 34 19 29 16 263 256 253 242 241 264 279 331 297 274 268 265 256 349 364 364 359 354 351 343 324 313 302 329 314 329 312 294 261 304 277 328 332 322 313 322 315 317 314 310 324
31 30 31 36 36 35 34 0 36 222 267 265 258 255 262 267 358 347 300 274 269 270 262 327 366 364 366 366 362 354 334 326 316 306 317 326 289 294 295 305 319 324 326 329 312 319 312 314 311 306 320
31 30 32 37 36 35 29 22 21 240 263 237 258 258 270 292 385 353 298 275 286 287 265 319 395 368 377 384 378 365 349 339 328 316 332 310 291 293 257 309 310 319 319 323 321 316 307 316 314 304 317
31 31 32 37 35 34 24 30 0 241 265 278 290 284 281 328 386 315 274 276 288 271 264 324 381 375 379 389 388 377 370 354 342 329 357 310 301 296 307 304 294 313 312 314 317 319 305 314 312 320 315
32 32 33 35 33 32 22 33 236 249 285 304 293 290 301 356 371 271 270 309 270 263 263 353 384 376 378 385 386 384 379 368 348 334 342 312 292 297 309 292 291 300 298 297 303 296 306 312 311 320 317
33 32 33 33 31 31 23 29 237 259 314 314 305 306 334 333 284 263 265 261 267 253 259 367 375 377 378 385 389 392 388 373 351 339 344 333 294 299 313 314 296 312 298 295 294 304 298 310 311 309 320
34 33 32 31 29 29 23 28 237 268 335 332 296 301 341 294 268 259 257 256 255 249 251 363 383 380 381 388 395 396 390 377 356 373 331 340 297 300 313 314 314 309 304 301 291 300 301 308 310 323 323
34 33 31 30 28 28 23 25 235 267 323 316 302 316 337 245 254 253 252 253 255 250 255 351 385 384 388 398 398 393 386 372 393 406 384 348 300 300 300 309 303 300 297 287 287 288 297 305 309 323 324
34 33 29 28 28 27 23 20 225 252 319 326 323 342 312 243 250 249 251 250 253 250 262 335 387 390 394 400 399 392 383 371 399 412 395 354 301 295 293 299 297 294 292 283 282 292 291 301 319 322 326
26 32 28 27 28 26 24 0 225 252 317 340 343 345 290 246 249 249 290 251 250 250 266 306 386 394 396 401 397 391 378 377 403 412 355 304 291 287 293 290 290 289 279 278 278 293 293 298 316 320 302
26 29 28 28 29 26 28 192 232 254 308 338 347 328 228 246 246 286 269 296 279 252 264 289 378 393 394 394 393 390 379 403 412 372 334 284 282 285 282 281 284 277 275 273 282 310 289 294 299 317 325
29 28 30 31 30 27 19 22 205 254 286 316 344 307 250 248 242 273 0 282 297 259 270 283 355 377 384 386 386 420 385 391 395 376 321 284 280 275 267 272 305 306 270 270 302 283 282 289 295 314 323
28 27 31 32 32 23 0 15 207 228 236 257 270 269 245 248 241 267 0 277 283 254 260 274 304 350 369 373 412 405 350 393 361 354 313 271 266 262 266 265 293 293 288 289 275 277 276 283 290 309 319
28 27 30 31 32 21 0 0 0 199 214 241 241 242 224 220 208 228 233 248 224 238 248 257 279 317 348 361 400 395 390 377 346 286 271 263 258 254 258 282 282 283 285 289 269 272 275 276 282 303 312
27 27 27 27 27 30 23 25 0 0 221 244 238 237 213 173 182 171 209 217 241 223 229 246 272 295 311 384 384 382 375 350 298 273 262 254 248 249 245 286 274 275 273 269 250 258 263 266 268 292 303
27 27 26 24 24 32 36 42 0 0 223 249 225 227 203 165 0 0 213 229 223 215 228 228 255 282 338 367 373 374 366 340 321 288 277 266 258 239 250 253 265 264 260 262 263 251 253 260 267 272 294
26 26 25 22 22 32 38 42 0 0 240 245 212 204 0 0 0 0 0 212 219 213 216 223 272 302 329 329 368 369 360 333 313 275 288 255 247 242 242 253 256 258 246 247 261 250 250 257 264 268 286
