---
OvercastDevelopment Cloudbase (BL CL) [ft] Valid 0400 PST ~Z75~(1200Z)~Z~ MON 22 May 2017 ~Z75~[12hrFcst@1225z]~Z~
Model= RASP Region= PANOCHE Grid= d2 Reskm= 4.0 Indexs= 1 51 1 69 Proj= lambert 4000 4000 40.0000 40.0000 -73.0000 36.6487 -121.0445
Day= 2017 5 22 MON ValidLST= 400 PST ValidZ= 1200 Fcst= 12.0 Init= 12 Param= zblcl Unit= ft Mult= 1 Min= 38 Max= 19883
54 54 54 249 14621 12252 12443 12679 13002 13375 13781 12164 14135 14725 16627 17580 15979 16042 15829 13700 13745 13747 13946 13954 16213 15845 15644 15725 15664 15806 15696 15350 15262 15028 14794 14566 14368 14282 14234 14210 14200 14009 13780 13724 13680 13748 13879 13861 13726 13584 16553
53 53 53 42 164 12236 12411 12632 12882 13199 13651 12114 13862 14705 17105 14868 13614 13616 13511 14140 14035 13846 13895 13848 16250 15907 15564 15692 15656 15674 15428 15241 15280 15047 14820 14582 14379 14268 14219 14201 14104 13903 13759 13707 13662 13718 13831 13783 13623 13550 13531
54 54 53 52 205 12227 12389 12600 12840 13181 13660 12115 13791 14916 17525 15546 14279 14171 13918 13947 13924 13928 13756 16089 16170 16035 15704 15616 15642 15708 15535 15514 15423 15073 14827 14605 14419 14273 14212 14198 14008 13788 13732 13680 13637 13669 13788 13791 13655 13576 13563
54 54 54 56 236 12226 12383 12595 12846 13201 13687 12125 13689 14962 14681 15703 14107 13954 13655 13596 13829 13814 13515 15987 16197 16260 16061 15901 15800 15789 15639 15460 15372 15123 14861 14609 14413 14284 14209 14195 13988 13749 13689 13636 13599 13637 13778 13837 13729 13602 13548
54 54 54 57 41 12214 12390 12602 12856 13264 13790 12092 13321 14917 14967 15688 13578 13436 15778 13252 13330 15807 15867 13573 16010 15810 16055 16267 16032 15871 15740 15226 15149 15166 14904 14551 14334 14281 14203 14179 13952 13696 13642 13602 13587 13655 13781 13842 13783 13649 13567
55 54 54 56 53 194 12413 12627 12915 13402 11875 13712 15217 14744 15137 15716 13672 13601 13280 15671 15595 15627 13437 16058 15588 15317 15798 16204 16041 16026 15878 15285 14922 14899 14837 14376 14145 14206 14167 14036 13790 13637 13611 13607 13632 13714 13802 13846 13827 13714 13620
55 55 54 55 53 253 12446 12666 13015 13549 11922 15611 14617 17570 14971 15358 15765 13543 13416 13158 15599 15739 13600 15835 15484 15542 15711 16013 16057 16322 16267 15745 15007 14685 14635 17079 13871 14107 14124 13898 13660 13621 13616 13645 13701 13766 13818 13856 13858 13782 13693
56 55 55 54 54 289 12491 12692 13049 13596 13765 15129 17324 17536 14875 15087 15518 13476 13468 13194 13174 13558 13738 15737 15610 15753 15679 15777 16191 16812 16808 16124 14964 14558 14260 16604 16875 14088 14012 13805 13680 13653 13660 13700 13751 13799 13835 13868 13878 13847 13781
56 56 51 252 210 179 12563 12758 13032 13581 13363 14726 17211 17801 15116 15234 15842 13788 13440 13274 13569 14018 13890 15818 15817 15935 15617 15983 16844 17278 14649 16208 14652 14309 17213 16770 14042 14131 13924 13729 13714 13704 13723 13756 13791 13831 13865 13892 13903 13888 13845
48 247 206 12241 12338 12482 12645 12782 13049 13488 15332 17528 17449 15028 15390 15451 13652 14018 13476 13386 13871 14257 13924 15955 16115 16168 15732 16470 14985 15037 16811 15476 17406 14265 14370 14195 14215 14170 13944 13738 13739 13751 13770 13792 13827 13863 13898 13929 13938 13918 13888
219 142 12218 12303 12388 12558 12649 12736 13094 13101 14799 17308 17721 15244 13214 13323 13672 13838 13501 13458 13828 14172 13813 16052 16431 16435 16266 16924 15048 14747 15934 14720 14312 14352 14441 14331 14250 14215 13989 13750 13744 13774 13794 13820 13859 13891 13923 13959 13978 13966 13944
12088 12170 12257 12342 12451 12561 12602 12775 13284 15072 17386 17334 14895 15476 13446 13558 13564 13688 13626 13546 13790 14002 13643 16179 16652 16746 14412 14855 14635 16176 15142 14672 14554 14515 14469 14361 14301 14268 14038 13808 13787 13792 13817 13850 13889 13919 13943 13974 14006 14015 14009
12113 12198 12287 12373 12522 12589 12690 12991 13478 14870 17139 17608 15078 15552 15648 13428 13886 13893 13717 13678 13927 13926 16064 16148 16568 14456 14827 14949 16510 15254 14830 14811 14745 14679 14564 14420 14371 14319 14147 13993 13916 13843 13851 13882 13918 13948 13967 13989 14021 14042 14061
12132 12220 12319 12410 12543 12654 12862 13329 13208 14608 17280 17726 15097 15467 13312 13939 14200 14038 13784 13919 14121 13908 16021 15971 16326 14494 14955 14591 16016 15257 15111 15001 14899 14895 14731 14511 14458 14395 14304 14194 14048 13910 13882 13909 13942 13972 13990 14011 14051 14096 14142
12145 12237 12352 12399 12520 12722 13004 13006 14840 17264 17536 17832 14990 15527 13567 14120 14332 14112 13855 13946 14140 13959 16142 16125 16422 14592 14931 16622 15670 15540 15460 15194 15155 15264 15108 14751 14563 14493 14425 14266 14092 13985 13923 13933 13960 13994 14037 14084 14144 14210 14273
12151 12250 12387 12414 12583 12854 13144 15177 17371 17190 17797 17967 15135 15799 13520 13782 14147 14033 13880 13722 14027 14050 16266 16345 14145 14723 14884 14227 16309 15928 15576 12990 13075 13292 13114 15053 14680 14608 14532 14222 14020 14045 13976 13985 14027 14077 14141 14210 14279 14345 14411
12154 12258 12416 12490 12700 12959 13285 15179 17498 17581 17810 14947 15461 13341 13431 15775 15902 13644 13753 13510 13891 14061 13782 16305 14261 14836 14871 14702 14858 16417 15749 13376 15662 15655 13298 12968 14918 14737 14634 14354 14125 14096 14068 14097 14156 14212 14274 14343 14411 14475 14547
12153 12263 12441 12554 12798 13045 13548 15382 17899 18009 17784 15119 15794 15691 15606 15495 15390 15920 13518 13258 13691 14049 13903 13787 14383 14958 14941 15031 15163 14398 13749 13733 16218 13719 13847 13478 12661 14856 14722 14578 14316 14151 14198 14238 14294 14347 14407 14476 14544 14606 14680
12148 12265 12460 12603 12869 13089 13385 15438 18278 18070 17695 15245 15766 15346 15333 15407 15215 15589 13010 12955 13449 13965 13949 13897 14532 15019 15093 15234 14955 14100 14040 14576 14900 14960 14472 13644 12794 14940 14789 14658 14374 14222 14322 14371 14429 14482 14540 14606 14677 14740 14810
12125 12260 12460 12596 12850 13045 15328 15078 18334 17930 17379 14944 15393 15059 14958 14961 15256 15275 15010 15208 13228 13834 13895 13958 14579 15036 15237 15303 14754 16674 14651 15321 15297 14491 13886 13517 12831 12475 14857 14728 14460 14328 14442 14501 14562 14614 14674 14736 14805 14867 12390
12088 12238 12425 12519 12745 12959 14982 17906 18363 17863 17084 17597 15012 14953 17692 17434 14812 14747 14583 14960 15589 13746 13841 13912 14541 15102 15328 15321 15141 15347 15653 15501 15262 14264 13550 13351 12853 12557 12388 14797 14617 14509 14562 14632 14694 14746 14807 14869 12393 12456 12522
12075 12210 12378 12422 15166 15382 15044 17993 18423 17977 16886 17097 14653 14655 17295 17390 14399 13983 14133 14651 15411 13657 13744 16346 14586 15277 15464 15552 15981 16422 16182 15518 14495 13964 13797 13235 12806 12624 12472 14862 14757 14676 14684 14759 14820 14871 12395 12468 12538 12597 12656
14636 12180 12349 14891 15044 15255 15403 15227 18496 18542 17601 16742 16784 17127 16840 16999 17001 16608 16754 14249 15193 13494 13632 16348 14748 15528 15689 15870 16576 16912 16111 15242 13761 15601 13569 13189 12752 12665 12522 12370 14815 14766 14807 12339 12398 12453 12528 12609 12680 12732 12784
14625 12156 12337 12377 15033 15132 15522 15270 18468 18779 18150 16798 19676 16827 16826 16255 16157 16103 16354 16913 14867 15740 16042 14008 15072 15764 15743 15915 16540 16491 15596 15010 14291 15818 13263 13182 12763 12678 12532 12404 12314 12299 12395 12484 12526 12579 12653 12744 12818 12850 12870
14630 12160 12343 12466 15051 15022 14880 18149 16058 15815 17591 17356 17804 17823 16967 16068 15620 15596 16026 16718 14580 15454 16010 14345 15402 15764 15545 15696 16035 15766 15190 14972 14904 13795 15480 12944 12754 12651 12514 12418 12356 12389 12527 12612 12641 12693 12762 12843 12891 12887 12875
14638 12148 12335 12471 14979 14946 17536 18297 17087 16592 15793 16681 17085 18500 16675 16034 19169 15445 15996 16804 14648 15492 16199 14596 15377 15528 15399 15464 15418 15144 14951 14924 14870 14095 13030 12728 12720 12593 12489 12425 12388 12469 12645 12729 12741 12774 12820 12872 12882 12846 12837
14641 12129 12330 12497 14914 14841 17547 18539 17599 17609 15384 16346 15601 18037 19536 19602 15734 15614 16175 17035 14901 15686 13897 14656 15176 15391 15415 15351 15121 14934 14901 14871 14472 13625 12902 12709 12678 12555 12481 12432 12442 12562 12725 12806 12812 12824 12847 12867 12846 12817 12832
14638 12127 12352 12539 15113 14925 17520 15689 17623 15328 15906 16411 17448 17329 19265 19333 15600 15715 16344 17234 15029 15644 16258 14462 15093 15451 15465 15343 15150 15027 14947 14605 13583 15188 15041 12624 12630 12544 12494 12475 12511 12623 12751 12834 12859 12869 12880 12870 12812 12812 12856
14630 12122 12345 12568 12840 15074 17642 15909 17207 16867 16681 16300 18044 16616 19525 19121 15363 15758 16475 14222 14987 15503 16097 14481 15228 15519 15491 15379 15248 15086 14404 13741 15573 15009 15012 12519 12618 12612 12598 12601 12586 12635 12753 12845 12896 12916 12915 12876 12846 12876 12884
14618 12118 12328 12603 12943 15418 15079 16158 17193 16549 18382 16877 16301 16587 16542 15844 15344 15846 16663 14403 15077 15664 16209 14543 15345 15531 15479 15437 15092 14356 13460 15682 15423 15103 12542 12593 12732 12778 12774 12767 12674 12647 12754 12847 12917 12959 12954 12887 12912 12979 12916
14604 12129 12386 12698 13059 15201 15221 16522 17524 17381 16762 18106 16828 17454 17434 16099 15445 15980 17062 15173 15714 16066 13752 14510 15459 15534 15519 15507 14712 13988 14154 14005 15656 15217 12797 12841 12924 12950 12935 12917 12757 12660 12758 12845 12926 12995 13002 12913 12959 13052 12956
14620 12179 12459 12791 13186 14648 17919 16538 17571 15645 15838 16723 18010 15883 18512 16260 15550 16147 14418 15847 16310 13922 13745 14545 15557 15587 15327 14784 13954 14281 13164 14919 13825 12963 13045 13084 13099 13098 13078 12919 12699 12678 12768 12849 12930 13017 13047 12955 13022 13136 13026
14627 12199 12473 12831 15488 17557 17800 16309 17543 15879 15991 17061 16290 17272 16101 16418 15673 16478 14830 16016 13919 14170 13908 14552 15484 15658 15136 14505 14408 14717 13141 15005 14210 13331 13253 13288 13246 13229 13034 12712 12618 12702 12783 12857 12936 13036 13116 13079 13147 13253 13144
14582 14741 12480 12883 15044 17356 17958 16484 17314 17510 17155 16269 16704 17367 15325 16058 15805 16921 15429 16376 14236 14477 14277 14750 15472 15661 15458 15287 13410 14823 14478 14588 13964 13351 13430 13443 13366 13137 12744 12596 12657 12730 12801 12868 12942 13068 13221 13267 13315 13378 13279
14523 14706 12457 12891 14743 17167 17923 16376 16797 16021 18062 17863 16115 16537 17435 15764 15905 14169 15921 14368 14604 14636 14666 15035 15466 15629 15666 15505 15379 14527 13815 13799 13424 13352 13580 11530 13237 12768 12587 12640 12696 12761 12827 12888 12957 13098 13288 13384 13439 13462 13359
14463 14649 14957 12847 14627 16954 17441 18768 18989 17755 16797 17097 18433 15689 17106 15879 16040 14418 16186 14633 14704 14522 14638 14946 15273 15523 15565 15447 15355 14877 14077 13564 13316 13447 11641 11623 13086 12575 12635 12684 12739 12805 12890 12967 13033 13133 13273 13385 13473 13488 13380
14402 14590 14901 15333 14673 16819 17097 18331 17995 16911 16498 16960 18112 18267 17040 16193 16383 14660 16255 14644 14645 14183 14037 14427 14981 15353 15473 15434 15333 15114 14484 13873 13431 13425 11673 11683 13144 12623 12690 12749 12837 12935 13023 13088 13124 13152 13204 13281 13413 13477 13384
14339 14526 14813 15199 15176 17089 16635 17421 16970 16500 16449 16980 18072 18073 17048 13524 13759 14876 16238 14544 14398 13829 13666 14096 14719 15125 15294 15277 15210 14950 14333 13797 13408 13453 11703 11716 13184 12677 12817 12943 13027 13084 13117 13144 13147 13130 13130 13151 13316 13446 13370
14275 14441 14701 15038 15213 17057 19684 19846 19883 16395 16516 16942 17738 14920 14279 14060 14435 15250 16407 14527 14104 13716 13753 14050 14496 14882 15053 14948 14842 14438 13794 13463 13298 13550 11791 11753 13238 12777 13015 13144 13147 13155 13149 13152 13151 13130 13113 13182 13326 13388 13329
14208 14343 14562 14843 14631 16854 19572 19284 16322 16638 16837 17067 17363 14694 14586 14452 14850 15595 16620 14380 13873 13738 13845 13994 14279 14696 14895 14609 14344 13930 13521 13432 13443 11734 11870 11792 13319 12905 13149 13239 13191 13208 13214 13204 13201 13180 13148 13248 13334 13296 13255
14140 14254 14438 14667 14415 14142 16826 16569 17071 17183 14277 14589 14621 14618 14581 14787 15072 15782 16672 14120 13727 13782 13967 13991 14122 14582 14831 14413 13934 13627 13486 13562 13743 11884 11849 11790 11351 13034 13229 13327 13299 13303 13315 13308 13292 13256 13231 13253 13235 13185 13158
14067 14167 14320 14501 14466 14661 14683 14549 14807 14871 14907 15089 14979 14697 14675 12550 15316 15887 16645 14065 13699 13864 12060 14042 14231 14689 14852 14308 13736 13621 13584 13619 11819 11883 11784 11749 11554 13328 13347 11429 11440 11426 11422 11399 13400 13351 13299 13234 13133 13053 13033
13984 14082 14214 14360 14532 14677 14905 14788 14773 14850 14794 14907 14787 14671 12251 12775 13031 15817 16371 13940 13805 12106 12233 14157 14389 14844 14919 14257 13794 13818 13688 13657 11828 11817 11713 11699 11712 11572 11490 11621 11657 11630 11603 11563 11508 11435 13322 13157 13030 12917 12897
13890 13990 14106 14226 14364 14481 14658 14626 14671 14615 14421 14560 14636 14685 12363 12918 13200 13266 13538 13756 12083 12263 12373 12315 14159 14499 14672 14210 13854 13793 13688 13753 11777 11688 11622 11636 11671 11650 11683 11820 11868 11839 11799 11743 11669 11582 13355 13079 12956 12847 12774
13791 13896 14002 14106 14220 14325 14454 14582 14614 14543 14421 14436 14536 14647 12414 12990 13244 13368 13543 11871 12175 12308 10756 12406 14082 14113 14180 14034 13822 13708 13695 11734 11641 11538 11529 11568 11620 11721 11869 12008 12068 12044 12002 11938 11849 11746 13404 13046 13076 13061 12825
13687 13796 13901 14002 14102 14202 14299 14372 14429 14455 14449 14461 14493 14560 12357 12890 13100 13264 13584 11932 12266 10741 10799 10968 12399 14157 14020 13932 13814 13768 13779 11715 11568 11458 11460 11503 11561 11787 12051 12197 10618 12236 12191 12136 12050 11932 13476 13162 13362 13366 13052
179 13691 13797 13896 13990 14085 14180 14258 14328 14382 14405 14424 14448 14489 14732 12647 13181 13478 13724 12136 12464 10827 10959 12791 12476 14267 14132 13990 13816 13700 13854 11890 11622 11419 11391 11435 11496 11683 12076 10727 10786 10764 10718 10663 12219 12087 11521 13209 13381 13345 13042
224 172 13689 13792 13889 13981 14069 14151 14229 14300 14346 14376 14432 14547 14750 12892 11686 11981 12139 12582 10971 10977 11235 12699 14393 14303 14195 14030 13880 13670 13520 13843 11763 13405 13338 11361 11425 11509 12042 10886 10945 10903 10848 10790 12319 12146 11551 13051 13000 12909 15148
251 220 191 167 154 152 161 181 208 232 188 14466 14593 12277 12827 11461 11968 12471 12514 12822 11151 11183 11499 12642 14480 14408 14373 14189 13961 13770 15738 13590 11859 13338 13237 13301 11340 11438 12103 11005 11050 10984 10908 10859 10722 12152 11547 12949 12726 15055 14694
47 248 235 228 228 236 249 252 244 220 122 12237 12479 12952 11566 11884 12245 12707 12713 11537 11349 11392 11663 12763 14690 14585 14559 14396 14073 13756 15680 13666 11917 13280 13144 13196 13288 11373 12097 11013 11054 11004 10908 10834 10724 11991 13399 12971 12734 15009 14646
56 47 41 43 44 45 258 227 160 14642 12405 12706 13047 11534 12114 10777 11072 12966 11630 11775 11541 11608 11766 14926 14857 14722 14639 14533 14319 13898 15748 13902 12056 13260 13099 13153 13253 11338 12032 10941 10999 10984 10865 10750 10698 12019 13441 13020 12768 15043 14740
59 57 53 50 38 232 187 14368 14645 12422 12802 13213 11503 12003 10869 11251 11440 14463 13265 10624 10370 10388 11906 15043 14962 14853 14748 14689 14564 14103 15871 15644 13682 13532 13157 13189 13262 11322 11970 10867 10939 10957 10846 10707 10686 12223 11646 13055 12801 12551 14800
60 58 49 251 216 164 14292 14592 12372 12760 13238 11587 12027 10817 11376 11569 14246 13899 13096 10847 10553 10549 12104 15155 15045 14965 14852 14769 14622 14262 16064 15153 15462 13759 13418 13238 13272 11314 11919 10796 10869 10929 10884 10762 10718 12240 11669 13084 12834 12580 14780
60 56 41 229 169 14115 14460 12247 12658 13236 11708 12222 10926 11258 11908 12975 16509 14124 13460 10985 10702 10745 12326 15284 15129 15036 14929 14820 14676 14420 13855 15556 14965 13471 11799 13285 13280 11310 11874 10728 10800 10872 10898 10841 10769 12263 11709 13143 12906 12648 14830
60 57 40 214 127 14210 14602 12460 12975 11671 12491 11301 11491 11703 10729 14776 16836 14514 12223 11073 10782 10950 12574 15407 15256 15080 14924 14894 14824 14538 14155 16018 14992 15364 13693 13335 13287 11312 11834 10662 10735 10804 10860 10859 10803 12294 11765 13221 12997 12741 14960
59 59 43 209 13844 14280 14721 12652 13412 12257 11412 11820 10625 10803 10944 14677 14481 14976 11287 11088 10881 11210 11332 15444 15419 15145 14903 14854 14793 14567 14334 13915 15451 14833 13018 13390 13299 11325 11805 10601 10667 10739 10800 10820 10776 12298 11830 13310 13122 12923 15261
61 59 48 216 13827 14321 12258 12822 11623 12305 13592 12428 10911 11091 12214 14586 14595 12401 11270 10924 10966 11344 12428 15438 15569 15204 14894 14788 14696 14542 14361 14105 15651 14776 12910 13430 13321 11342 11782 12185 10606 10675 10739 10763 10703 12283 11912 13466 13350 13220 12990
65 58 55 232 13775 14333 12329 12987 11812 13669 15505 15950 10995 11097 12722 14526 14868 11157 10792 10548 10780 11171 13653 15399 15597 15221 14899 14823 14728 14548 16861 14219 15825 15121 13200 11385 11309 11357 11756 12128 12192 10614 10677 10718 10682 12309 12013 11621 13565 13457 13225
66 58 58 249 152 14307 12357 13126 11983 13465 15611 16048 12242 12064 14041 12949 10978 10728 10349 10224 10416 10964 13707 15254 15489 15253 14984 14930 17311 17097 16907 14239 15766 13094 11701 11356 11328 11507 11855 12069 12142 12209 10628 10685 10716 10727 12110 11774 13739 13653 13486
65 57 58 43 201 14240 12327 13303 12109 13593 15625 16056 12696 14227 16351 13293 10849 10441 10254 10146 10274 10903 13708 15150 15489 15367 15142 15048 17354 17100 14389 14074 15404 13196 11903 11440 11502 11760 11961 12046 12128 12204 10615 10662 10728 10761 12199 11948 11933 13785 13328
63 57 58 53 250 14119 14776 13241 12008 13589 15554 15769 15966 16210 16334 13208 10572 10280 11555 11452 11630 12138 13234 15067 15534 15483 15236 15080 17331 17075 14403 16144 15620 13765 11799 11519 11664 11901 11993 12080 12153 12221 10627 10661 10718 10771 12287 12107 12131 13851 15553
61 56 58 56 287 13885 14528 12771 13486 15622 15300 15396 15529 15827 16098 13105 11773 11523 11412 11347 11575 12028 12865 14722 15420 15567 15310 15075 14816 14534 14267 13767 14191 12270 11752 11684 11858 11988 12072 12139 12190 10602 10634 10664 10710 10760 12378 12274 12283 14025 13199
60 56 58 56 89 275 14186 14894 12903 15412 15228 15392 15284 15434 15685 12365 11536 11316 11246 11213 11502 11925 14630 14356 15179 15472 15229 14997 14744 14471 13887 14257 12612 12059 11683 11832 12074 12085 12155 10565 10597 10628 10640 10662 10696 10732 12419 12396 12401 12234 13588
60 56 57 57 91 307 13879 14573 15074 15303 15430 15600 15082 14843 15275 12195 11273 11086 11066 11071 11401 12588 15971 16270 14584 14979 14801 14711 14534 14226 15997 14213 12618 11872 11597 11855 12183 10546 10587 10625 10648 10663 10659 10664 10684 12341 12404 12468 12518 12391 13954
59 56 57 57 83 332 282 14242 14762 15069 15364 15379 14669 17522 15306 12365 12579 12446 10867 10916 11229 13728 15212 16204 14866 15156 13198 15002 14482 13914 15782 13956 12355 11728 11496 11863 10632 10638 10663 10692 10707 10711 10694 10684 10689 12335 12402 12545 12619 12514 14278
59 56 57 57 73 110 310 13886 14440 14822 14985 14646 17299 14463 15593 12023 11984 11972 12117 12255 11012 12389 13841 12958 13280 14864 12964 14674 14029 15979 13586 12114 11914 13532 13365 11853 10705 10728 10749 10764 10772 10766 10742 10719 10710 12341 12408 12590 12666 12566 12454
57 57 57 57 64 101 321 13582 14143 14610 14526 17072 16767 17268 15398 13380 13228 13446 11740 11980 12422 12432 12372 13169 13150 14385 13992 13723 15764 13399 12278 12161 13579 13337 13224 11856 10778 10816 10841 10845 10841 10827 10798 10766 10741 10714 12395 12567 12690 12545 12314
56 57 57 57 58 89 103 362 13844 14349 14110 16694 16308 16901 14879 12740 12601 12832 13427 11821 12240 13221 15000 14102 11694 12975 12520 14359 13356 13365 12241 11838 13336 13156 11525 10552 10840 10891 10926 10927 10914 10894 10861 10820 10777 10733 12365 12468 12624 12494 12189
56 57 57 58 58 84 108 386 13588 14081 13952 16606 16223 16736 14575 14988 14944 12618 13201 11732 11854 14890 17148 13312 13147 13134 13203 11644 13800 15423 13764 13536 13102 12981 11838 10839 10894 10951 10976 10971 10978 10965 10927 10878 10823 10768 12344 12353 12446 12378 12179
