---
OvercastDevelopment Potential [ft] Valid 0700 PST ~Z75~(1500Z)~Z~ MON 22 May 2017 ~Z75~[15hrFcst@1228z]~Z~
Model= RASP Region= PANOCHE Grid= d2 Reskm= 4.0 Indexs= 1 51 1 69 Proj= lambert 4000 4000 40.0000 40.0000 -73.0000 36.6487 -121.0445
Day= 2017 5 22 MON ValidLST= 700 PST ValidZ= 1500 Fcst= 15.0 Init= 12 Param= zblcldif Unit= ft Mult= 1 Min= -16192 Max= 213
-12222 -12252 -12220 -12240 -12420 -12398 -12350 -12259 -12125 -14472 -14094 -14026 -14226 -12051 -12265 -12192 -12147 -11988 -14174 -14107 -13801 -13902 -13795 -13755 -13655 -13517 -13420 -13355 -13286 -13123 -12887 -12692 -15546 -15321 -15176 -15146 -15186 -15353 -15453 -15760 -12818 -12897 -12850 -12985 -13198 -13559 -13711 -13785 -13617 -13450 -13230
-12294 -12353 -12301 -12259 -12289 -12415 -12355 -12251 -12147 -14521 -14512 -14088 -14256 -11987 -12036 -11965 -11796 -14164 -13966 -13946 -13699 -13748 -13745 -13900 -13578 -13475 -13392 -13269 -13224 -13084 -12929 -12788 -12552 -15490 -15375 -15326 -15360 -15420 -15527 -15781 -12808 -12878 -12849 -12984 -13188 -13520 -13682 -13814 -13666 -13513 -13308
-12402 -12396 -12367 -12284 -12298 -12429 -12375 -12294 -12216 -12094 -12124 -14213 -14233 -11898 -11833 -14270 -14164 -14007 -13968 -13807 -13690 -13725 -13876 -13859 -13562 -13437 -13347 -13235 -13257 -13151 -13028 -12929 -12781 -12618 -12517 -15545 -15567 -15599 -15624 -15787 -12792 -12869 -12878 -12997 -13171 -13435 -13592 -13738 -13646 -13542 -13386
-12437 -12434 -12407 -12305 48 -12338 -12423 -12364 -12324 -12265 -12246 -14327 -14199 -11802 -11758 -14208 -14231 -14143 -14138 -13921 -13792 -13896 -13640 -13538 -13445 -13374 -13245 -13166 -13166 -13245 -13187 -13143 -13045 -12901 -12813 -12725 -12714 -12698 -12686 -12726 -12775 -12836 -12916 -13020 -13132 -13236 -13476 -13564 -13578 -13525 -13428
-12455 -12451 -12427 90 68 80 0 7 28 -12380 -11933 -11976 -14232 -12047 -12006 -11782 -14084 -14261 -12002 -11882 -13932 -13808 -13594 -13408 -13254 -13129 -13033 -13068 -13174 -13431 -13391 -13336 -13351 -13246 -13153 -12943 -12940 -12880 -12879 -12867 -12863 -12837 -12845 -12897 -13024 -13016 -13509 -13470 -13524 -13511 -13434
-12462 -12454 -12426 -105 85 87 -25 -10 0 -11838 -14374 -12361 -14131 -13937 -14077 -14189 -14047 -14079 -12409 -12250 -14141 -13945 -13746 -13317 -13255 -13253 -13209 -12961 -13324 -13483 -13598 -13429 -13421 -13303 -13174 -13075 -13148 -13055 -12999 -12984 -12961 -12895 -13004 -12926 -12952 -12943 -13554 -13427 -13498 -13498 -13442
-12453 -12440 -12411 18 -116 74 78 29 -12910 -12288 -14308 -14079 -13917 -13724 -13731 -13717 -13642 -13712 -11941 -12339 -13778 -14025 -13835 -13318 -13330 -13387 -13270 -12852 -12998 -13163 -13448 -13540 -13508 -13306 -13126 -13223 -13384 -13194 -13014 -13027 -12982 -12931 -12910 -12903 -12956 -12812 -13589 -13523 -13497 -13496 -13457
-12435 -12423 -12376 -12228 82 55 83 16 -12562 -12025 -12050 -13728 -13753 -13746 -13864 -13867 -13750 -13974 -11928 -11936 -13930 -13967 -13874 -13337 -13423 -13586 -13292 -13088 -12637 -13076 -13469 -13458 -13529 -13176 -13074 -13314 -13461 -13401 -13148 -13210 -13078 -12998 -12939 -12924 -12860 -13257 -13736 -13589 -13509 -13492 -13438
-12408 -12400 -12308 -12241 61 47 50 -12715 37 -12359 -12240 -13451 -13588 -13562 -13766 -13934 -13938 -11781 -11960 -11874 -14140 -13747 -13743 -13300 -13390 -13565 -13272 -12470 -12846 -13186 -13597 -13578 -13269 -12924 -13045 -13344 -13352 -13389 -13465 -13504 -13293 -13126 -13027 -13572 -13628 -13689 -13782 -13627 -13523 -13474 -13414
-12370 -12372 -12269 86 56 52 -12589 -12684 21 -12426 -12152 -13858 -13581 -13585 -13892 -14059 -14170 -11918 -12021 -12050 -11898 -13892 -13858 -13394 -13470 -13656 -13151 -12828 -13265 -13772 -13571 -13292 -12886 -12825 -13082 -13401 -13431 -13567 -13651 -13586 -13654 -13366 -13176 -13129 -13730 -13849 -13812 -13646 -13531 -13499 -13371
-12349 -12345 -12269 -12231 -12214 -12423 -12557 -12637 -12310 -12394 -11767 -13433 -13446 -13861 -13953 -14066 -14189 -11928 -12127 -12159 -12073 -14133 -14059 -13567 -13331 -13388 -13046 -13219 -13509 -13700 -13310 -12916 -12712 -13012 -13168 -13478 -13665 -13735 -13812 -13696 -13729 -13725 -13295 -13122 -13752 -13799 -13794 -13641 -13568 -13500 -13330
-12344 -12320 -12307 -12214 -12238 -12336 -12455 -12606 -12604 -12023 -14133 -13538 -13847 -13872 -14227 -12007 -12117 -11962 -12269 -12275 -12247 -11868 -11776 -13569 -13211 -13262 -13353 -13601 -13519 -13346 -13018 -12799 -13003 -13245 -13432 -13741 -13961 -13996 -13950 -13869 -13874 -13753 -13446 -13222 -13133 -13628 -13864 -13654 -13568 -13481 -13295
-12130 -12295 -12238 -12125 -12091 -12196 -12273 -12068 -12151 -11812 -14033 -13362 -13624 -13818 -11822 -12293 -12340 -12539 -12352 -12334 -12316 -11848 -12069 -13825 -13729 -13361 -13640 -11322 -13324 -12915 -12838 -13149 -13501 -13495 -13600 -14009 -14145 -14122 -13991 -14100 -13997 -13967 -13856 -13324 -13650 -13813 -13879 -13654 -13544 -13450 -13299
-12119 -12302 -12207 -14589 -14532 -14581 -14530 -12303 -11871 -11703 -13922 -13366 -13343 -13883 -11723 -12092 -12491 -12466 -12013 -12344 -12095 -11901 -12082 -13897 -13899 -13518 -11370 -13687 -13136 -12938 -13207 -13646 -13913 -13750 -13799 -14262 -14216 -14102 -13801 -14070 -14042 -14076 -13937 -13525 -13758 -13811 -13759 -13613 -13545 -13454 -13305
-12166 -12185 -12200 -14521 -14414 -14337 -14175 -14283 -13971 -13936 -13817 -13552 -13527 -14001 -14102 -11771 -12098 -12225 -11835 -12244 -11851 -11768 -11633 -13639 -13553 -13702 -11344 -13468 -13241 -13381 -13353 -13435 -14153 -13639 -13734 -11917 -11897 -14080 -14001 -13904 -13993 -14100 -14022 -14074 -13920 -13825 -13715 -13665 -13636 -13558 -13441
-12215 -12231 -12223 -14470 -14285 -14065 -13869 -13953 -13826 -14141 -13989 -13655 -13687 -13904 -13916 -14131 -11876 -11863 -11956 -12147 -11816 -11749 -11628 -13506 -13592 -13749 -13775 -13580 -13420 -13463 -13333 -13510 -13758 -13915 -14157 -14201 -11786 -14103 -14099 -14062 -14123 -14260 -13989 -14107 -14032 -13983 -13799 -13811 -13805 -13740 -13636
-12230 -12235 -12203 -14401 -14150 -13867 -13711 -13816 -11820 -11907 -14012 -13445 -13371 -13500 -13750 -14209 -11916 -11832 -11886 -11980 -11912 -11733 -11934 -13577 -13520 -13662 -13726 -13540 -13522 -13405 -13304 -13582 -13773 -11558 -11747 -14138 -14185 -14151 -14203 -14174 -14173 -11736 -14128 -14219 -14243 -14152 -13986 -13988 -13969 -13910 -13833
-12214 -12218 -12161 -14328 -14042 -13743 -13806 -14180 -14154 -14031 -13423 -12766 -15798 -12936 -13560 -14203 -11931 -11834 -11695 -11775 -11883 -14208 -11913 -13792 -13512 -13656 -13498 -13351 -13520 -13310 -12999 -13448 -13777 -11643 -11927 -11633 -14204 -14249 -11722 -14157 -14167 -14153 -14189 -11960 -11892 -11776 -14156 -14142 -14121 -14071 -14014
-12155 -12160 -12088 -14249 -13962 -13654 -14024 -12255 -14209 -13650 -12772 -15346 -15565 -13028 -13593 -11758 -11822 -14046 -13966 -14162 -11832 -11812 -11933 -14080 -13529 -13632 -13381 -13476 -13412 -13132 -12999 -13333 -13152 -11658 -11872 -11710 -11755 -11709 -14232 -14193 -14188 -14192 -11712 -12022 -12007 -11933 -11789 -11756 -14271 -14205 -14153
-12116 -12117 -12043 -14189 -13909 -13581 -14045 -11982 -12234 -13484 -15476 -15321 -15415 -13382 -13526 -13817 -13765 -13763 -13820 -14113 -11779 -11734 -11755 -11634 -13529 -13468 -13321 -13516 -13289 -13060 -13193 -12839 -13460 -11742 -11571 -11752 -11914 -11808 -11726 -14214 -14207 -14223 -11913 -12040 -12090 -12060 -11968 -11906 -11842 -11783 -11750
-12032 -12083 -14579 -14138 -13857 -13542 -13954 -14165 -13507 -13202 -15494 -15526 -15668 -13490 -13406 -13375 -12978 -13147 -13632 -14106 -14168 -13803 -11713 -11657 -13552 -13585 -13850 -13317 -13241 -13319 -13275 -13201 -13655 -11448 -11411 -11792 -11984 -11858 -11769 -11684 -11671 -11707 -11932 -12126 -12152 -12159 -12068 -11992 -11876 -11821 -11844
-11974 -12059 -14565 -14102 -13796 -13516 -14119 -14134 -13215 -13078 -15324 -15460 -15806 -12941 -12890 -15698 -15535 -13040 -13705 -13953 -13736 -13650 -13903 -14105 -13555 -13683 -13816 -13474 -13178 -10734 -10916 -13367 -13412 -13810 -13898 -11931 -12040 -11904 -11832 -11692 -11736 -11923 -12114 -12115 -12131 -12232 -12246 -12057 -11811 -11763 -11817
-11894 -12033 -14540 -14066 -13748 -13465 -13936 -14140 -13428 -13320 -12757 -15685 -15655 -15663 -15611 -15247 -15357 -15854 -13578 -13742 -13532 -13519 -13457 -13905 -13569 -13666 -13560 -12924 -10112 -10600 -10844 -13144 -13140 -13778 -11352 -12005 -12063 -11827 -14215 -11682 -11901 -11913 -12148 -12210 -12248 -12299 -12333 -12158 -11919 -11872 -11968
-11826 -12005 -14511 -14038 -13729 -13405 -14026 -14218 -13567 -13454 -13022 -12795 -15389 -12726 -15682 -15099 -15155 -15485 -13097 -13318 -13245 -13254 -13254 -13244 -13065 -13422 -13322 -12169 -9546 -10339 -13230 -12943 -13125 -11514 -11639 -11982 -12018 -14231 -14200 -14178 -11800 -11943 -12170 -12226 -12302 -12312 -12389 -12276 -12062 -12058 -12149
-14367 -12161 -14474 -14016 -13743 -13411 -14101 -14315 -13591 -13259 -12916 -15386 -12870 -13045 -15595 -15114 -15097 -15122 -15824 -12846 -13177 -13084 -13248 -13351 -12950 -12961 -13226 -12333 -12317 -13042 -13039 -13249 -13536 -11877 -11307 -11850 -11938 -14201 -14174 -14150 -14142 -12120 -12145 -12190 -12328 -12429 -12448 -12527 -12332 -12304 -12424
-14398 -12138 -14459 -14016 -13755 -13606 -14139 -14167 -13778 -13497 -13048 -13246 -13408 -12966 -15346 -15291 -15226 -15130 -15601 -13016 -13060 -13173 -13469 -13571 -13795 -13657 -13729 -13532 -13553 -13075 -13070 -13623 -11424 -11847 -13728 -11646 -11703 -14119 -14137 -14180 -11747 -12112 -12218 -12340 -12309 -12450 -12470 -12610 -12503 -12458 -12526
-14433 -12118 -14461 -14027 -13744 -13770 -14306 -11891 -13750 -13800 -13596 -13506 -11372 -12812 -15308 -15348 -15276 -15091 -15558 -13106 -13295 -13638 -13774 -13809 -11947 -11930 -11714 -11440 -13593 -13419 -13703 -11435 -11867 -11431 -13698 -14014 -13756 -13628 -14044 -11699 -12146 -12287 -12376 -12428 -12437 -12494 -12462 -12605 -12542 -12479 -12485
-14438 -12120 -14454 -14045 -13733 -13881 -14228 -11820 -13728 -13737 -13629 -11856 -11410 -12720 -15601 -15289 -15222 -15380 -15619 -13029 -13494 -13760 -13732 -11802 -11794 -11683 -11632 -11420 -13783 -11424 -11456 -11244 -11489 -11270 -13615 -13999 -11706 -13827 -13998 -11799 -12403 -12482 -12470 -12465 -12442 -12510 -12469 -12481 -12412 -12315 -12248
-14419 -12076 -14449 -14064 -13752 -14072 -11909 -11740 -11644 -11792 -12416 -12273 -13162 -12719 -13032 -15506 -15209 -15208 -12772 -13274 -13736 -11885 -11902 -12130 -14066 -11668 -11593 -11396 -11573 -11655 -11323 -11211 -11444 -13812 -11594 -14102 -14140 -13842 -14078 -11938 -12607 -12662 -12662 -12634 -12605 -12485 -12370 -12373 -12265 -12135 -11990
-14375 -14588 -14417 -14090 -13801 -14248 -11964 -13979 -13956 -14091 -11729 -13273 -12862 -12720 -13221 -13003 -15403 -15306 -15735 -13188 -13596 -11829 -12607 -12293 -11725 -11725 -11698 -11639 -11926 -11660 -11532 -11365 -11743 -11555 -11669 -11696 -14179 -14227 -11649 -12027 -12685 -12817 -12783 -12668 -12600 -12515 -12366 -12283 -12118 -11922 -14241
-14325 -14505 -14370 -14118 -13855 -14295 -12012 -13771 -13565 -13273 -12840 -13017 -12630 -15691 -13503 -13448 -15681 -12740 -13383 -13908 -14099 -12191 -12831 -12158 -11829 -11822 -11793 -11747 -11967 -11875 -11900 -11586 -11604 -13891 -14254 -14141 -11737 -11767 -11684 -12017 -12697 -10825 -12855 -12751 -12668 -12586 -12393 -12231 -11968 -14236 -13936
-14278 -14459 -14365 -14181 -13948 -14335 -11888 -13641 -13358 -13236 -13223 -13057 -13109 -13337 -13459 -13658 -13192 -13899 -14001 -12135 -13917 -12176 -12763 -11777 -11893 -11947 -11893 -11852 -12010 -12131 -12161 -11737 -11720 -13902 -11884 -12088 -11980 -11729 -11845 -12115 -12700 -10831 -10867 -12840 -12759 -12671 -12437 -12169 -11852 -14057 -13676
-14189 -14436 -14383 -14257 -14075 -14207 -14245 -13573 -13291 -13118 -13368 -13341 -13733 -11707 -14088 -13632 -13251 -12012 -11736 -11873 -11691 -12376 -12642 -14128 -11913 -12075 -11961 -12060 -12127 -12260 -12199 -11678 -11356 -13920 -11966 -12292 -11966 -11804 -12051 -12456 -12790 -10902 -11025 -10934 -10889 -12781 -12505 -12171 -11783 -13943 -13440
-13999 -14439 -14425 -14357 -13718 -14026 -14177 -13680 -13531 -13818 -13839 -11920 -11873 -12704 -12006 -13643 -13860 -12404 -11888 -11754 -12022 -12233 -12224 -14047 -11840 -12043 -12252 -12058 -11856 -11736 -11661 -11244 -13615 -13878 -12010 -12110 -14257 -11881 -12165 -12523 -12868 -10992 -11112 -11044 -10943 -12863 -12590 -12216 -11802 -13895 -13344
-13902 -14417 -14426 -14380 -14211 -14202 -11744 -13771 -13594 -13865 -12397 -12431 -12753 -12878 -12062 -13806 -14137 -12658 -11975 -11848 -11868 -12445 -12286 -11824 -12076 -12117 -12174 -11864 -11794 -13806 -13664 -13731 -13445 -13478 -11880 -12016 -11877 -12043 -12333 -12647 -10916 -11083 -11152 -11189 -11059 -10918 -12683 -12257 -11762 -13803 -13215
-13869 -14385 -14394 -14321 -13962 -11732 -11907 -11688 -13995 -12166 -12065 -12814 -12881 -11123 -11870 -13567 -14286 -12873 -12472 -11524 -11770 -11857 -12709 -12650 -12467 -12210 -12032 -11721 -11716 -11433 -13724 -13925 -14222 -13956 -14297 -11913 -12083 -12376 -12580 -12777 -10904 -11171 -11265 -11291 -11222 -11027 -12856 -12300 -14276 -13716 -13074
-13849 -14352 -14356 -14238 -13991 -14299 -11720 -11921 -11880 -12089 -14152 -12509 -12867 -12086 -12226 -13929 -11858 -11029 -11703 -11337 -11830 -11669 -12387 -10958 -12783 -12388 -12100 -11725 -11825 -11705 -13895 -13709 -13935 -14087 -11795 -12114 -12571 -12525 -12655 -10843 -11040 -11284 -11417 -11324 -11222 -11073 -10925 -12326 -14226 -13607 -12900
-13814 -14038 -14309 -14105 -13584 -13777 -14162 -11994 -11829 -13505 -14033 -11682 -12901 -12912 -11946 -14035 -12070 -11194 -10916 -12576 -11977 -11843 -12398 -11441 -11091 -12556 -12607 -11866 -11798 -11498 -13684 -13465 -13723 -13881 -11781 -12129 -12487 -12473 -12638 -10893 -11120 -11354 -11469 -11411 -11249 -11150 -10990 -12306 -14121 -13442 -15773
-13763 -13866 -14279 -14128 -13679 -13503 -14217 -12008 -13585 -13155 -14049 -11826 -11444 -12672 -14239 -14228 -12327 -11379 -10923 -12433 -12334 -11836 -12327 -11530 -11069 -12262 -11988 -11657 -13910 -13643 -13376 -13406 -13680 -13793 -11741 -12155 -12171 -12359 -12616 -10936 -11165 -11386 -11501 -11425 -11246 -11156 -11006 -12232 -13904 -13131 -15609
-13702 -13686 -14266 -14342 -14508 -14288 -14045 -14203 -13320 -13543 -11902 -12696 -12756 -12166 -14253 -11856 -12690 -11389 -11784 -12525 -11849 -12043 -12659 -11417 -10923 -12285 -12006 -12405 -11685 -13537 -13378 -13714 -13315 -13846 -11766 -12150 -12174 -12422 -12723 -11035 -11235 -11437 -11547 -11453 -11234 -11050 -12912 -12010 -13685 -12815 -15412
-13644 -13646 -14055 -14373 -12206 -12140 -14184 -13906 -13860 -13918 -14155 -14145 -11949 -11849 -14264 -12034 -11201 -10554 -10716 -12605 -12038 -12478 -12567 -11127 -11131 -12200 -11702 -14045 -12208 -11676 -11828 -12873 -11814 -11760 -12079 -12346 -12313 -12671 -10901 -11147 -11312 -11509 -11561 -11426 -11267 -11092 -12686 -11841 -13298 -15730 -15270
-13632 -13600 -13897 -14033 -14250 -14405 -12184 -13969 -13786 -12222 -14232 -12055 -11780 -14061 -14055 -12069 -11303 -10483 -10271 -12655 -12399 -12699 -12671 -11247 -11174 -12098 -11713 -13789 -13566 -13230 -12903 -12871 -11838 -11891 -12356 -12885 -11007 -10972 -11103 -11227 -11391 -11594 -11691 -11492 -11216 -10962 -12567 -14292 -13185 -15645 -15205
-13612 -13565 -13773 -13935 -13989 -14203 78 -14092 -14301 -12082 -14331 -14333 -11853 -14091 -11646 -12092 -11094 -10424 -9682 -10955 -12825 -12771 -12834 -11460 -11518 -12367 -11888 -13839 -13282 -12973 -13835 -13753 -13931 -11812 -12383 -12630 -11138 -11189 -11209 -11273 -11634 -11694 -11762 -11620 -11330 -12861 -12488 -14240 -13177 -15605 -15206
-13571 -13523 -13576 -13845 -13808 -13819 -13992 -14156 -14219 -14275 -14278 -13919 -13816 -13947 -11612 -12206 -10895 -10321 -10934 -11240 -12728 -12541 -12704 -10945 -10225 -11114 -11926 -13924 -13476 -13358 -13752 -13937 -14278 -11841 -12579 -12821 -11297 -11282 -11260 -11431 -11595 -10150 -10187 -11606 -11154 -12487 -12246 -14277 -13200 -15618 -15226
-13525 -13501 -13548 -13656 -13693 -13687 -13830 -13872 -13935 -13961 -13954 -14180 -13486 -13896 -11724 -12542 -10981 -10989 -12793 -12776 -12587 -12514 -12708 -10978 -11829 -11567 -14086 -13983 -13733 -14374 -13918 -14255 -12270 -12743 -12860 -11081 -11123 -11120 -11506 -11529 -11615 -10165 -10453 -10299 -11584 -12910 -12544 -11842 -13358 -15695 -15297
-13461 -13475 -13534 -13649 -13734 -13776 -13756 -13700 -13676 -13921 -14086 -14104 -14113 -13871 -11902 -12770 -11071 -10921 -10905 -10954 -11008 -12647 -10970 -11148 -11353 -11481 -12209 -11907 -11799 -13825 -13831 -12025 -12485 -11247 -11374 -11267 -11184 -11339 -11423 -11656 -10613 -10646 -10467 -10304 -11691 -11101 -12766 -12019 -13637 -15834 -15410
-13423 -13451 -13511 -13629 -13754 -13879 -13930 -13896 -13846 -13973 -14120 -14171 -14118 -13963 -12153 -12864 -11055 -11266 -11314 -11374 -11112 -10836 -13162 -13124 -10964 -12738 -12632 -11215 -12892 -14052 -13880 -11767 -12146 -12691 -11127 -11278 -11231 -11350 -11217 -10622 -10643 -10609 -10412 -11842 -11630 -11039 -12790 -12120 -13809 -12904 -15477
-13405 -13435 -13489 -13595 -13775 135 138 -14089 -14056 -14180 -14322 -14310 -14306 -14202 -12218 -12849 -10917 -11566 -10434 -11588 -11269 -11120 -11689 -11709 -11137 -10918 -11346 -11730 -11168 -12041 -11681 -14038 -12001 -12651 -11153 -11305 -11517 -11391 -10593 -10701 -10667 -10543 -10509 -11826 -11599 -11281 -12916 -12231 -13863 -12991 -15505
-13406 -13424 -13460 -13532 79 48 49 93 -14191 -14405 -14497 -14472 -14464 -14345 -12263 -12526 -10944 -10439 -10868 -10321 -11447 -11239 -10467 -10176 -11698 -11225 -10181 -10664 -11713 -12147 -11808 -14075 -11927 -12637 -11092 -11443 -11478 -10582 -10627 -10731 -10564 -10531 -10533 -10322 -11405 -11002 -12894 -12302 -13825 -12844 -15504
-13400 -13402 -13411 148 45 24 26 38 -14308 -12029 -12115 -12102 -12118 -14469 -12687 -10730 -11088 -9597 -10617 -10275 -11553 -11396 -10747 -10067 -11707 -12704 -10247 -10552 -11443 -12669 -12240 -11917 -12081 -12592 -10994 -11414 -11546 -11649 -10655 -10825 -10703 -10666 -10502 -11423 -11149 -12902 -12563 -12222 -13679 -12805 -15475
-13381 -13370 -13352 144 50 37 19 213 -14493 -12171 -12234 -12364 -12309 -12206 -11090 -11257 -11643 -9950 -10680 -10429 -11691 -11560 -9739 -10455 -11544 -11468 -10440 -10206 -10959 -12885 -12535 -11826 -12034 -12351 -12881 -11203 -11486 -10591 -10753 -10865 -10802 -10724 -11670 -11440 -11783 -11286 -12749 -12104 -13676 -15851 -15409
-13353 -13330 -13284 130 55 45 4 -14085 -14510 -12252 -12560 -12586 -12513 -12798 -11478 -11689 -10903 -10083 -10540 -10532 -10258 -10175 -9998 -10520 -10231 -10023 -10184 -10985 -11446 -12549 -12306 -11704 -12099 -12277 -12693 -11012 -11245 -11673 -10791 -10865 -10849 -10755 -11747 -11489 -11231 -10934 -12780 -12082 -13779 -15851 -15319
-13305 -13277 -13224 89 52 38 195 -14262 -11992 -12675 -12216 -12315 -12465 -11348 -11764 -9716 -10062 -10227 -10684 -10752 -10439 -10306 -10007 -10706 -12418 -11403 -11514 -11644 -13609 -11728 -11025 -11383 -11854 -12184 -12432 -12841 -11225 -11836 -10776 -10229 -10726 -10166 -11689 -11604 -11413 -11034 -12814 -12043 -13534 -15831 -15308
-13239 -13211 -13159 75 51 11 98 -14404 -12046 -12627 -10836 -11089 -11505 -10144 -10722 -9879 -10545 -11275 -10630 -10670 -10596 -10445 -9920 -8453 -12289 -12460 -12680 -13820 -13203 -13561 -10768 -9880 -11763 -12210 -12355 -12778 -11411 -10300 -10234 -11781 -11783 -10145 -11776 -11668 -11499 -11129 -12767 -11977 -13473 -15824 -15360
-13152 -13133 -13107 61 46 209 -13967 -14466 -12357 -10898 -11681 -10637 -10648 -10530 -10819 -9727 -10401 -11524 -10746 -10717 -10401 -10517 -9495 -9972 -12240 -11987 -12331 -12497 -13486 -13561 -10567 -9759 -10925 -12295 -12235 -12872 -11542 -10319 -10620 -11669 -11761 -10192 -10215 -11774 -11500 -11110 -12615 -11874 -13449 -15852 -15421
-13061 -13050 -13052 62 37 203 -14077 -14427 -12556 -11332 -10955 -10427 -10699 -10639 -9490 -9859 -10367 -9761 -9580 -9561 -10526 -10823 -10539 -9814 -12209 -11811 -12201 -12503 -11958 -13806 -11858 -10677 -10471 -12024 -11982 -12945 -11631 -10213 -11618 -11595 -11767 -10216 -10289 -10222 -11551 -11043 -12424 -11813 -13452 -15844 -15543
-12981 -12961 -12997 -13052 37 -13587 -14048 -14322 -12496 -10558 -9523 -11019 -10454 -10506 -9492 -10376 -11585 -10055 -10674 -10812 -9660 -9484 -11625 -10661 -12268 -11742 -12118 -12171 -12292 -11614 -11764 -11670 -11605 -14220 -11913 -10958 -10177 -10264 -11669 -11637 -11626 -10247 -10388 -10352 -11660 -11030 -12188 -11802 -13529 -15948 -15770
-16046 -16033 -16060 -13038 91 -13525 -13943 -14201 -12571 -10802 -10211 -11349 -11600 -10180 -10655 -10529 -10878 -10989 -10438 -10489 -10780 -10719 -11149 -11291 -12480 -12090 -12195 -11710 -13141 -13622 -13705 -13840 -13775 -14047 -11879 -10944 -10290 -10346 -10191 -11833 -11851 -10242 -10384 -10395 -11758 -10991 -12209 -11867 -13696 -13310 -13038
-16016 -16000 -16034 -13101 -13151 -13497 -13820 -14090 -11033 -9549 -10167 -11477 -10276 -9519 -9464 -9890 -10930 -10338 -10232 -10215 -10341 -10551 -11403 -10852 -12720 -10878 -12135 -13670 -13499 -13666 -13789 -13773 -13638 -13659 -12085 -12866 -10293 -10449 -10263 -10220 -10264 -10298 -10370 -10416 -10255 -11218 -12491 -12019 -13876 -13417 -13496
-15988 -15970 -16005 -16119 -13012 -13463 -13735 -14041 -11137 -10859 -10645 -9661 -9386 -9782 -10456 -10918 -10652 -10357 -10464 -10333 -11734 -10236 -10171 -8406 -12693 -12509 -12487 -13377 -13707 -13608 -13636 -13704 -13276 -13243 -14218 -12465 -10196 -10529 -10435 -10313 -10304 -10381 -10447 -10532 -10405 -11537 -12866 -12222 -14024 -13606 -13731
-15960 -15943 -15974 -16008 -12986 -13471 -13683 -14139 -11671 -9769 -9903 -9873 -9691 -8964 -10530 -10666 -10632 -11927 -10501 -11763 -11908 -11529 -10849 -8404 -12616 -12330 -12685 -13715 -13868 -13691 -13558 -13412 -13057 -13279 -14073 -12459 -10237 -10588 -10512 -10429 -10433 -10473 -10534 -10592 -10512 -11705 -11146 -12448 -14068 -13707 -13793
-15938 -15920 -15946 -15972 -16053 -13445 -13613 -14250 -10314 -10890 -11249 -9994 -10046 -9731 -10279 -10593 -10683 -11891 -11726 -11724 -11615 -11431 -10780 -9176 -10908 -12090 -12265 -11722 -13910 -13775 -13711 -11671 -13133 -13754 -12302 -11364 -10359 -10615 -10510 -10509 -10513 -10571 -10654 -10651 -10584 -10199 -11446 -12689 -14232 -13844 -14091
-15921 -15900 -15919 -15939 -16135 -13351 -13549 -13875 -11682 -10872 -10255 -8909 -10051 -10593 -11650 -10567 -10501 -11096 -11544 -11400 -11447 -11639 -11059 -8896 -9192 -12015 -12090 -11714 -13904 -13837 -13785 -13579 -13249 -14135 -10927 -11791 -10495 -10598 -10537 -10559 -10556 -10639 -10718 -10714 -10612 -10248 -11757 -10897 -11991 -14003 -14022
-15910 -15885 -15893 -15911 -16154 -13246 -13532 -13554 -11202 -9657 -10090 -11612 -11215 -11334 -9741 -10589 -11802 -12209 -13023 -10936 -11156 -10217 -10135 -8608 -9186 -10242 -12072 -11757 -11515 -13698 -13736 -13627 -13646 -13887 -12819 -10334 -10583 -10583 -10592 -10621 -10492 -10534 -10740 -10750 -10562 -10462 -10302 -11087 -12228 -14152 -14159
-15899 -15874 -15873 -15880 -16128 -13187 -13515 -13668 -11293 -10157 -11500 -11501 -11397 -11509 -11743 -12430 -11794 -11850 -12910 -12573 -12697 -10065 -10375 -10787 -10780 -12729 -12157 -11694 -13916 -13808 -11781 -13626 -13956 -11716 -12834 -10555 -10576 -10542 -10581 -10680 -10625 -10667 -10703 -10677 -10680 -10580 -10396 -11280 -12484 -14295 -11872
-15889 -15867 -15857 -15847 -16046 -16192 -13613 -14095 -12276 -12736 -11033 -11211 -11139 -10973 -12701 -11894 -14203 -14295 -12156 -12211 -12733 -10984 -11278 -11228 -12741 -12285 -12084 -12037 -11768 -11736 -11740 -11979 -12395 -11140 -11199 -11443 -10188 -10404 -10560 -10626 -10732 -10769 -10779 -10732 -10655 -10434 -10204 -11377 -12651 -11948 -12080
-15879 -15863 -15845 -15815 -15878 -16010 -16146 -13434 -14307 -11248 -11423 -11409 -12479 -11932 -14212 -13699 -13716 -14112 -12297 -12242 -12848 -11004 -10987 -12814 -12493 -12225 -12781 -12039 -11972 -12031 -12497 -11084 -11453 -11445 -11271 -11396 -11756 -10329 -10528 -10605 -10790 -10845 -10870 -9486 -10788 -10502 -10205 -11465 -12849 -12122 -12293
-15867 -15859 -15840 -15805 -15774 -15827 -15965 -16152 -13951 -11193 -11099 -11022 -11971 -14147 -13990 -13328 -14193 -12292 -12200 -12282 -10953 -11107 -11053 -12848 -12560 -12306 -12120 -12083 -12621 -12779 -11149 -11524 -11637 -11488 -11313 -11450 -11714 -10317 -10499 -10710 -10866 -9530 -9566 -9619 -9469 -10633 -10236 -11591 -11002 -12447 -12415
-15862 -15850 -15836 -15811 -15775 -15778 -15797 -16127 -13666 -12526 -11895 -12575 -14178 -13959 -14296 -14080 -14271 -12516 -11311 -12288 -10964 -11121 -11112 -10905 -12696 -12610 -12627 -12887 -12817 -12952 -11521 -11793 -11879 -11766 -11520 -11634 -10160 -10344 -10553 -10766 -9549 -9617 -9683 -9751 -9614 -10827 -10482 -11778 -11223 -12725 -12436
