---
OvercastDevelopment Cloudbase (BL CL) [ft] Valid 1600 PST ~Z75~(0000Z)~Z~ MON 22 May 2017 ~Z75~[24hrFcst@1242z]~Z~
Model= RASP Region= PANOCHE Grid= d2 Reskm= 4.0 Indexs= 1 51 1 69 Proj= lambert 4000 4000 40.0000 40.0000 -73.0000 36.6487 -121.0445
Day= 2017 5 22 MON ValidLST= 1600 PST ValidZ= 000 Fcst= 24.0 Init= 12 Param= zblcl Unit= ft Mult= 1 Min= 33 Max= 23706
435 434 126 418 215 67 179 289 14404 14832 14598 14377 17378 17351 17282 17336 17369 17419 17534 17720 14924 15317 15378 15145 17707 16902 19879 19069 18541 21948 21162 20388 19625 23330 22946 22794 22883 22998 18836 19064 19342 19592 20035 20432 20742 17235 17674 17916 18004 18045 17864
425 410 431 436 236 51 141 238 14418 14789 14968 14493 14428 17469 17337 17242 17227 17161 17182 17354 17544 14826 14984 14934 17527 16744 19741 18988 18410 21908 21185 20422 19647 23343 22965 22776 22848 22950 18796 19047 19349 19649 20082 20475 20775 17192 17645 17986 18105 18147 17955
415 391 401 122 90 40 76 14332 14470 14819 15021 14677 14525 17532 17337 17130 17102 17033 16978 17087 17235 17535 17693 17685 17265 16474 19509 18845 18282 21863 21226 20520 19805 23467 23078 22873 22909 22985 18824 19123 19445 19758 20152 20516 20805 17156 17621 17985 18181 18229 18065
400 369 364 37 33 38 14451 14585 14693 14884 15039 14659 14484 17496 17381 17100 17033 16978 16910 16955 17068 17303 17414 17403 17010 19822 19156 18607 22165 21811 21267 20648 20054 23706 23298 23068 23027 23098 18970 19309 19614 19905 20228 20539 16716 17185 17735 18009 18245 18298 18160
390 355 341 106 103 108 38 115 253 452 14405 14408 17424 17481 17438 17249 16886 16775 16688 16630 16720 17007 17418 17590 16915 19474 18989 18722 22324 21948 21373 20640 20267 19653 23443 23120 23065 18968 19234 19540 19802 20062 20369 20625 16905 17387 17858 18045 18289 18349 18214
384 347 321 106 33 118 53 132 269 14822 15207 14978 14843 17590 17386 17206 16949 16802 16658 16787 17023 17232 17594 17615 16593 19261 18720 22263 22048 21999 21549 20769 20261 19647 23413 23087 22925 23099 19224 19463 19761 20080 20446 20689 16935 17486 17942 18062 18316 18384 18265
381 342 277 249 76 130 76 158 311 15031 15239 14832 17672 17324 16972 16862 16648 16351 16186 16352 16679 17051 17369 17020 19612 18960 18463 22059 21857 21994 21698 20973 20297 19684 23423 23334 23252 18922 19239 19532 19824 20154 20563 16787 17147 17579 18041 18200 18329 18397 18305
370 312 12301 233 59 151 12356 164 14902 12702 15385 14889 17617 17039 16513 16386 16245 19509 19244 19283 15742 16014 19677 19298 19027 18682 22231 21827 21691 22056 21862 21283 20641 19891 19452 19460 19296 19104 19200 19536 19790 20042 20501 16980 17423 17825 18043 18240 18340 18413 18324
347 12326 132 33 33 12311 12348 12402 295 14723 15259 15069 17609 16703 19724 19677 19474 19139 18922 18599 18505 18586 18595 18552 18665 18331 22003 21866 22237 22527 22365 21648 20709 20130 20031 19952 19609 19275 19284 19571 19805 20046 20380 17096 17764 17992 18072 18265 18347 18408 18336
12306 12367 241 34 12239 12254 12314 12440 337 14966 13274 15553 17528 16217 19431 19471 19240 18855 18462 18058 17967 17937 18033 18425 18859 18560 22004 22369 22982 23162 22560 21378 20556 20293 20366 20232 19745 19381 19295 19487 19760 19998 20176 20779 17710 18094 18207 18273 18340 18441 18325
12343 177 50 33 12130 14751 12305 14852 14867 13272 15988 18019 16587 19042 18655 18802 18566 18305 17945 17593 17561 17651 17881 18382 18817 22434 22180 22483 23100 19121 21969 20952 20467 20366 20415 20248 19826 19513 19397 19385 19608 19916 20111 20667 17485 18038 18285 18253 18378 18447 18323
253 255 12356 12202 14625 14736 14771 14744 14884 13108 17706 16793 19241 18365 18433 18524 18158 17451 21179 21168 21370 21700 18080 18622 18927 18576 18661 18904 22800 22157 21311 20889 20647 20375 20336 20158 19929 19735 19491 19383 19511 19768 20120 20701 17400 18069 18352 18323 18395 18454 18317
65 69 12317 14664 14592 14732 14535 14389 14965 15238 17655 20200 19011 18481 18759 18693 18136 17484 21062 21083 21407 17730 18158 18480 18674 18876 19242 19383 22336 21335 20937 20859 20597 20353 20292 20193 20098 19963 19772 19757 19579 19822 20329 16688 17568 18063 18298 18335 18414 18461 18324
82 92 12298 14612 14622 14715 14453 14009 14231 14566 17474 16569 19182 18838 18860 18596 18200 21451 20944 21130 21537 17862 18188 18159 18279 18881 19460 19146 21974 21285 21000 20741 20484 20365 20353 20325 20288 20156 20060 20063 19758 19966 20565 16971 17638 18049 18249 18324 18431 18469 18317
86 86 12288 14593 14664 14579 14258 16717 16678 17051 17197 16655 19269 18750 18459 17932 17691 21318 21003 21135 21464 21860 18178 18150 22338 18996 19356 18689 22015 21660 21108 20665 20545 20509 20505 20495 20435 20359 20266 20028 19966 20058 20705 17444 17770 18102 18242 18339 18465 18482 18319
82 80 12254 14610 14689 14453 14150 16432 19563 19814 20140 19909 19112 18534 17876 17498 21635 21470 21172 21030 21299 21775 18176 18267 18425 19124 19248 18654 18536 18331 21536 20925 20800 20907 20829 20667 20579 20585 20435 20317 20416 20486 20745 17458 17943 18260 18271 18369 18495 18484 18309
79 81 12210 14598 14667 14368 14148 15996 19589 19942 20047 19544 18963 18380 17863 17935 18380 18071 21393 20995 21254 21718 22028 22128 18481 19268 19300 19130 19593 19322 18120 21444 21336 21506 21323 20910 20678 20582 20459 20265 20313 20732 16957 17580 18024 18259 18286 18401 18503 18477 18296
76 82 14751 14573 14628 14314 14286 16250 19952 20084 19689 18969 18612 18049 17824 18381 18985 18470 17424 21202 21423 21605 21616 21761 18615 19550 19636 19832 20285 19557 18462 18178 18493 18589 17906 21124 20777 20630 20440 20279 20339 20770 17265 17891 18088 18264 18210 18373 18486 18450 18242
77 81 14748 14533 14578 14283 14584 16495 20173 19966 18867 17761 17655 17711 17992 18788 19136 18369 17356 21187 21355 21419 21372 21819 18970 19911 20163 20622 20457 19437 19001 19568 20194 19732 18325 17112 20834 20679 20469 20421 20633 16837 17300 17906 18128 18297 18170 18336 18449 18406 18174
76 81 14676 14463 14514 14210 17124 19936 20391 19973 21788 21293 21438 17733 18426 19194 18924 17815 21027 20767 20780 20878 21161 22024 19259 20191 20677 20950 20388 19805 20219 20899 17502 19835 18088 21121 20849 20754 20585 20393 20686 16753 17105 17638 18013 18276 18129 18262 18375 18335 18108
92 81 14566 14378 14435 14075 16493 19924 20048 19011 21843 21578 21574 17968 18772 19322 18468 21290 20790 20711 20652 20766 21291 18217 19545 20538 21017 17462 20710 17637 18326 18196 20699 19177 17764 17056 16823 20798 20591 20508 20805 16759 16907 17438 17767 18208 18068 18158 18235 18227 18011
113 81 14405 14285 14391 17031 16964 19921 19481 18798 18212 17898 17897 18320 18955 19044 18272 17586 17110 20796 20648 21018 21725 18685 19923 20950 17895 18236 19026 19731 19415 17936 19732 18482 17546 16939 20830 20650 20550 20660 20726 16769 16719 17190 17461 18124 18120 18076 18100 18073 17877
33 84 14297 14257 14498 17157 17030 19770 20030 19891 19319 18777 18465 18874 19193 18701 19025 16610 16795 15735 17735 21618 17991 19028 20367 18063 18535 19082 19962 20192 19167 20526 19087 18370 17708 17079 20891 20756 20833 20704 20746 16750 16692 17150 17304 17981 18101 17986 18005 17963 17839
33 96 14228 14285 14678 14290 17001 19765 17040 20677 20182 19601 19158 19515 19350 19475 14812 14923 15060 14713 16125 18422 18326 19292 17397 18644 18814 19278 19780 19588 18118 20084 19342 18732 17869 17154 20911 20770 16697 16711 16811 16777 20742 17256 17247 17716 18062 17872 17924 17957 17794
33 97 14188 14330 14910 14669 17204 19671 17535 17747 20415 20314 20365 20045 20094 14833 13158 14910 15179 13096 16928 18794 18773 19805 18036 18806 18606 18882 19059 18367 20776 20325 20096 19213 18012 17294 16930 20810 16834 16787 16909 17014 16654 16768 17015 17251 17886 17799 17862 17928 17851
33 98 14159 14396 15093 15080 16872 19937 18441 18544 17909 18322 18039 17266 17654 14126 13678 12773 12947 13487 16872 19055 19320 20201 17969 18393 18275 18415 17858 20413 20072 20337 20213 19166 17978 17386 17104 16833 16715 16702 16724 17050 16824 16653 16960 16878 17618 17646 17723 17891 17784
33 86 14161 14470 15217 15291 16929 17247 19051 18576 19053 19283 19054 17660 15760 14579 14129 13014 13202 13750 17278 19616 19843 20176 17370 18015 18295 18106 20518 19738 19718 19946 19676 18717 17804 17331 17125 17060 16888 16792 16758 17024 16913 20767 16779 20813 17421 17423 17601 17674 17726
33 82 14189 14550 15319 15506 17006 17842 19221 18789 19087 19640 18952 17362 15430 12663 13957 12984 13302 13976 17440 19716 19853 20122 17278 18256 18737 18013 20485 19949 19696 19426 18948 18205 17634 17296 17068 17145 17146 16982 16951 17083 16877 20670 20742 16678 17291 17108 17430 17501 17411
117 78 14227 14639 12896 15720 17119 18062 16183 18848 18407 18118 17328 20050 14789 12667 13589 12850 13334 13787 16827 19556 19823 16761 17649 18693 18852 17745 20525 20060 19379 18906 18552 18079 17715 17493 17247 17243 17297 17250 17205 17156 16855 20719 20777 20802 17030 16955 17028 17325 17295
112 86 14275 14732 13103 13469 17214 18255 16406 18938 17753 20132 19453 19533 17675 12407 13353 12855 13404 13657 16267 19641 19948 17092 17943 18916 18839 17755 20303 19495 18947 18702 18454 18001 17731 17620 17452 17460 17441 17454 17410 17221 16758 16654 16811 20790 16902 16831 16872 16937 17163
107 95 14332 14841 13278 13873 17437 18693 16758 19134 18167 16968 19591 20077 16381 12545 13212 12716 13704 14365 17110 16801 16825 17506 18410 19100 18843 17670 19882 19331 19490 19531 19000 18288 17943 17810 17676 17613 17512 17538 17560 17192 16853 16751 20724 20621 16894 16754 16740 16762 16998
98 120 14410 14993 13443 13823 17727 18961 17115 16950 19710 18777 17803 18682 14099 12640 13020 12674 14005 15012 17924 17446 17295 18138 16237 16540 18760 17381 19734 19815 16763 16734 19469 18556 18115 17975 17848 17729 17679 17609 17681 17189 16996 16807 20688 20694 16986 16705 20827 20839 20914
85 155 14500 15142 13692 13944 17961 16136 17529 16185 16415 14351 14149 14542 13539 12498 12585 12845 14359 14769 15454 17969 17881 15893 17252 17330 15920 17679 16955 16820 17096 17015 16147 18796 18264 18072 17943 17843 17828 17755 17732 17380 17188 16760 20581 20734 17008 20842 20822 20850 20890
64 207 14612 15313 13388 15594 18370 16815 16049 14019 13882 13293 13716 12933 13092 13792 14920 13353 12975 14819 16373 16171 16166 14585 15746 15321 16724 15789 17904 16917 16658 16619 15996 18770 18269 18058 17930 17878 17848 17797 17686 17629 17230 16705 20592 16895 17064 16728 20841 20871 20909
48 231 14682 15337 15618 16207 16246 15235 14876 13582 14234 13588 14427 13437 13555 13089 14872 13808 13616 15264 15124 14737 14818 13462 13926 15219 14818 17130 18788 17168 16263 16002 19197 18657 18263 18060 17929 17870 17849 17888 17628 17811 17243 16705 20687 17079 16994 16767 16739 20898 20944
39 236 14684 15217 14985 15821 16678 15495 14698 12859 12985 14517 15506 13678 12802 12777 14941 14106 12555 14113 14054 13287 13578 13855 14002 13659 15294 17479 16296 17935 16652 15968 19159 18688 18276 18067 17931 17837 17834 17953 17620 17865 17357 16783 16870 17145 17021 16864 16858 16889 16937
45 233 14701 15133 15136 15694 14425 15573 13999 13285 14170 13943 14752 14738 12353 12675 12603 12361 12740 13192 12877 13755 13447 13525 14029 14065 15285 16832 16313 18626 17416 16418 15804 18840 18329 18079 17949 17797 17823 17966 17684 17875 17424 16821 17075 17031 17136 17009 17012 17064 17134
47 229 14723 15049 15139 15443 14380 15370 15158 14365 14018 13893 14477 15183 14123 12583 12867 12654 12793 13235 12726 13344 12896 13292 13918 14187 14887 15966 15865 18429 17322 16438 15914 18914 18334 18070 17982 17832 17872 17956 17762 17822 17403 17026 17157 17160 17498 17211 17195 17257 17330
44 208 14728 14986 15154 14977 16154 14758 14297 13858 14317 14368 14407 13456 13640 12422 13015 12912 13005 13037 13733 12723 12674 13477 12553 12780 16850 18370 18221 17600 16569 16001 15726 18824 18272 18037 18025 17951 17930 17881 17737 17735 17362 17155 17299 17329 17660 17398 17364 17437 17543
36 159 14775 14904 15153 15283 15390 16081 15634 13333 14172 12541 12953 12775 12886 14799 13313 13296 12992 14309 13184 12501 12562 13412 12724 12910 16620 18025 17709 17041 16150 15658 19034 18625 18223 18025 18022 18011 17943 17819 17663 17725 17371 17310 17458 17525 17840 17582 17615 17694 17789
206 103 14738 14828 15137 12788 14874 14573 14668 13228 13955 12222 12258 13252 14593 14755 13697 13605 12659 13841 14660 12346 12387 13202 12847 12950 16685 18022 17417 16796 16009 15509 18834 18516 18271 18084 17996 17990 17914 17797 17595 17776 17391 17447 17766 17953 18010 17758 17748 17908 17993
157 210 14690 14746 15000 12641 12826 14945 14950 13150 13288 13337 12843 14664 13994 14669 13663 13358 13896 15175 13721 14046 12104 13053 11667 13457 14796 18335 17055 16330 15826 15495 18784 18472 18319 18159 18047 17942 17887 17836 17599 17743 17501 17676 17942 18106 18129 17913 17976 18121 18207
427 155 14637 14680 14842 14946 12702 14682 15019 12852 14979 14824 14268 14077 13929 14430 13184 12748 13637 14577 15417 13354 13684 12731 11736 12917 14295 16362 16893 15879 15709 19055 18675 18344 18284 18165 18092 17937 17848 17815 17599 17736 17673 17989 18253 18324 18212 18090 18208 18275 18385
14494 14526 14609 14642 14769 12308 12486 12605 12550 12306 14814 13940 13650 13665 13702 14313 12708 14050 14263 13526 15267 12846 13254 12120 12643 11447 12480 15063 17704 15939 19160 18800 18420 18203 18226 18168 18098 17962 17827 17762 17568 17871 17872 18255 18432 18488 18373 18338 18375 18458 18561
14504 14531 14597 14628 14704 12224 12318 12355 12364 12274 12180 88 14015 13812 13959 14392 15165 13451 13426 12798 12560 12742 13118 11874 11954 11884 12234 11780 13675 13619 18929 18493 18170 18085 18185 18219 18096 17948 17810 17785 17599 17968 18098 15007 15296 18580 18275 18430 18544 18655 18758
14525 14562 14615 14643 14688 12210 12266 12342 12316 12284 12232 12295 51 14356 14200 14619 12708 13086 12992 12967 13019 13078 13428 12185 11846 11465 11751 11655 11192 14396 15431 18597 18202 18030 18116 18228 18153 17990 17730 17903 17797 18127 18393 15422 15378 18366 18185 18552 18761 15273 18995
14547 14596 14622 14627 14668 12159 12212 12226 12215 12226 12229 12245 35 14440 14397 14730 15079 12862 13247 13458 13354 13211 12296 11599 12003 11157 11306 11421 11609 15559 15987 18906 18424 18163 18130 18268 18170 18000 17650 17952 17919 18262 15072 15726 15186 18334 18463 15159 15381 15525 15673
14568 14609 14633 14613 14641 14665 14685 14689 12150 14680 12167 12173 12174 54 14540 14836 14732 12953 12303 12203 13673 11804 11124 11049 11814 10789 10566 10712 10952 15793 16688 15623 18596 18285 18186 18294 18235 18010 17803 18055 18081 18402 15450 15875 15100 18506 15275 15429 15549 15713 15889
14586 14614 14633 14607 14605 14598 14595 14578 14570 14576 14648 14673 14674 62 14700 14781 12491 13866 13133 12953 10964 12311 10677 10831 10425 11374 11781 11816 12230 15023 16837 15748 18647 18391 18311 18346 18200 18120 17979 18278 18207 15093 15664 15888 15099 15153 15461 15598 15675 15860 16141
14593 14623 14634 14593 14565 14550 14528 14472 14474 14496 14591 14624 14648 177 12356 12384 12782 12452 11846 12909 12363 12502 11334 11339 11553 12160 14600 15845 15443 17424 16699 15739 18615 18413 18348 18461 18252 18154 18236 15057 18466 15593 15637 15869 15569 15596 15523 15755 15781 16091 16325
14605 14635 14633 14560 14521 14519 14480 14455 14504 14538 14561 14604 14663 14708 12551 12802 11776 11582 12083 11485 11033 12473 11527 11473 11286 12526 16259 15046 17742 17215 16716 15912 18684 18449 18399 18514 18331 18322 18451 15583 15054 15844 15525 16003 14105 16069 15755 15925 16049 16196 16578
14621 14648 14632 14517 14481 14473 14426 14455 14556 14474 14589 12158 12153 12334 13142 12133 11824 11469 11413 10677 11663 11142 11416 12356 12852 15087 16242 17591 17088 17216 16804 16140 18950 18580 18396 18441 18347 18356 15016 15877 15285 15794 15707 16117 16095 16067 15779 15995 16454 16452 16681
14626 14650 14593 14460 14427 14407 14359 14598 14472 14573 12526 12930 12506 12951 12266 10795 10147 10499 11828 12001 11413 11524 11597 11893 13674 14501 16294 18025 17462 17435 16907 16538 16043 15295 18598 18469 18364 18327 15081 15773 15581 15768 15969 16570 16409 16125 15855 16294 16415 16551 16826
122 132 14549 14390 14341 14291 14366 14595 14250 12736 11824 11901 13523 11959 11660 11053 11857 14903 15622 17010 16819 13616 13026 13823 15579 14599 16090 15635 15447 17940 17256 17000 16617 16067 15463 15090 14947 18453 14853 15398 15652 16122 16415 13577 13559 16333 16187 16460 16563 16727 14036
14551 148 14498 14309 14231 14176 14528 14454 14724 11815 11285 11493 11038 12724 11975 11379 12646 14330 14843 16610 16174 14155 16058 13676 14176 15290 16130 16294 16431 18400 17757 17440 17121 16656 15969 15474 15217 14981 14926 15133 15691 13512 13638 13913 13540 16335 16443 16723 13757 14072 14343
14466 14486 14448 14240 14143 14158 14588 14345 13034 11324 11847 11931 11802 11810 11203 10503 14223 16237 14951 14415 14581 15470 14612 12974 13539 13943 16037 16142 16287 15581 18195 17779 17502 17107 16498 16046 15692 15431 14975 14950 15703 13687 13988 14113 13626 16590 13929 14054 14150 14325 14618
154 137 14399 14188 14131 14215 14630 14513 12123 11912 12285 11141 10990 11055 11737 11585 13965 16042 14739 14752 13488 14273 13612 12390 12809 14100 15679 15590 15820 18386 18252 18048 14701 14344 16902 16489 16270 15976 15476 15067 15465 13935 14217 14322 13763 13847 14302 14296 14473 14653 14932
196 163 14351 14150 14158 14291 14664 14837 10990 11212 11007 10875 11537 11584 10884 10961 13325 13492 15156 12890 13928 12974 12754 12919 12915 13845 15753 15749 18783 15916 16232 16004 15341 14721 14115 13735 13691 16501 16094 15621 15720 13906 14307 14300 13885 14206 14520 14691 14917 15171 15430
215 180 14321 14150 14188 14333 14697 12534 11490 10592 10856 11168 10548 10784 11355 13398 13941 13579 13022 13174 11759 13127 11752 11841 13012 14348 16891 16522 16955 16780 16820 16500 15735 14857 14325 14050 14144 13922 13453 16002 16232 14048 14302 14242 14065 14606 14619 14904 15264 12975 13274
223 190 14300 14179 14204 14380 14713 12771 10484 9803 10028 11400 11678 10976 11836 12684 13861 11748 13423 13469 12097 11855 11969 11862 13153 14698 15618 17376 17391 17055 16657 16157 15654 14913 14427 14361 14482 14330 14101 16442 13454 14195 14272 14504 14350 14683 14367 15084 13140 13441 13627
225 192 14291 14214 14222 14460 14761 13091 10886 9825 9574 10273 10972 12319 12950 12913 12073 11891 13629 13469 12229 12205 11982 12788 12805 14829 15721 15109 15049 14797 16692 15954 15390 14892 14585 14516 14618 14512 14375 13878 13853 14206 14408 14645 14585 14503 14441 12930 13450 13830 14163
220 181 14270 14210 14225 14513 14828 13524 10885 10705 10223 10469 11491 11481 11766 11561 12254 11949 13590 13400 12156 12214 11661 12175 13839 13615 14198 15551 15328 15044 14373 16015 15359 14955 14789 14683 14647 14568 14511 14257 14181 14302 14531 14825 14666 14530 14966 13158 13657 14065 12461
207 158 14247 14172 14222 14524 12368 13518 11825 11432 10819 10187 10260 11178 11644 11552 12211 11819 13499 13385 12092 12019 11425 13182 12321 13840 13147 14043 15542 14928 14193 15940 15367 15008 14777 14670 14605 14523 14596 14502 14330 14427 14611 12400 14669 14689 12741 13299 13780 14215 12632
191 125 14215 14099 14212 14533 12433 12991 11294 10797 11424 11748 11825 11644 12270 12730 11924 13564 11971 13444 11957 11748 12584 13013 12018 13469 12939 14020 13478 14683 13963 15855 15307 14886 14686 14523 14485 14455 14551 14556 14323 14336 14725 12501 14825 12793 13092 13416 13834 12232 12663
172 14192 14214 14110 14204 14551 12348 13329 12125 11456 11967 11971 12073 12238 11719 12338 13687 13344 11872 13535 12102 11582 12250 12840 11831 13132 12685 13866 13244 14563 13894 15762 15282 14790 14509 14364 14334 14367 14381 14516 14492 14598 14823 12578 12760 13084 13258 13535 14041 12382 12724
147 14209 14232 14165 14226 14470 14801 12867 11764 12235 12781 13054 13228 13152 12714 13791 13370 13241 13329 13487 12056 11493 12106 12538 12736 12659 12341 13558 13009 14374 13637 15574 15056 14635 14324 14149 14158 14234 14330 14435 14652 12323 12598 12820 13067 13184 13372 13628 12121 12401 12733
14140 14245 14268 14271 14235 14214 14197 14584 12864 12327 12213 12451 12491 12569 13936 13734 13520 11753 13248 13418 12090 11513 12092 11079 12527 12403 12016 13089 12560 13922 13346 15388 14922 14551 14275 14078 14018 13930 14143 14335 12334 12735 13080 13297 13437 13465 13576 11805 12161 12381 12647
14193 14263 14284 14323 14239 14102 13809 14201 15003 11960 13793 13940 13950 13804 13603 11837 12001 12109 13391 13419 12120 11509 12073 11058 11056 12257 11910 12848 14264 13633 13101 15164 14726 14494 14284 14079 13969 13894 13878 14475 12544 12971 13299 11485 11580 11595 11683 11801 12080 12347 12549
14240 14280 14295 14347 14268 14129 13789 14205 14853 13603 13402 13663 13678 13620 12478 12027 11892 12094 12306 13525 12152 11568 12093 11021 10996 12153 11838 12768 14031 13443 15394 14942 14565 14516 14379 14242 14069 13972 14243 14788 12738 13140 13395 11571 11676 11728 11833 11892 11940 12200 12387
