---
Cu Potential [ft] Valid 0400 PST ~Z75~(1200Z)~Z~ MON 22 May 2017 ~Z75~[12hrFcst@1225z]~Z~
Model= RASP Region= PANOCHE Grid= d2 Reskm= 4.0 Indexs= 1 51 1 69 Proj= lambert 4000 4000 40.0000 40.0000 -73.0000 36.6487 -121.0445
Day= 2017 5 22 MON ValidLST= 400 PST ValidZ= 1200 Fcst= 12.0 Init= 12 Param= zsfclcldif Unit= ft Mult= 1 Min= -9170 Max= -139
-145 -145 -145 -163 -234 -346 -475 -618 -729 -1112 -1724 -1989 -2862 -6184 -8730 -7577 -5090 -4855 -5448 -4806 -4828 -4853 -4579 -4693 -5425 -6899 -7988 -8016 -7970 -6695 -6008 -6138 -5658 -5704 -5713 -5946 -6413 -6452 -6266 -6078 -5888 -5169 -4487 -4372 -4251 -4275 -4526 -4751 -4862 -4971 -5143
-145 -146 -146 -156 -218 -345 -492 -657 -1029 -1689 -2184 -2051 -3370 -6536 -8076 -7037 -4799 -4574 -4784 -4025 -4247 -4516 -4568 -4862 -5234 -6566 -7988 -7993 -7978 -7476 -7482 -6830 -5700 -5706 -5639 -5864 -6373 -6519 -6338 -6150 -5690 -4980 -4577 -4457 -4333 -4310 -4464 -4611 -4693 -4878 -5135
-146 -146 -147 -151 -200 -329 -494 -677 -1260 -1936 -2269 -2074 -3459 -6355 -7407 -5723 -3757 -3756 -4203 -4370 -4329 -4271 -4825 -5432 -5418 -6060 -7249 -7773 -7986 -7990 -7964 -6587 -5532 -5772 -5750 -5736 -6123 -6527 -6406 -6215 -5494 -4800 -4676 -4553 -4425 -4361 -4436 -4569 -4680 -4851 -5097
-146 -147 -148 -151 -180 -300 -482 -682 -1275 -1962 -2319 -2093 -3558 -6370 -7159 -5492 -4290 -4537 -5008 -5081 -4498 -4601 -5377 -5702 -5323 -5378 -6029 -6657 -7448 -7978 -7870 -6831 -5845 -5811 -5771 -5633 -5980 -6489 -6475 -6283 -5584 -4916 -4791 -4668 -4533 -4441 -4460 -4569 -4683 -4782 -4952
-147 -148 -149 -153 -160 -262 -454 -672 -1269 -1927 -2148 -2193 -4062 -6560 -6793 -5878 -5487 -5710 -5938 -5808 -5607 -5865 -5869 -5400 -5807 -6599 -6159 -5666 -6858 -7954 -7884 -7574 -6544 -5789 -5691 -5777 -6074 -6408 -6542 -6359 -5691 -5048 -4914 -4776 -4619 -4523 -4502 -4545 -4642 -4708 -4840
-147 -148 -149 -153 -151 -227 -412 -647 -1049 -1500 -1626 -2811 -5472 -6975 -6645 -5708 -4928 -5219 -5846 -6088 -6335 -6369 -5575 -5444 -7001 -8003 -6903 -5753 -6851 -7916 -7951 -7787 -7304 -6440 -5776 -6188 -6299 -6338 -6613 -6207 -5568 -5174 -5013 -4843 -4676 -4587 -4546 -4524 -4594 -4653 -4767
-148 -149 -150 -152 -152 -196 -356 -607 -821 -1049 -1371 -3784 -6954 -7641 -7120 -6578 -5652 -5137 -5552 -5999 -6246 -5989 -5242 -6166 -7669 -7932 -7142 -6141 -6957 -7810 -7839 -7710 -7894 -7146 -6220 -7032 -6825 -6423 -6677 -6036 -5401 -5243 -5067 -4875 -4724 -4643 -4579 -4516 -4551 -4613 -4711
-148 -149 -150 -151 -153 -177 -338 -628 -1038 -1316 -2077 -5121 -7911 -7962 -7428 -7377 -6503 -5337 -5444 -5895 -5963 -5273 -5009 -6619 -7815 -7857 -7231 -6824 -7420 -7668 -7683 -7905 -8257 -7246 -6967 -7948 -7031 -6428 -6470 -5828 -5423 -5260 -5084 -4894 -4762 -4686 -4607 -4531 -4520 -4591 -4674
-148 -149 -155 -174 -212 -276 -450 -747 -1356 -1662 -3071 -6490 -8338 -7514 -6987 -7127 -5626 -4772 -5521 -5776 -5222 -4342 -4774 -6600 -7734 -7782 -7427 -7327 -7640 -7637 -7616 -7629 -8090 -7314 -7346 -7945 -6757 -6477 -6233 -5600 -5431 -5265 -5090 -4916 -4803 -4731 -4653 -4573 -4506 -4531 -4600
-157 -178 -215 -279 -369 -485 -651 -1074 -1695 -1895 -4068 -7407 -8051 -6779 -6280 -6567 -4803 -4165 -5409 -5615 -4671 -3838 -4755 -6587 -7632 -7683 -7711 -7487 -7473 -7597 -7717 -7610 -7837 -7289 -7052 -7173 -6548 -6661 -6218 -5613 -5443 -5272 -5103 -4953 -4856 -4782 -4710 -4646 -4541 -4465 -4498
-203 -259 -338 -437 -556 -696 -1018 -1607 -2069 -2993 -5915 -8288 -7622 -6074 -5004 -5190 -4805 -4511 -5293 -5494 -4790 -4029 -5066 -6836 -7529 -7564 -7615 -7484 -7441 -7545 -7578 -7526 -7788 -7271 -6662 -6654 -6573 -6667 -6169 -5623 -5462 -5290 -5127 -5000 -4916 -4832 -4754 -4711 -4634 -4509 -4456
-277 -360 -464 -587 -732 -1052 -1579 -2039 -2077 -4358 -7865 -8650 -7082 -5455 -4642 -4771 -5144 -5022 -5169 -5407 -4918 -4575 -5926 -7253 -7455 -7440 -7420 -7374 -7294 -7343 -7371 -7454 -7734 -7432 -6810 -6616 -6643 -6570 -6106 -5660 -5508 -5323 -5179 -5069 -4986 -4892 -4793 -4736 -4712 -4638 -4533
-344 -448 -576 -720 -887 -1413 -2008 -2301 -2168 -4993 -8435 -8086 -6337 -5264 -5410 -5048 -4366 -4577 -5066 -5240 -4748 -5026 -6640 -7428 -7437 -7387 -7406 -7344 -7357 -7459 -7550 -7681 -7650 -7492 -7076 -6725 -6627 -6499 -6187 -5905 -5692 -5422 -5267 -5157 -5066 -4974 -4858 -4756 -4726 -4708 -4630
-393 -519 -670 -841 -1199 -1793 -2277 -2246 -2953 -5898 -8143 -7577 -6136 -5550 -4887 -3920 -3591 -4192 -4995 -4802 -4440 -5354 -6851 -7375 -7429 -7409 -7406 -7149 -7357 -7779 -7703 -7661 -7528 -7345 -7019 -6733 -6614 -6481 -6331 -6166 -5897 -5565 -5363 -5241 -5144 -5053 -4941 -4815 -4721 -4691 -4680
-424 -572 -747 -1097 -1668 -2172 -2530 -3066 -5064 -7324 -8054 -7666 -6503 -5474 -4404 -3498 -3262 -4009 -4927 -4862 -4432 -5298 -6840 -7351 -7400 -7413 -7363 -6909 -6872 -7462 -7656 -7549 -7387 -7228 -6994 -6757 -6607 -6481 -6378 -6188 -5943 -5695 -5466 -5325 -5215 -5095 -4977 -4860 -4736 -4689 -4758
-436 -608 -805 -1345 -1969 -2370 -2750 -4152 -6667 -7978 -7979 -7479 -6300 -4801 -4491 -4167 -3711 -4259 -4841 -5347 -4643 -5023 -6755 -7348 -7384 -7401 -7340 -6956 -6785 -7141 -7402 -7403 -7251 -7090 -6933 -6746 -6583 -6472 -6378 -6084 -5871 -5784 -5547 -5362 -5216 -5064 -4939 -4838 -4722 -4675 -4810
-432 -626 -846 -1426 -2098 -2544 -2877 -4437 -6911 -7900 -7805 -6756 -5429 -4462 -4450 -5142 -5776 -5312 -4910 -5532 -4860 -4922 -6394 -7218 -7376 -7398 -7335 -7185 -7137 -7142 -7184 -7237 -7066 -6895 -6760 -6653 -6544 -6447 -6351 -6123 -5888 -5727 -5501 -5294 -5128 -4973 -4865 -4791 -4663 -4602 -4808
-411 -626 -867 -1484 -2200 -2690 -2641 -4710 -7519 -7911 -7436 -5712 -4273 -4495 -4784 -5890 -7280 -5896 -5055 -5749 -5220 -4786 -5632 -6856 -7377 -7399 -7340 -7319 -7278 -7142 -7108 -7134 -7086 -6991 -6725 -6540 -6488 -6401 -6299 -6192 -5841 -5498 -5346 -5164 -5014 -4874 -4773 -4731 -4640 -4589 -4815
-372 -607 -870 -1518 -2274 -2800 -2935 -5419 -8069 -8067 -7073 -5068 -3995 -4892 -5197 -6097 -7291 -6076 -5618 -6011 -5590 -4883 -5431 -6828 -7399 -7396 -7359 -7357 -7223 -7060 -7057 -7167 -7292 -7192 -6767 -6455 -6416 -6332 -6225 -6104 -5634 -5236 -5162 -5011 -4885 -4765 -4668 -4635 -4619 -4643 -4839
-320 -573 -863 -1548 -2336 -2880 -3937 -6468 -8184 -8161 -7374 -5355 -4524 -5239 -5952 -7085 -6749 -5988 -6316 -6294 -5872 -5105 -5492 -6844 -7427 -7396 -7363 -7337 -7168 -7070 -7164 -7288 -7367 -7130 -6663 -6437 -6353 -6249 -6144 -6022 -5507 -5016 -4933 -4840 -4741 -4637 -4551 -4501 -4491 -4561 -4761
-278 -541 -864 -1590 -2405 -2940 -4539 -7032 -8138 -8188 -7682 -5776 -4949 -5239 -6569 -8056 -6943 -6281 -6660 -6594 -6050 -5184 -5567 -6885 -7440 -7391 -7343 -7313 -7241 -7212 -7283 -7343 -7220 -6879 -6554 -6428 -6293 -6165 -6060 -5942 -5612 -5005 -4678 -4676 -4638 -4562 -4448 -4357 -4314 -4354 -4566
-266 -513 -863 -1632 -2479 -3016 -4261 -6680 -8073 -8179 -8083 -6715 -5421 -5694 -7197 -7460 -6860 -7050 -7024 -6925 -6257 -5259 -6001 -7303 -7448 -7361 -7313 -7298 -7203 -7107 -7206 -7236 -7036 -6724 -6525 -6388 -6221 -6090 -5981 -5864 -5729 -5058 -4481 -4512 -4556 -4545 -4395 -4265 -4229 -4275 -4477
-273 -480 -841 -1664 -2554 -3107 -3465 -5805 -8001 -8036 -8332 -8117 -7187 -7313 -8216 -7451 -6958 -7475 -7417 -7291 -6476 -5420 -6136 -7329 -7424 -7307 -7280 -7264 -7070 -6961 -7178 -7112 -6890 -6703 -6507 -6344 -6152 -6032 -5919 -5796 -5656 -4966 -4310 -4301 -4390 -4443 -4334 -4192 -4161 -4287 -4538
-299 -456 -800 -1445 -2389 -3187 -3191 -5474 -7949 -7955 -8214 -8704 -8879 -8607 -8522 -8219 -7949 -7944 -7848 -7691 -6830 -5840 -5888 -6809 -7359 -7259 -7272 -7260 -7096 -7100 -7266 -7133 -6940 -6729 -6487 -6310 -6101 -5991 -5875 -5741 -5591 -4876 -4116 -4072 -4191 -4263 -4217 -4072 -4040 -4261 -4615
-341 -440 -738 -1190 -2201 -3254 -4217 -6391 -7713 -7895 -8380 -8503 -8345 -8384 -8083 -7967 -8407 -8400 -8168 -7892 -7184 -6313 -6180 -6853 -7286 -7246 -7273 -7276 -7229 -7243 -7283 -7268 -7175 -6821 -6427 -6233 -6077 -5972 -5845 -5696 -5533 -4790 -3957 -3887 -4021 -4100 -4102 -3980 -3975 -4287 -4664
-383 -443 -682 -1134 -2223 -3281 -5418 -7459 -7365 -7565 -7819 -7490 -7340 -7795 -7704 -7653 -8389 -8528 -8182 -7805 -7132 -6490 -6767 -7199 -7210 -7227 -7248 -7266 -7221 -7123 -7119 -7252 -7208 -6790 -6361 -6180 -6081 -5963 -5817 -5653 -5479 -4708 -3842 -3742 -3873 -3979 -4042 -3921 -3864 -4107 -4626
-421 -475 -649 -1054 -2232 -3329 -5710 -7621 -7134 -7101 -6973 -6639 -6904 -7788 -7931 -7629 -8133 -8348 -8014 -7544 -6763 -6602 -7005 -7053 -7075 -7164 -7234 -7212 -7045 -6923 -6954 -7050 -6914 -6563 -6315 -6183 -6076 -5940 -5780 -5610 -5157 -4363 -3775 -3655 -3764 -3884 -3982 -3866 -3762 -4198 -4920
-456 -516 -616 -953 -1844 -3047 -5775 -7501 -6990 -6910 -6738 -6591 -7185 -7993 -7998 -7947 -8215 -8159 -7839 -7285 -6569 -6415 -6570 -6604 -6843 -7125 -7236 -7122 -6957 -6916 -6855 -6737 -6529 -6329 -6250 -6160 -6045 -5902 -5734 -5556 -4838 -4058 -3772 -3625 -3678 -3784 -3870 -3805 -3757 -4520 -5317
-488 -553 -621 -884 -1403 -2719 -5804 -7431 -7111 -7298 -7408 -7575 -7788 -7570 -7525 -8090 -8271 -7981 -7657 -7244 -6725 -6240 -6075 -6307 -6732 -7116 -7160 -6967 -6873 -6794 -6567 -6378 -6262 -6203 -6207 -6126 -5992 -5833 -5655 -5474 -4788 -4050 -3787 -3600 -3594 -3689 -3745 -3703 -4025 -4827 -5351
-515 -590 -665 -844 -1276 -2207 -5312 -7410 -7177 -7505 -8000 -8463 -7672 -7252 -7382 -7560 -8075 -7796 -7458 -7043 -6557 -6391 -6277 -6289 -6664 -7037 -7075 -6813 -6627 -6452 -6294 -6220 -6157 -6121 -6124 -6041 -5893 -5726 -5549 -5376 -4724 -4027 -3788 -3582 -3531 -3606 -3652 -3617 -4272 -5103 -5276
-536 -599 -644 -758 -1130 -2575 -5730 -7385 -7116 -7211 -7463 -7998 -7798 -7732 -7839 -7672 -7851 -7587 -6864 -6569 -6638 -6607 -6338 -6180 -6625 -6965 -6960 -6625 -6337 -6244 -6356 -6387 -6124 -5945 -5962 -5900 -5774 -5613 -5444 -5279 -4652 -3989 -3773 -3576 -3494 -3539 -3593 -3572 -4217 -5014 -5160
-514 -566 -614 -705 -1007 -3762 -7024 -7487 -7171 -6985 -6909 -7536 -8201 -7864 -7906 -7998 -7606 -7358 -6698 -6683 -6972 -6718 -6207 -6213 -6828 -6899 -6632 -6362 -6167 -6288 -6598 -6644 -6215 -5821 -5779 -5772 -5670 -5505 -5341 -4969 -4356 -3933 -3739 -3565 -3466 -3477 -3529 -3517 -4140 -4902 -5096
-491 -562 -646 -740 -1333 -4490 -7495 -7655 -7245 -6941 -6900 -7470 -7805 -7389 -7238 -7389 -7339 -6958 -6868 -7022 -6871 -6625 -6118 -6261 -6978 -6803 -6342 -6250 -6230 -6377 -6663 -6737 -6476 -5921 -5612 -5646 -5559 -5398 -5028 -4440 -4044 -3859 -3688 -3536 -3437 -3439 -3513 -3583 -4138 -4825 -5096
-511 -601 -691 -789 -2097 -5468 -7717 -7665 -7409 -7344 -7478 -7838 -7671 -7397 -7126 -6976 -7079 -6285 -6383 -7004 -6787 -6543 -6098 -6285 -6925 -6714 -6389 -6520 -6543 -6292 -6271 -6544 -6250 -5619 -5474 -5518 -5437 -5076 -4485 -4102 -3930 -3768 -3620 -3490 -3400 -3430 -3559 -3716 -4156 -4717 -5059
-537 -633 -731 -827 -2715 -6298 -8000 -7788 -7690 -7913 -8049 -8128 -7855 -7728 -7345 -6864 -6832 -5656 -5889 -7020 -6812 -6561 -6298 -6382 -6635 -6536 -6594 -6908 -6862 -6253 -5898 -5919 -5463 -5190 -5367 -5396 -5088 -4505 -4117 -3951 -3800 -3659 -3533 -3425 -3356 -3403 -3538 -3679 -4065 -4605 -5020
-557 -660 -765 -851 -2931 -6580 -8240 -8122 -8090 -8151 -7897 -7938 -8021 -7906 -7069 -6463 -6522 -5561 -5981 -7124 -6916 -6622 -6484 -6445 -6431 -6458 -6671 -6989 -7016 -6640 -6078 -5811 -5359 -5022 -5244 -5283 -4719 -4105 -3931 -3786 -3652 -3529 -3448 -3394 -3354 -3376 -3474 -3615 -4049 -4637 -5073
-570 -681 -794 -883 -2730 -6400 -8370 -8378 -8349 -7917 -7345 -7674 -8124 -7812 -6577 -5899 -6013 -5582 -6225 -7189 -6979 -6061 -5386 -5945 -6497 -6554 -6659 -6879 -7033 -6997 -6499 -6349 -5809 -4955 -5103 -5190 -4572 -3904 -3727 -3600 -3516 -3459 -3426 -3411 -3389 -3383 -3444 -3590 -4128 -4794 -5195
-578 -696 -817 -934 -1741 -5217 -8400 -8793 -8381 -7455 -7011 -7599 -8214 -7642 -6062 -5220 -5390 -5576 -6435 -7160 -6728 -5499 -4491 -5413 -6552 -6639 -6694 -6786 -6948 -6994 -6405 -6267 -6048 -5098 -4992 -5112 -4436 -3700 -3561 -3520 -3477 -3443 -3404 -3390 -3374 -3356 -3391 -3494 -4165 -4991 -5357
-580 -706 -834 -969 -1321 -4355 -8262 -9170 -8168 -7107 -6903 -7498 -8120 -6536 -4739 -4615 -4472 -5424 -6865 -7138 -5938 -4903 -4576 -5356 -6602 -6710 -6760 -6758 -6855 -6537 -5528 -5427 -5461 -4901 -4978 -5037 -4295 -3530 -3487 -3495 -3414 -3364 -3310 -3283 -3289 -3312 -3375 -3821 -4611 -5216 -5535
-576 -709 -846 -987 -1704 -3981 -7380 -8592 -7114 -6222 -5900 -6088 -6481 -4794 -3637 -4051 -4067 -5567 -7096 -7061 -5168 -4045 -4395 -5077 -6372 -6782 -6872 -6810 -6787 -6008 -4872 -4680 -4645 -4738 -5027 -4991 -4212 -3408 -3385 -3366 -3239 -3209 -3187 -3176 -3226 -3312 -3417 -4305 -5212 -5467 -5692
-565 -706 -844 -970 -1624 -2580 -4813 -5911 -4519 -4214 -4016 -3477 -3569 -3519 -3439 -3485 -4226 -6049 -7073 -6928 -5212 -3718 -4024 -4799 -6043 -6862 -6998 -6909 -6540 -5485 -4616 -4516 -4660 -4986 -5101 -5032 -4223 -3336 -3219 -3177 -3073 -3038 -3067 -3116 -3200 -3307 -3913 -4948 -5542 -5765 -5895
-538 -666 -783 -884 -1217 -1320 -1963 -2638 -2284 -2261 -2326 -1952 -2169 -2807 -3013 -2958 -3817 -5887 -7000 -6754 -4887 -3085 -3293 -4603 -6214 -6974 -7085 -7009 -6134 -5263 -4830 -4502 -4816 -5185 -5213 -5131 -4661 -3703 -3073 -2992 -2948 -2908 -2962 -3049 -3153 -3281 -4445 -5625 -5857 -6118 -6180
-475 -581 -675 -761 -837 -891 -852 -1408 -1658 -1473 -1738 -1848 -2135 -2472 -2580 -2503 -3020 -5185 -6743 -5927 -3700 -2603 -2883 -4192 -6248 -7052 -7121 -7069 -6155 -5705 -5401 -4655 -4948 -5343 -5334 -5238 -5125 -4101 -2985 -2885 -2870 -2810 -2852 -2959 -3085 -3234 -4550 -5887 -6148 -6426 -6404
-398 -489 -575 -649 -714 -770 -760 -1067 -1117 -1125 -1602 -1819 -1951 -2091 -2163 -2103 -2166 -3730 -4879 -3742 -2603 -2558 -2777 -3244 -5273 -6938 -7111 -7095 -6013 -5596 -5550 -4986 -5312 -5537 -5468 -5354 -5226 -4133 -2946 -2802 -2783 -2730 -2739 -2851 -2998 -3168 -4635 -6127 -6265 -6389 -6479
-331 -410 -485 -548 -602 -646 -661 -646 -684 -801 -1074 -1307 -1521 -1742 -1771 -1677 -1599 -2241 -2382 -1802 -1898 -2318 -2705 -2638 -4283 -6495 -6979 -6962 -6008 -5658 -5707 -5439 -5703 -5708 -5605 -5475 -5336 -4174 -2917 -2675 -2655 -2695 -2661 -2733 -2891 -3082 -4694 -6190 -5680 -5433 -6051
-272 -341 -404 -456 -499 -533 -558 -574 -583 -626 -707 -784 -990 -1185 -1285 -1198 -1144 -1330 -1264 -1256 -1664 -2295 -2793 -2757 -3979 -5916 -6547 -6603 -6368 -5839 -5464 -5577 -5827 -5845 -5732 -5597 -5452 -4222 -2897 -2591 -2574 -2687 -2666 -2666 -2761 -2972 -4719 -5766 -4689 -4458 -5272
-226 -281 -330 -371 -403 -429 -443 -448 -444 -458 -511 -581 -643 -685 -761 -731 -846 -942 -1000 -1306 -1849 -2543 -2740 -3214 -4556 -5616 -6024 -6356 -6577 -6229 -5359 -5146 -5721 -5961 -5862 -5722 -5573 -4861 -3477 -2567 -2514 -2630 -2671 -2708 -2732 -2880 -4692 -5627 -4671 -4560 -5245
-193 -232 -269 -299 -320 -332 -336 -330 -316 -301 -327 -386 -460 -550 -594 -759 -1108 -1242 -1804 -2021 -2118 -2730 -3140 -4491 -5779 -5973 -5976 -6329 -6813 -7016 -6435 -5403 -5512 -6058 -6000 -5854 -5699 -5532 -4087 -2552 -2458 -2605 -2625 -2606 -2680 -2869 -4666 -6147 -5905 -5846 -6292
-170 -197 -220 -237 -247 -248 -243 -231 -210 -190 -223 -318 -453 -607 -844 -1235 -1437 -2032 -3493 -2974 -2234 -2815 -3745 -5418 -6364 -6409 -5969 -6201 -6880 -7143 -7181 -5981 -5440 -6150 -6145 -5995 -5835 -5657 -4147 -2567 -2416 -2580 -2594 -2450 -2594 -2898 -4663 -6407 -6709 -6921 -7108
-155 -173 -185 -191 -192 -185 -175 -172 -179 -202 -271 -412 -594 -840 -1167 -1518 -1503 -2794 -4366 -3254 -2549 -3216 -4278 -5811 -6582 -6580 -6065 -6298 -6967 -7110 -7208 -6040 -5471 -6235 -6286 -6141 -5962 -5756 -4225 -2656 -2423 -2509 -2679 -2665 -2701 -3595 -5309 -6326 -6646 -6968 -7115
-146 -156 -161 -160 -159 -166 -175 -204 -254 -321 -403 -544 -822 -1153 -1343 -1571 -1647 -3136 -3751 -2653 -2917 -3697 -5015 -6353 -6768 -6744 -6450 -6475 -6783 -6991 -7268 -6036 -5426 -6286 -6368 -6207 -6009 -5794 -4305 -2787 -2530 -2568 -2950 -3138 -2923 -3595 -5254 -6215 -6547 -6879 -6856
-143 -146 -150 -153 -165 -195 -238 -296 -366 -448 -540 -764 -1131 -1371 -1332 -1486 -2682 -4544 -4107 -2946 -3368 -3960 -5359 -6571 -6718 -6754 -6701 -6489 -6533 -6934 -7318 -6825 -5920 -6012 -6326 -6172 -5988 -5796 -4369 -2907 -2657 -2637 -3061 -3385 -3061 -2909 -4534 -6131 -6468 -6790 -6711
-142 -145 -154 -171 -201 -251 -312 -384 -469 -565 -755 -1059 -1311 -1389 -1515 -2687 -4973 -6358 -4702 -3309 -3815 -4255 -5473 -6592 -6774 -6770 -6842 -6742 -6766 -7049 -7298 -7578 -6650 -5724 -6025 -6114 -5960 -5786 -4416 -3012 -2776 -2625 -2831 -3173 -3012 -2921 -4506 -6069 -6397 -6733 -6765
-142 -146 -160 -189 -236 -302 -376 -462 -559 -712 -871 -1028 -1210 -1257 -1918 -4474 -6707 -6862 -4712 -3301 -4030 -4506 -5567 -6659 -6961 -6880 -6886 -7017 -7119 -7155 -7242 -7477 -7323 -5892 -5453 -6050 -5924 -5766 -4450 -3101 -2882 -2678 -2627 -2821 -2857 -2916 -4463 -5983 -6300 -6643 -6733
-142 -144 -160 -201 -262 -342 -429 -530 -617 -818 -1069 -1099 -1053 -1093 -2251 -5182 -7017 -6775 -5004 -3750 -4220 -4595 -5524 -6639 -7016 -6987 -6984 -7130 -7257 -7230 -7217 -7374 -7695 -6538 -5603 -5976 -5881 -5735 -4472 -3175 -2972 -2785 -2632 -2672 -2747 -2892 -4406 -5888 -6198 -6543 -6558
-142 -142 -157 -204 -278 -370 -472 -586 -722 -1216 -2176 -2027 -1170 -1324 -2967 -5624 -6955 -5948 -4241 -3842 -4327 -4355 -5289 -6655 -6982 -7042 -7056 -7138 -7276 -7259 -7209 -7286 -7567 -7198 -6237 -5892 -5828 -5690 -4477 -3234 -3050 -2877 -2727 -2730 -2885 -3003 -4344 -5793 -6041 -6236 -6066
-145 -142 -153 -198 -285 -388 -503 -628 -767 -2127 -4425 -3978 -1835 -2146 -4140 -6003 -6803 -5025 -3501 -3933 -4314 -4327 -5402 -6745 -6946 -7033 -7037 -7110 -7264 -7264 -7227 -7248 -7492 -7269 -6283 -5810 -5762 -5635 -4468 -3276 -3111 -2956 -2818 -2860 -3187 -3206 -4278 -5621 -5730 -5705 -5561
-146 -142 -146 -185 -278 -394 -523 -648 -847 -3034 -6109 -5643 -2803 -3172 -5224 -5893 -5693 -4211 -3542 -3967 -4279 -4463 -5638 -6832 -6925 -7016 -7054 -7152 -7297 -7332 -7372 -7329 -7459 -6907 -5930 -5746 -5688 -5572 -4450 -3304 -3154 -3019 -2897 -2927 -3278 -3268 -4229 -5531 -5630 -5508 -5264
-146 -142 -143 -169 -260 -388 -531 -648 -1044 -3667 -6551 -5880 -3433 -4228 -6154 -5159 -3696 -3286 -3564 -3916 -4235 -4114 -5330 -6868 -6929 -7020 -7106 -7223 -7378 -7437 -7457 -7363 -7482 -6202 -5209 -5682 -5606 -5039 -3955 -3320 -3185 -3070 -2978 -2947 -3109 -3201 -4258 -5517 -5682 -5446 -5023
-146 -142 -143 -156 -235 -372 -528 -714 -1250 -3731 -6362 -5609 -4407 -5668 -6746 -4455 -2487 -3009 -3430 -3801 -4121 -3804 -5099 -6863 -6905 -6991 -7102 -7249 -7421 -7463 -7336 -7251 -7527 -6078 -5022 -5588 -5071 -4058 -3450 -3314 -3198 -3107 -3047 -3014 -3018 -3199 -4320 -5426 -5486 -5474 -5756
-146 -143 -144 -146 -208 -343 -506 -699 -1534 -3619 -5863 -5823 -5759 -6797 -6479 -3904 -2279 -2908 -3271 -3662 -4002 -4037 -5410 -6867 -6865 -6948 -7076 -7225 -7377 -7428 -7249 -7191 -6592 -5571 -5403 -5487 -4525 -3525 -3389 -3276 -3189 -3124 -3088 -3082 -3085 -3202 -4259 -5349 -5210 -5780 -6917
-146 -143 -144 -142 -180 -295 -453 -561 -1674 -3833 -5926 -6289 -6357 -7078 -6113 -3494 -2194 -2725 -3108 -3501 -3880 -3944 -5371 -6916 -6870 -6898 -7040 -7183 -7320 -7376 -7232 -6615 -5243 -4946 -5490 -4957 -3955 -3399 -3292 -3211 -3156 -3122 -3113 -3130 -3161 -3215 -3798 -4893 -5063 -5871 -7204
-146 -143 -144 -142 -157 -240 -385 -466 -1374 -3392 -5247 -5519 -6101 -7172 -6347 -3604 -2028 -2545 -2932 -3327 -3579 -3656 -5119 -6771 -6884 -6868 -7016 -7156 -7268 -7249 -7206 -5800 -4753 -5306 -5456 -4418 -3353 -3246 -3171 -3122 -3099 -3099 -3122 -3165 -3224 -3310 -3454 -4460 -5062 -5726 -6980
-146 -142 -143 -142 -146 -199 -322 -406 -932 -2401 -3619 -4094 -5842 -7412 -6095 -3213 -1911 -2360 -2743 -3135 -3191 -4404 -6258 -6895 -6978 -6918 -6961 -7068 -7164 -7122 -7200 -5573 -4661 -5459 -5402 -4302 -3171 -3074 -3030 -3011 -3020 -3052 -3106 -3182 -3273 -3385 -3882 -4785 -5056 -5538 -6704
-145 -142 -142 -141 -144 -171 -268 -374 -632 -1634 -2566 -3608 -5879 -6757 -4453 -2126 -1778 -2172 -2544 -2926 -3015 -4931 -7023 -6117 -5454 -5594 -5637 -6045 -6692 -7087 -7106 -5674 -4861 -5420 -5339 -4181 -2988 -2890 -2867 -2878 -2917 -2978 -3062 -3172 -3295 -3433 -4269 -5013 -4895 -5378 -6518
-144 -142 -142 -141 -144 -152 -219 -339 -448 -998 -2088 -4096 -6154 -5404 -2715 -1421 -1614 -1972 -2329 -2702 -2947 -3815 -4783 -4209 -4374 -5246 -5433 -5908 -6643 -7127 -6316 -5230 -5210 -5369 -5278 -4052 -2806 -2702 -2683 -2724 -2789 -2877 -2990 -3129 -3281 -3448 -4275 -4944 -4800 -5206 -6290
-142 -141 -141 -140 -143 -143 -185 -291 -402 -602 -1990 -5112 -7052 -5103 -2104 -1229 -1485 -1766 -2087 -2445 -2734 -3270 -3618 -3430 -4025 -5364 -6139 -6475 -6920 -6425 -5008 -4823 -5336 -5295 -5199 -3912 -2616 -2503 -2480 -2547 -2638 -2753 -2893 -3061 -3244 -3446 -4286 -5023 -5000 -4985 -5402
-141 -141 -141 -140 -140 -142 -163 -242 -365 -457 -1945 -5548 -7567 -5270 -2070 -1186 -1401 -1591 -1837 -2159 -2335 -4070 -5667 -4086 -3112 -4165 -4963 -5181 -6172 -5892 -4589 -4888 -5255 -5199 -4473 -3135 -2419 -2308 -2275 -2349 -2465 -2606 -2773 -2969 -3185 -3413 -4294 -5103 -5176 -4958 -4840
-141 -141 -140 -140 -139 -142 -148 -201 -311 -408 -1359 -4534 -6653 -4617 -1816 -1100 -1304 -1438 -1610 -1879 -2284 -4797 -7042 -4675 -3029 -3532 -3473 -3477 -5310 -6180 -4869 -4898 -5166 -5090 -3707 -2323 -2216 -2118 -2130 -2224 -2304 -2439 -2636 -2857 -3094 -3332 -4269 -4996 -4944 -4973 -5009
