---
Cu Potential [ft] Valid 0700 PST ~Z75~(1500Z)~Z~ MON 22 May 2017 ~Z75~[15hrFcst@1228z]~Z~
Model= RASP Region= PANOCHE Grid= d2 Reskm= 4.0 Indexs= 1 51 1 69 Proj= lambert 4000 4000 40.0000 40.0000 -73.0000 36.6487 -121.0445
Day= 2017 5 22 MON ValidLST= 700 PST ValidZ= 1500 Fcst= 15.0 Init= 12 Param= zsfclcldif Unit= ft Mult= 1 Min= -7684 Max= 140
-201 -237 -187 -154 -178 -165 -137 -308 -1062 -2533 -3430 -4219 -4701 -5071 -5240 -5207 -5298 -5445 -5714 -5914 -5980 -6001 -6056 -6180 -6383 -6515 -6560 -6663 -6619 -6687 -6770 -6841 -6916 -6961 -6933 -6859 -6704 -6551 -6306 -6007 -5755 -5589 -5582 -5413 -5129 -4655 -4455 -4477 -4718 -4982 -5282
-253 -303 -231 -140 -66 -151 -156 -305 -974 -2246 -3287 -3997 -4563 -4928 -5126 -5108 -5198 -5334 -5601 -5765 -5877 -5915 -6031 -6224 -6456 -6605 -6654 -6714 -6715 -6732 -6800 -6867 -6903 -6959 -6912 -6830 -6691 -6520 -6288 -6018 -5785 -5611 -5590 -5403 -5140 -4717 -4521 -4478 -4655 -4883 -5175
-322 -328 -254 -84 -6 -123 -208 -390 -956 -2018 -2989 -3782 -4429 -4804 -5043 -5043 -5121 -5213 -5383 -5558 -5725 -5856 -6050 -6291 -6554 -6704 -6770 -6795 -6781 -6772 -6810 -6852 -6882 -6929 -6865 -6810 -6671 -6511 -6308 -6062 -5835 -5642 -5568 -5380 -5148 -4819 -4631 -4549 -4649 -4809 -5085
-335 -344 -250 -8 50 -24 -252 -448 -692 -1460 -2752 -3758 -4440 -4723 -4926 -5016 -5053 -5045 -5011 -5180 -5464 -5798 -6161 -6464 -6701 -6819 -6888 -6865 -6828 -6778 -6782 -6806 -6826 -6862 -6788 -6777 -6674 -6542 -6371 -6154 -5923 -5704 -5515 -5342 -5181 -5047 -4792 -4712 -4709 -4771 -4991
-345 -357 -255 18 40 -5 -35 93 23 -328 -2734 -4165 -4896 -4699 -4640 -4817 -5002 -4716 -4366 -4338 -4959 -5683 -6322 -6733 -6971 -7056 -7078 -7022 -6870 -6718 -6726 -6712 -6740 -6671 -6674 -6743 -6614 -6541 -6381 -6133 -5880 -5700 -5539 -5431 -5286 -5291 -4733 -4786 -4740 -4740 -4911
-352 -366 -260 13 24 -4 -98 -114 -5 -1506 -2929 -4340 -5235 -5259 -5132 -4919 -4922 -4696 -4058 -3954 -4540 -5329 -6314 -6960 -7079 -7047 -7034 -6999 -6879 -6759 -6666 -6670 -6745 -6733 -6741 -6781 -6599 -6505 -6341 -6108 -5847 -5682 -5406 -5404 -5338 -5339 -4723 -4810 -4744 -4719 -4862
-358 -371 -275 -19 5 6 -24 18 -181 -1693 -3325 -4969 -5675 -5642 -5555 -5460 -5351 -4888 -4032 -3622 -4330 -5057 -6197 -7136 -7112 -7007 -7032 -7122 -7070 -6848 -6676 -6698 -6741 -6761 -6891 -6778 -6528 -6425 -6327 -6105 -5857 -5654 -5526 -5440 -5338 -5480 -4715 -4751 -4721 -4704 -4847
-362 -375 -261 -19 16 19 -18 -37 -355 -1680 -3365 -5509 -5930 -5777 -5565 -5508 -5393 -4837 -4139 -3631 -4216 -5129 -6202 -7215 -7142 -6966 -7058 -7311 -7208 -6841 -6624 -6583 -6702 -6904 -6941 -6743 -6415 -6194 -6209 -6006 -5855 -5636 -5516 -5475 -5458 -5027 -4590 -4706 -4707 -4701 -4839
-366 -379 -224 -9 26 22 21 -122 30 -1116 -3546 -6066 -6085 -5746 -5403 -5350 -5046 -4577 -4010 -3851 -4298 -5242 -6151 -7208 -7206 -7002 -7271 -7565 -7233 -6724 -6498 -6561 -6709 -7014 -6976 -6738 -6441 -6149 -5929 -5725 -5757 -5637 -5532 -4844 -4745 -4654 -4581 -4692 -4703 -4711 -4855
-368 -382 -195 9 20 13 -50 -137 15 -1212 -4032 -5959 -5920 -5453 -4947 -4887 -4834 -4150 -3672 -3686 -4153 -5072 -5983 -7198 -7145 -6983 -7457 -7684 -6990 -6433 -6429 -6630 -6888 -7061 -6940 -6609 -6318 -5999 -5688 -5651 -5450 -5549 -5522 -5428 -4708 -4543 -4588 -4701 -4709 -4716 -4875
-367 -379 -218 -17 -38 -81 -163 -81 -788 -2555 -5324 -6292 -5847 -4946 -4496 -4434 -4438 -3877 -3410 -3517 -3932 -4699 -5628 -7097 -7174 -7094 -7497 -7280 -6685 -6365 -6499 -6903 -7090 -6863 -6776 -6484 -6110 -5813 -5542 -5568 -5409 -5253 -5492 -5492 -4728 -4625 -4619 -4796 -4721 -4735 -4908
-368 -371 -290 -127 -211 -229 -236 -242 -1244 -4022 -6191 -6260 -5451 -4602 -4107 -3934 -3975 -3805 -3447 -3455 -3751 -4471 -5670 -7202 -7273 -7236 -7136 -6719 -6436 -6480 -6791 -6992 -6944 -6705 -6420 -6112 -5788 -5519 -5475 -5472 -5342 -5292 -5411 -5450 -5389 -4817 -4576 -4728 -4739 -4769 -4932
-255 -359 -335 -278 -365 -422 -381 -1401 -2573 -4933 -6363 -6235 -5338 -4609 -4195 -3855 -3957 -3669 -3421 -3528 -3892 -4743 -5872 -7054 -7183 -7185 -6803 -6363 -6415 -6630 -6916 -6889 -6741 -6591 -6250 -5837 -5576 -5365 -5439 -5239 -5278 -5135 -5036 -5382 -4927 -4662 -4574 -4738 -4764 -4808 -4947
-227 -342 -381 -440 -591 -716 -788 -2058 -3965 -5350 -5986 -5987 -5400 -4748 -4205 -3722 -3852 -3841 -3712 -3706 -4222 -5172 -5983 -6931 -7268 -7039 -6518 -6316 -6402 -6686 -6863 -6672 -6268 -6327 -6153 -5654 -5475 -5285 -5493 -5225 -5252 -5100 -4998 -5215 -4850 -4712 -4690 -4764 -4775 -4810 -4942
-219 -231 -431 -622 -866 -1168 -1370 -3199 -5141 -5864 -6000 -5854 -5375 -4763 -4236 -3859 -3906 -4187 -4122 -3985 -4468 -5158 -5931 -7130 -7357 -6849 -6373 -6366 -6547 -6606 -6841 -6742 -6266 -6493 -6192 -5474 -5150 -5312 -5290 -5377 -5325 -5095 -4955 -4678 -4724 -4728 -4739 -4715 -4709 -4736 -4857
-205 -206 -482 -821 -1171 -1628 -1986 -4220 -5659 -5864 -5770 -5622 -5294 -4788 -4233 -4219 -4675 -5027 -4733 -4264 -4445 -4932 -5936 -7298 -7157 -6747 -6344 -6354 -6471 -6511 -6850 -6739 -6519 -6298 -5913 -5606 -5193 -5213 -5136 -5217 -5171 -4927 -5040 -4705 -4648 -4592 -4675 -4599 -4579 -4592 -4686
-202 -207 -554 -1024 -1471 -1991 -2638 -5054 -5572 -5524 -5512 -5569 -5346 -4844 -4161 -4553 -5326 -5362 -4846 -4427 -4357 -4897 -5625 -7058 -7164 -6557 -6345 -6418 -6481 -6567 -6645 -6651 -6512 -6071 -5857 -5589 -5249 -5087 -5008 -5079 -5081 -4893 -4937 -4660 -4475 -4463 -4514 -4461 -4455 -4461 -4541
-221 -231 -640 -1227 -1730 -2279 -3425 -5425 -5832 -5692 -5650 -5780 -5387 -4772 -4295 -4919 -5531 -5324 -4876 -4487 -4478 -4949 -5358 -6856 -7207 -6450 -6452 -6555 -6537 -6657 -6646 -6611 -6451 -6320 -5916 -5590 -5168 -4951 -4927 -5072 -5058 -5012 -4880 -4401 -4339 -4339 -4383 -4345 -4351 -4353 -4404
-261 -277 -742 -1421 -1943 -2538 -4120 -5544 -5886 -5928 -6202 -5971 -5314 -4447 -4628 -5261 -5548 -5323 -4895 -4528 -4572 -4887 -5378 -6763 -7176 -6472 -6534 -6608 -6615 -6714 -6577 -6398 -6344 -6451 -5999 -5624 -5063 -4985 -4987 -5034 -5012 -4951 -4796 -4354 -4259 -4223 -4248 -4229 -4245 -4240 -4287
-291 -317 -831 -1583 -2105 -2721 -4524 -5780 -6004 -5987 -6345 -6010 -5485 -4566 -5169 -5695 -5673 -5193 -4879 -4541 -4653 -4979 -5542 -6583 -7117 -6636 -6625 -6586 -6604 -6625 -6467 -6263 -6552 -6285 -6038 -5649 -5146 -5026 -4987 -4997 -4955 -4878 -4561 -4337 -4200 -4122 -4126 -4136 -4174 -4170 -4196
-293 -361 -912 -1719 -2234 -2892 -4834 -5987 -6170 -5964 -6181 -6037 -5311 -4869 -5636 -5940 -5720 -5168 -4830 -4611 -4827 -5198 -5651 -6441 -7055 -6624 -6392 -6575 -6538 -6391 -6259 -6255 -6554 -6292 -6076 -5656 -5250 -5094 -4991 -4952 -4880 -4784 -4502 -4229 -4159 -4060 -4065 -4093 -4171 -4169 -4155
-273 -403 -982 -1830 -2355 -3155 -4816 -6069 -6304 -6035 -6219 -6213 -5686 -5604 -6017 -6195 -5747 -5235 -4765 -4728 -4940 -5296 -5806 -6542 -7032 -6596 -6283 -6488 -6067 -5665 -6006 -6354 -6592 -6503 -6115 -5635 -5236 -5078 -4941 -4916 -4762 -4516 -4242 -4244 -4190 -4029 -3956 -4082 -4222 -4245 -4171
-256 -453 -1052 -1937 -2488 -3324 -4868 -6062 -6290 -6129 -6249 -6212 -6250 -6373 -6449 -6304 -5853 -5279 -4761 -4865 -5109 -5477 -5744 -6583 -6948 -6590 -6393 -6018 -5210 -5324 -6034 -6687 -6723 -6505 -6154 -5634 -5258 -5169 -5082 -4887 -4563 -4478 -4196 -4129 -4075 -3984 -3909 -4024 -4209 -4259 -4117
-241 -506 -1119 -2035 -2599 -3544 -5016 -6006 -6118 -5937 -5997 -6273 -6448 -6405 -6455 -6310 -5878 -5487 -5137 -5093 -5320 -5607 -5789 -6507 -6600 -6362 -6374 -5434 -4795 -5412 -6347 -6779 -6721 -6382 -6139 -5697 -5341 -5302 -5084 -4914 -4616 -4422 -4172 -4115 -4025 -3988 -3887 -3959 -4114 -4136 -4006
-243 -651 -1187 -2123 -2667 -3715 -5363 -6111 -5997 -5874 -6047 -6289 -6462 -6468 -6563 -6330 -5895 -5679 -5347 -5312 -5309 -5554 -5774 -6344 -6257 -6031 -6379 -5741 -5329 -6355 -6706 -6676 -6497 -6307 -6172 -5765 -5416 -5323 -5103 -4933 -4787 -4257 -4193 -4145 -4015 -3907 -3857 -3833 -3897 -3921 -3822
-266 -690 -1254 -2219 -2751 -3822 -5589 -6186 -5797 -5665 -5899 -5931 -6075 -6478 -6467 -6348 -5922 -5635 -5374 -5251 -5403 -5531 -5762 -6347 -6477 -6445 -6278 -6328 -6479 -6735 -6706 -6532 -6441 -6233 -6141 -5804 -5649 -5422 -5125 -4904 -4684 -4282 -4132 -4005 -4034 -3903 -3853 -3796 -3837 -3838 -3797
-294 -728 -1322 -2330 -2867 -3973 -5632 -6096 -5739 -5706 -5703 -5575 -5849 -6353 -6396 -6307 -5951 -5788 -5475 -5282 -5465 -5594 -5860 -6320 -6366 -6197 -6146 -6264 -6389 -6603 -6564 -6437 -6207 -6181 -6033 -5798 -5623 -5475 -5140 -4842 -4381 -4155 -3998 -3925 -3919 -3865 -3867 -3821 -3860 -3870 -3880
-301 -759 -1402 -2460 -3028 -4120 -5696 -6033 -5839 -5882 -5703 -5627 -5746 -6213 -6262 -6055 -5781 -5711 -5422 -5467 -5544 -5617 -5823 -6251 -6547 -6400 -6171 -6176 -6163 -6315 -6388 -6313 -6183 -6109 -5959 -5755 -5512 -5440 -5134 -4754 -4158 -4001 -3926 -3885 -3902 -3851 -3865 -3914 -3985 -4046 -4123
-314 -827 -1512 -2642 -3281 -4433 -5781 -5891 -5706 -5575 -5670 -5779 -5908 -6100 -5839 -5630 -5519 -5329 -5094 -5220 -5265 -5316 -5717 -6373 -6760 -6407 -6165 -6116 -6041 -6094 -6190 -6234 -6132 -6001 -5919 -5738 -5533 -5398 -5055 -4628 -3975 -3838 -3747 -3718 -3730 -3860 -3963 -4001 -4099 -4209 -4352
-328 -914 -1655 -2861 -3592 -4891 -5983 -5970 -5716 -5796 -5933 -6109 -6216 -6272 -5791 -5323 -5315 -5363 -5436 -5398 -5414 -5221 -5643 -6472 -6711 -6368 -6104 -5975 -5810 -5865 -5998 -6140 -6040 -6044 -5938 -5676 -5446 -5160 -4948 -4534 -3887 -3673 -3618 -3670 -3720 -3831 -3978 -4072 -4212 -4380 -4596
-355 -1022 -1824 -3108 -4004 -5339 -6117 -6123 -5898 -5911 -6293 -6628 -6455 -6416 -6069 -5197 -5028 -5048 -5226 -5316 -5506 -5422 -5767 -6533 -6484 -6236 -6056 -5901 -5820 -5850 -5932 -6155 -6025 -6032 -5828 -5569 -5259 -5055 -4899 -4484 -3833 -3605 -3536 -3584 -3647 -3769 -3967 -4119 -4313 -4551 -4841
-366 -1075 -1930 -3289 -4259 -5424 -6145 -6254 -6017 -5928 -5985 -6296 -6275 -6185 -6097 -5299 -4725 -4702 -5102 -5383 -5786 -5657 -5900 -6732 -6278 -5973 -5809 -5787 -5700 -5765 -5946 -6167 -5988 -5973 -5695 -5184 -5024 -5057 -4782 -4425 -3795 -3590 -3507 -3512 -3572 -3702 -3936 -4156 -4389 -4687 -5046
-350 -1061 -1982 -3410 -4419 -5465 -6131 -6341 -6161 -6035 -5944 -6177 -5925 -5950 -5826 -5036 -4411 -4514 -5116 -5431 -5743 -5532 -5903 -6746 -6200 -5806 -5667 -5706 -5684 -5801 -5968 -6134 -6040 -5971 -5582 -5097 -5000 -4980 -4628 -4143 -3714 -3545 -3386 -3427 -3450 -3622 -3888 -4155 -4440 -4793 -5197
-278 -1032 -1955 -3459 -4599 -5581 -6093 -6260 -6248 -6338 -6369 -6387 -5903 -6075 -5470 -4362 -3909 -4311 -5215 -5656 -5883 -5545 -5973 -6672 -6310 -5847 -5584 -5884 -6023 -6081 -6096 -6123 -6118 -6043 -5559 -5163 -5203 -4902 -4545 -4098 -3660 -3496 -3337 -3357 -3436 -3578 -3829 -4139 -4454 -4853 -5305
-239 -1015 -1928 -3413 -4567 -5510 -6056 -6257 -6291 -6381 -6709 -6538 -6185 -6027 -4826 -3737 -3560 -4182 -5284 -5787 -6206 -5861 -6064 -6616 -6334 -5902 -5752 -5934 -6032 -6248 -6266 -6138 -6060 -5897 -5701 -5216 -4987 -4743 -4423 -4018 -3618 -3446 -3343 -3274 -3381 -3537 -3783 -4130 -4500 -4945 -5444
-217 -953 -1837 -3308 -4622 -5492 -5903 -6109 -6168 -6215 -6032 -6227 -6146 -5707 -4376 -3383 -3240 -4110 -5304 -5755 -6276 -6012 -5628 -6134 -6229 -5930 -6034 -6119 -6028 -6214 -6308 -6226 -6104 -5973 -5772 -5256 -4843 -4466 -4214 -3942 -3705 -3422 -3302 -3250 -3290 -3494 -3680 -4133 -4558 -5051 -5595
-189 -853 -1658 -3009 -4068 -5406 -5878 -5952 -6064 -5915 -5537 -5665 -6012 -5434 -3968 -2918 -2860 -3948 -5107 -5755 -6134 -5989 -5410 -5584 -5957 -5917 -6091 -6193 -6024 -6079 -6169 -6206 -6121 -6052 -5643 -4999 -4618 -4416 -4214 -3928 -3676 -3406 -3231 -3269 -3354 -3521 -3650 -4158 -4631 -5173 -5759
-164 -649 -1450 -2665 -3754 -5104 -5716 -5879 -5814 -5784 -5231 -5371 -5821 -5066 -3630 -2500 -2413 -3725 -4997 -5629 -5884 -5591 -5188 -5198 -5734 -5954 -5867 -6113 -6026 -6036 -6204 -6137 -5967 -5879 -5611 -4910 -4650 -4525 -4312 -3966 -3689 -3397 -3220 -3215 -3384 -3510 -3650 -4210 -4745 -5326 -5926
-139 -490 -1200 -2106 -2945 -4455 -5375 -5725 -5565 -5149 -4632 -4744 -5061 -4453 -3021 -1989 -2092 -3845 -5105 -5589 -5580 -5214 -4973 -5235 -5679 -5930 -5832 -5954 -6099 -6264 -6392 -6324 -6032 -5936 -5548 -4936 -4898 -4662 -4348 -3965 -3668 -3374 -3191 -3200 -3410 -3534 -3664 -4305 -4898 -5485 -6121
-120 -328 -903 -1320 -1213 -2556 -4897 -5338 -5136 -4553 -3733 -3683 -3924 -3157 -2006 -1516 -2097 -4150 -5154 -5495 -5343 -4651 -4443 -4903 -5611 -5929 -5847 -5741 -5963 -6260 -6171 -6232 -6046 -5888 -5503 -5034 -4935 -4614 -4262 -3895 -3595 -3317 -3154 -3184 -3426 -3651 -3794 -4478 -5068 -5656 -6329
-96 -244 -636 -785 -194 -1133 -3584 -4184 -3745 -3402 -3076 -2577 -2059 -1541 -1162 -1201 -2199 -4239 -5182 -5245 -4949 -3839 -3635 -4348 -5373 -6073 -6025 -6023 -5900 -5700 -5717 -5674 -5817 -5587 -5200 -4919 -4797 -4403 -4100 -3806 -3527 -3246 -3158 -3257 -3409 -3568 -4024 -4634 -5230 -5839 -6490
-100 -183 -442 -500 -16 -72 -381 -2473 -2254 -1509 -1871 -1753 -1518 -1129 -1029 -1135 -2013 -4229 -5232 -4977 -4358 -3174 -2928 -3958 -5485 -6091 -6045 -6135 -6098 -5940 -5707 -5549 -5612 -5422 -4936 -4654 -4376 -4138 -3958 -3757 -3484 -3204 -3048 -3216 -3485 -3678 -4129 -4746 -5349 -5982 -6619
-82 -140 -285 -333 -111 -32 77 -1037 -907 -193 -531 -1019 -998 -852 -835 -946 -1678 -3878 -4714 -4750 -3445 -2706 -2579 -3473 -5293 -6027 -5987 -6065 -6230 -6283 -6117 -5962 -5826 -5410 -4830 -4629 -4194 -3975 -3898 -3759 -3284 -3154 -3017 -3106 -3342 -3863 -4227 -4841 -5463 -6097 -6713
-85 -118 -134 -189 -111 -161 -199 -103 -104 -212 -12 -567 -686 -827 -772 -823 -1479 -2947 -4228 -3480 -2919 -2468 -2257 -2945 -4515 -5698 -5969 -5995 -6172 -6319 -6191 -6045 -5627 -5233 -4671 -4438 -4012 -3897 -3883 -3620 -3385 -3115 -2980 -3148 -3617 -4047 -4411 -4875 -5505 -6142 -6757
-104 -133 -110 -65 -83 -99 -155 -217 -231 -254 -252 -128 -451 -635 -604 -824 -1516 -2592 -3012 -2875 -2758 -2547 -2174 -2697 -3522 -5124 -6030 -6017 -6108 -6122 -5936 -5627 -5033 -4635 -4490 -4271 -4059 -4065 -3671 -3539 -3394 -3150 -2715 -2752 -3093 -3786 -4208 -4840 -5480 -6125 -6775
-141 -147 -123 -76 -76 -100 -142 -187 -189 -225 -244 -322 -162 -506 -570 -858 -1368 -1975 -2279 -2431 -2577 -2504 -2243 -2747 -3499 -4360 -5411 -5619 -5680 -5748 -5771 -5400 -4944 -4359 -4180 -4003 -4031 -3818 -3687 -3447 -2997 -2783 -2719 -2796 -2993 -3683 -4106 -4764 -5381 -6022 -6774
-161 -163 -127 -64 -71 -84 -97 -143 -186 -222 -282 -299 -298 -428 -526 -787 -1060 -1300 -1769 -2398 -2547 -2443 -2384 -3243 -3915 -4397 -4627 -4783 -5239 -5687 -5803 -5584 -5228 -4661 -4159 -3976 -4008 -3779 -3861 -3139 -2940 -2808 -2790 -2924 -3079 -3804 -4125 -4730 -5332 -5980 -6742
-161 -173 -134 -57 -32 -12 -24 -78 -143 -204 -260 -274 -339 -201 -480 -630 -827 -1139 -1879 -2685 -2589 -2424 -2682 -3684 -4308 -4573 -4413 -4520 -5425 -5838 -5778 -5626 -5304 -4755 -4119 -3936 -3705 -3691 -3248 -3018 -2932 -2868 -2777 -2947 -3141 -3391 -3914 -4666 -5336 -5966 -6692
-146 -173 -133 -35 43 86 82 19 -92 -225 -258 -266 -312 -210 -506 -576 -697 -1441 -3030 -3229 -2552 -2525 -2891 -3926 -4702 -5023 -4693 -4460 -5207 -5953 -5828 -5703 -5402 -4798 -4191 -3765 -3682 -3278 -3151 -2960 -2961 -2890 -2788 -2863 -3389 -3820 -3948 -4621 -5364 -5943 -6619
-139 -179 -138 -25 94 119 116 91 -59 -218 -247 -252 -282 -152 -474 -620 -894 -1863 -3389 -3159 -2579 -2573 -3023 -4404 -4876 -5142 -4826 -4719 -5225 -5610 -5513 -5291 -5307 -4859 -4312 -3784 -3538 -3412 -3076 -2851 -2842 -2794 -2836 -3391 -3730 -3962 -4386 -4710 -5406 -5974 -6576
-139 -186 -142 -17 87 87 104 111 -102 -185 -241 -305 -292 -192 -560 -916 -1306 -2297 -3287 -3059 -2566 -2614 -3349 -4790 -5044 -4990 -4647 -4975 -5584 -5556 -5322 -5446 -5350 -4989 -4439 -3944 -3517 -3116 -2929 -2770 -2735 -2737 -3192 -3561 -2831 -3594 -4121 -4776 -5453 -6007 -6563
-144 -194 -143 -4 77 77 117 -19 -117 -174 -468 -511 -346 -423 -893 -1501 -2066 -3154 -3527 -3033 -2569 -2515 -3375 -4800 -4868 -4870 -4857 -5292 -5514 -5684 -5606 -5449 -5378 -5032 -4584 -4104 -3677 -3259 -2838 -2748 -2693 -2730 -3156 -3417 -3656 -3938 -4137 -4780 -5512 -6048 -6575
-149 -203 -143 22 87 88 140 -68 -135 -405 -732 -844 -728 -694 -1401 -2203 -3413 -4298 -3721 -3063 -2591 -2552 -3439 -4886 -5446 -5204 -5234 -5613 -5749 -6250 -5639 -5459 -5356 -5213 -4733 -4284 -3662 -3177 -2840 -3082 -2767 -3080 -3237 -3320 -3479 -3851 -4094 -4785 -5509 -6089 -6590
-156 -211 -143 49 91 116 -1 -116 -158 -648 -852 -877 -824 -1072 -1771 -3266 -4552 -4715 -3916 -3139 -2642 -2697 -3675 -4817 -5757 -5449 -5291 -5627 -6169 -6201 -5880 -5490 -5322 -5308 -4870 -4303 -3424 -3103 -3147 -3151 -3134 -3091 -3110 -3258 -3386 -3746 -4073 -4783 -5529 -6107 -6601
-163 -218 -142 77 100 140 -43 -131 -297 -954 -1395 -1160 -1190 -1484 -2272 -3856 -4784 -4810 -3851 -3018 -2803 -2913 -3821 -4791 -5802 -5544 -5230 -5784 -6341 -6306 -5939 -5644 -5622 -5470 -5077 -4208 -3317 -3058 -3009 -3285 -3146 -3073 -3063 -3145 -3408 -3746 -4083 -4791 -5546 -6117 -6583
-169 -224 -142 78 110 135 -99 -171 -625 -1424 -2241 -2487 -1969 -2146 -2768 -3982 -4808 -4381 -3473 -2805 -2785 -2948 -4043 -4896 -5848 -5733 -5207 -5416 -6103 -6152 -5879 -5791 -6014 -5722 -5298 -4179 -3298 -3189 -3464 -3372 -3163 -3065 -3000 -3059 -3363 -3757 -4150 -4798 -5523 -6093 -6548
-174 -229 -143 53 94 -65 -185 -222 -1174 -2033 -3337 -3634 -2813 -2824 -3429 -4395 -4964 -4211 -3513 -2830 -2692 -3299 -4522 -5041 -5928 -5807 -5306 -5285 -5632 -5960 -5939 -6035 -6318 -5904 -5304 -4143 -3175 -3211 -3448 -3428 -3331 -3037 -2904 -2924 -3273 -3641 -4299 -4813 -5487 -6051 -6507
-176 -232 -141 2 5 -147 -243 -277 -1351 -2577 -4097 -4146 -3533 -3407 -3814 -4316 -4485 -3946 -3141 -2717 -2793 -3516 -4801 -5160 -5959 -5609 -5343 -5852 -6111 -6310 -6316 -6333 -6221 -6045 -5256 -4083 -3094 -3168 -3374 -3284 -3241 -3090 -2930 -2915 -3170 -3735 -4372 -4801 -5424 -5978 -6424
-176 -231 -141 -96 -121 -242 -283 -305 -1495 -2933 -4356 -4281 -3632 -3608 -4039 -4077 -3960 -3415 -2816 -2719 -2995 -3429 -4617 -4775 -5568 -5334 -5512 -6147 -6464 -6304 -6263 -6247 -6286 -6212 -4991 -3998 -3131 -3090 -3300 -3271 -3178 -3076 -2949 -2876 -3043 -3601 -4352 -4768 -5385 -5925 -6373
-174 -226 -142 -129 -136 -248 -274 -316 -1598 -3113 -4305 -3908 -3788 -4002 -4508 -4263 -3768 -3083 -2817 -2766 -3231 -3592 -4509 -4739 -5470 -5535 -5559 -6197 -6371 -6306 -6236 -6157 -6312 -6310 -5359 -4269 -3309 -3027 -3141 -3199 -3123 -3029 -2903 -2767 -2911 -3411 -4201 -4711 -5352 -5890 -6333
-172 -217 -146 -121 -135 -231 -245 -299 -1558 -2926 -3975 -3818 -3962 -4237 -4352 -4265 -3637 -3068 -2721 -2776 -3485 -3869 -4717 -4767 -5367 -5738 -5513 -6153 -6199 -6241 -6205 -5827 -6259 -6313 -5574 -4447 -3305 -2977 -3087 -3085 -3016 -2950 -2841 -2740 -2836 -3332 -4047 -4648 -5333 -5871 -6302
-164 -204 -144 -143 -145 -228 -214 -434 -1632 -3089 -4057 -3964 -3986 -4316 -4190 -4170 -3506 -3052 -2794 -2844 -3327 -3913 -4497 -4652 -5398 -5926 -5732 -5903 -6120 -6203 -6103 -6385 -6214 -6193 -5181 -3992 -3213 -2948 -3096 -2997 -2931 -2849 -2715 -2687 -2778 -3223 -3871 -4577 -5299 -5825 -6271
-151 -188 -139 -151 -204 -237 -224 -732 -1611 -2823 -3739 -3794 -3908 -4234 -4188 -4137 -3671 -3216 -2756 -3077 -3248 -3761 -4634 -4601 -5337 -5834 -5744 -5927 -6087 -6184 -6028 -6315 -6263 -5954 -4956 -3757 -3105 -2933 -2982 -2928 -2915 -2809 -2659 -2635 -2768 -3197 -3649 -4478 -5218 -5723 -6142
-133 -170 -128 -141 -213 -255 -335 -278 -1136 -2385 -3440 -3720 -4018 -4167 -4019 -3997 -3855 -3515 -2400 -3188 -3538 -3718 -4301 -4444 -5323 -5771 -5503 -5856 -6087 -6328 -6310 -6257 -6178 -5833 -4903 -3671 -3067 -2879 -2857 -2837 -3000 -2949 -2674 -2640 -2878 -3000 -3450 -4368 -5144 -5650 -6068
-118 -152 -124 -148 -219 -310 -455 -334 -1125 -2413 -3016 -3362 -3466 -3565 -3525 -3753 -3580 -3470 -2963 -3263 -3532 -3638 -3965 -4203 -4972 -5355 -5225 -5778 -6240 -6265 -6058 -6153 -5913 -5495 -4760 -3693 -3147 -2937 -2847 -2740 -2829 -2798 -2763 -2805 -2840 -2997 -3372 -4303 -5036 -5524 -5960
-105 -134 -124 -166 -245 -392 -637 -937 -1442 -2030 -2573 -2953 -3250 -3373 -3438 -3478 -3311 -3234 -3046 -3121 -3265 -3472 -3842 -4279 -4796 -5107 -5356 -5559 -5842 -5908 -5891 -5748 -5464 -5031 -4516 -3974 -3476 -3110 -2846 -2759 -2658 -2643 -2647 -2728 -2903 -3201 -3651 -4258 -4882 -5355 -5769
-95 -115 -130 -190 -242 -350 -400 -623 -1064 -1622 -2179 -2846 -3608 -3797 -3666 -3106 -2742 -2592 -2292 -2349 -2720 -3053 -3498 -3981 -4457 -4847 -5213 -5302 -5464 -5506 -5535 -5419 -5129 -4698 -4243 -3817 -3417 -3098 -2850 -2756 -2578 -2540 -2531 -2546 -2735 -3052 -3499 -4071 -4672 -5139 -5514
-88 -108 -135 -203 -217 -253 -252 -414 -799 -1395 -1983 -2732 -3678 -3936 -3649 -2778 -2454 -2306 -1814 -1966 -2380 -2814 -3279 -3754 -4205 -4587 -4872 -5043 -5295 -5329 -5310 -5151 -4864 -4405 -3960 -3580 -3281 -2995 -2787 -2627 -2465 -2424 -2402 -2401 -2582 -2897 -3293 -3859 -4460 -4921 -5304
-86 -105 -128 -186 -205 -223 -207 -362 -670 -1277 -1878 -2653 -3541 -3630 -3386 -2537 -2028 -1898 -1978 -1881 -2327 -2650 -3097 -3522 -3879 -4261 -4574 -4865 -5095 -5170 -5132 -4930 -4601 -4120 -3657 -3297 -3053 -2807 -2597 -2428 -2296 -2266 -2257 -2265 -2455 -2785 -3167 -3657 -4222 -4706 -5116
