---
Cu Potential [ft] Valid 1000 PST ~Z75~(1800Z)~Z~ MON 22 May 2017 ~Z75~[18hrFcst@1232z]~Z~
Model= RASP Region= PANOCHE Grid= d2 Reskm= 4.0 Indexs= 1 51 1 69 Proj= lambert 4000 4000 40.0000 40.0000 -73.0000 36.6487 -121.0445
Day= 2017 5 22 MON ValidLST= 1000 PST ValidZ= 1800 Fcst= 18.0 Init= 12 Param= zsfclcldif Unit= ft Mult= 1 Min= -7578 Max= 98
-242 -246 -226 -211 -147 36 -32 54 -635 -1919 -2979 -4044 -5000 -5198 -4375 -4074 -4272 -4333 -4210 -4382 -4479 -4596 -4551 -4591 -4639 -4691 -4746 -5012 -5100 -5236 -5435 -5716 -6042 -6369 -6526 -6537 -6453 -6543 -6637 -6762 -6829 -6901 -6990 -6925 -6699 -6551 -6319 -6303 -6244 -6212 -6329
-267 -269 -237 -226 -118 44 -152 -9 -548 -1744 -2869 -3820 -4869 -5161 -4238 -4183 -4342 -4369 -4296 -4447 -4523 -4605 -4594 -4654 -4637 -4708 -4711 -4902 -5096 -5174 -5330 -5608 -5865 -6240 -6370 -6393 -6350 -6405 -6535 -6667 -6728 -6802 -6854 -6834 -6681 -6534 -6419 -6354 -6232 -6154 -6249
-294 -296 -244 -184 -49 20 -176 -177 -663 -1701 -2845 -3815 -4869 -5198 -4439 -4329 -4373 -4375 -4369 -4408 -4496 -4565 -4606 -4636 -4668 -4688 -4682 -4840 -4997 -5053 -5174 -5402 -5685 -5994 -6118 -6242 -6276 -6355 -6385 -6558 -6617 -6701 -6756 -6739 -6651 -6531 -6461 -6334 -6241 -6128 -6203
-327 -325 -253 -84 17 -55 -204 -363 -722 -1481 -2948 -4095 -5041 -5480 -4613 -4495 -4450 -4391 -4432 -4408 -4459 -4541 -4532 -4589 -4605 -4620 -4682 -4729 -4801 -4888 -5017 -5155 -5358 -5705 -5836 -6137 -6235 -6316 -6332 -6400 -6461 -6552 -6638 -6658 -6644 -6608 -6496 -6372 -6203 -6106 -6166
-342 -340 -256 -31 -1 -28 -67 -4 19 -339 -3431 -4135 -4761 -4859 -4515 -4445 -4602 -4885 -4792 -4662 -4441 -4484 -4477 -4505 -4563 -4589 -4681 -4773 -4762 -4808 -4823 -4813 -5129 -5413 -5782 -6072 -6155 -6120 -6088 -6210 -6303 -6482 -6587 -6695 -6785 -6691 -6531 -6362 -6194 -6112 -6121
-339 -334 -254 -31 -2 -23 -83 -54 11 -2346 -3626 -4142 -4695 -4450 -4498 -4607 -4706 -4862 -5201 -4894 -4661 -4347 -4444 -4390 -4501 -4579 -4658 -4554 -4722 -4729 -4833 -4744 -5043 -5285 -5709 -5980 -6138 -6140 -6058 -6146 -6174 -6333 -6326 -6551 -6637 -6578 -6407 -6330 -6175 -6128 -6105
-330 -333 -247 -38 -18 -36 -113 20 -7 -2672 -3931 -4421 -4815 -4342 -4668 -4769 -4902 -5028 -5816 -5697 -4457 -4294 -4296 -4339 -4387 -4482 -4598 -4636 -4769 -4806 -4836 -4759 -4922 -5296 -5740 -5915 -5987 -6033 -5977 -6065 -6090 -6232 -6346 -6371 -6369 -6367 -6243 -6186 -6140 -6128 -6072
-321 -327 -239 -56 -57 -29 -133 26 -1177 -3037 -4038 -4635 -4428 -4515 -4773 -4800 -4989 -5089 -5618 -6216 -4534 -4290 -4190 -4252 -4251 -4407 -4540 -4683 -4735 -4660 -4595 -4509 -5020 -5504 -5680 -5860 -5840 -5881 -5942 -5960 -6047 -6105 -6194 -6137 -6080 -6067 -6178 -6097 -6101 -6084 -6045
-309 -321 -228 -70 -86 -53 -85 36 7 -3042 -4255 -5061 -4387 -4476 -4741 -4920 -5132 -5291 -5446 -5744 -4467 -4133 -4071 -4160 -4213 -4361 -4546 -4713 -4623 -4482 -4550 -4657 -5238 -5708 -5775 -5866 -5817 -5823 -5851 -5805 -5907 -6039 -6088 -5931 -5876 -5882 -6028 -6017 -6050 -6031 -6051
-296 -318 -224 -64 -104 -123 -114 -6 4 -3060 -4199 -5030 -4066 -4759 -4720 -4928 -5126 -5501 -6065 -6007 -4895 -4050 -3932 -3948 -4226 -4355 -4553 -4493 -4236 -4236 -4473 -5048 -5611 -5831 -5839 -5747 -5800 -5790 -5725 -5779 -5724 -5903 -6055 -5992 -5845 -5856 -5989 -5962 -5980 -6017 -6059
-290 -318 -227 -97 -182 -181 -202 -44 -2038 -3449 -4446 -4036 -4417 -4974 -5015 -5097 -5525 -6271 -6262 -6139 -5687 -4393 -4034 -3843 -4125 -4400 -4439 -3938 -3777 -4209 -4857 -5720 -5790 -5785 -5859 -5769 -5757 -5769 -5739 -5792 -5667 -5780 -5962 -6004 -5870 -5805 -5875 -6057 -5937 -5983 -6061
-287 -320 -282 -228 -335 -319 -607 -238 -2728 -3962 -3998 -3809 -4769 -5186 -5357 -5401 -5676 -5757 -6269 -6136 -5901 -4744 -3843 -3742 -3937 -4281 -3970 -3585 -3795 -4664 -5495 -5732 -5776 -5803 -5757 -5777 -5743 -5760 -5708 -5774 -5643 -5724 -5850 -5878 -5852 -5706 -5762 -5837 -5875 -5942 -6043
-290 -324 -373 -428 -571 -687 -1127 -2766 -3745 -4399 -3897 -4172 -5229 -5374 -5432 -5446 -5598 -6015 -6326 -6104 -5718 -4384 -3697 -3575 -3556 -4041 -3565 -3730 -4242 -5403 -5733 -5747 -5878 -5946 -5773 -5780 -5787 -5795 -5737 -5722 -5659 -5655 -5735 -5804 -5714 -5652 -5740 -5784 -5847 -5928 -6050
-286 -325 -455 -646 -876 -1222 -1725 -3476 -4506 -4824 -4017 -4676 -5296 -5298 -5152 -5416 -5487 -5929 -6178 -5946 -5214 -4035 -3517 -3528 -3372 -3694 -3638 -4056 -4508 -5472 -5734 -5846 -5894 -5928 -5770 -5795 -5761 -5806 -5633 -5701 -5726 -5620 -5670 -5752 -5656 -5735 -5780 -5753 -5808 -5868 -5957
-53 -324 -534 -873 -1251 -1757 -2306 -4463 -4991 -4198 -4192 -4894 -5177 -5162 -5101 -5529 -5516 -5954 -5913 -5748 -5300 -4265 -3498 -3523 -3528 -3625 -3954 -4289 -4562 -5322 -5850 -5932 -5776 -5842 -5857 -5764 -5809 -5784 -5800 -5732 -5760 -5595 -5606 -5568 -5597 -5628 -5686 -5718 -5778 -5847 -5904
-41 -320 -603 -1092 -1614 -2234 -2946 -4919 -5039 -4150 -4283 -5012 -5042 -5119 -5337 -5597 -5325 -5354 -5705 -5838 -5538 -4709 -3490 -3409 -3576 -3847 -4238 -4447 -4458 -5028 -5818 -5954 -5798 -5740 -5702 -5756 -5786 -5797 -5750 -5712 -5702 -5631 -5623 -5550 -5479 -5454 -5491 -5541 -5623 -5713 -5810
-39 -93 -671 -1303 -1928 -2619 -3460 -5222 -4868 -3925 -4496 -4907 -4963 -5217 -5513 -5311 -4889 -4924 -5864 -5987 -5746 -5123 -3727 -3430 -3612 -4079 -4425 -4523 -4401 -4494 -5577 -5760 -5565 -5429 -5661 -5806 -5817 -5834 -5837 -5656 -5702 -5580 -5630 -5488 -5383 -5424 -5416 -5403 -5474 -5553 -5641
-44 -98 -737 -1495 -2171 -2946 -3985 -5249 -4004 -3974 -4619 -4768 -4969 -5178 -5457 -4797 -4331 -4952 -5958 -6015 -5783 -5417 -4041 -3601 -3610 -4227 -4508 -4388 -4102 -4435 -4786 -4805 -4522 -4732 -5559 -5774 -5818 -5832 -5833 -5794 -5725 -5655 -5540 -5376 -5338 -5391 -5319 -5337 -5374 -5426 -5489
-58 -108 -796 -1653 -2342 -3175 -4272 -5159 -3795 -4243 -4787 -4899 -5180 -5388 -5272 -4471 -4281 -5401 -6168 -6156 -5934 -5622 -4184 -3701 -3562 -4241 -4332 -3948 -4132 -4475 -4493 -4255 -3852 -4255 -5493 -5792 -5823 -5919 -5880 -5767 -5710 -5623 -5548 -5338 -5341 -5319 -5257 -5217 -5247 -5273 -5332
-83 -130 -857 -1787 -2395 -3291 -4929 -4079 -3872 -4542 -4740 -4993 -5146 -5358 -4849 -4191 -4583 -5814 -6213 -6306 -6104 -5704 -4334 -3728 -3469 -4060 -3940 -3843 -4459 -4499 -4275 -3754 -3443 -4752 -5578 -5802 -5842 -5924 -5894 -5800 -5698 -5621 -5509 -5369 -5291 -5290 -5218 -5167 -5218 -5225 -5245
-115 -159 -919 -1906 -2508 -3542 -4991 -3930 -3989 -4546 -4748 -5040 -5146 -5219 -4439 -4103 -5141 -6176 -6384 -6257 -6091 -5701 -4394 -3706 -3386 -3618 -3655 -4247 -4735 -4235 -3883 -3278 -3897 -5301 -5627 -5803 -5861 -5897 -5878 -5777 -5685 -5590 -5503 -5304 -5278 -5251 -5241 -5187 -5263 -5258 -5215
-152 -198 -985 -2030 -2696 -3730 -4610 -4050 -4062 -4543 -4718 -4933 -5031 -4883 -4323 -4476 -5665 -6303 -6458 -6188 -6058 -5633 -4463 -3691 -3363 -3324 -3831 -4509 -4432 -3832 -3264 -3461 -5029 -5562 -5651 -5845 -5882 -5933 -5866 -5767 -5645 -5520 -5440 -5363 -5311 -5211 -5196 -5262 -5418 -5430 -5281
-183 -225 -1034 -2142 -2929 -3865 -4545 -4123 -4189 -4574 -4540 -4781 -4795 -4575 -4322 -5091 -6020 -6421 -6511 -6210 -6045 -5668 -4627 -3797 -3378 -3341 -4209 -4330 -4040 -3224 -3206 -4243 -5384 -5637 -5817 -5835 -5921 -5956 -5874 -5725 -5573 -5537 -5422 -5334 -5260 -5209 -5183 -5274 -5441 -5501 -5280
-224 -339 -1066 -2229 -3115 -4127 -4840 -4384 -4157 -4425 -4469 -4655 -4556 -4340 -4360 -5475 -6194 -6389 -6527 -6288 -6086 -5745 -5178 -3961 -3317 -3283 -3936 -3488 -2853 -2985 -3802 -4498 -5186 -5572 -5844 -5871 -5941 -5956 -5833 -5711 -5608 -5614 -5454 -5368 -5251 -5260 -5201 -5264 -5386 -5369 -5194
-334 -356 -1088 -2286 -3257 -4427 -5330 -4308 -3944 -4291 -4380 -4378 -4175 -4126 -4477 -5575 -6060 -6216 -6527 -6283 -6087 -5887 -5539 -4279 -2991 -2849 -2954 -2322 -2388 -3216 -3941 -4051 -4632 -5605 -5834 -5890 -5868 -5873 -5802 -5717 -5722 -5523 -5574 -5486 -5269 -5258 -5195 -5150 -5205 -5246 -5021
-360 -363 -1102 -2310 -3119 -4554 -5597 -4169 -3869 -4078 -4128 -3979 -3810 -3915 -4598 -5368 -5885 -6212 -6444 -6284 -6111 -5862 -5245 -3918 -2619 -2311 -2583 -2471 -2705 -3346 -3610 -3880 -4496 -5649 -5871 -5868 -5930 -5844 -5754 -5709 -5735 -5542 -5585 -5404 -5353 -5249 -5238 -5147 -5150 -5174 -5005
-370 -358 -1106 -2331 -3054 -4477 -5519 -3912 -4002 -4114 -3998 -3925 -3878 -3988 -4666 -5150 -5875 -6171 -6307 -6167 -5841 -5520 -4282 -3347 -2630 -2240 -2550 -2753 -3091 -3538 -3755 -4058 -5391 -5696 -5774 -5835 -5860 -5708 -5693 -5689 -5637 -5569 -5495 -5420 -5349 -5237 -5288 -5187 -5176 -5215 -5076
-388 -345 -1106 -2365 -3082 -4448 -5432 -3691 -4209 -4495 -4349 -4119 -3810 -4168 -4861 -5421 -5944 -6057 -6068 -6058 -5742 -5394 -4012 -3163 -2767 -2430 -2663 -2954 -3245 -3638 -3987 -4914 -5586 -5686 -5785 -5789 -5789 -5759 -5657 -5651 -5572 -5515 -5543 -5482 -5436 -5280 -5315 -5241 -5248 -5251 -5201
-405 -377 -1133 -2464 -3236 -4583 -5383 -3551 -4140 -3863 -3296 -3369 -4059 -4690 -5211 -5585 -5932 -5904 -5949 -5836 -5796 -5620 -4537 -3208 -2789 -2469 -2853 -3131 -3340 -3826 -4730 -5503 -5742 -5715 -5782 -5742 -5734 -5691 -5638 -5583 -5493 -5461 -5395 -5391 -5413 -5421 -5354 -5260 -5251 -5284 -5280
-408 -389 -1177 -2606 -3521 -4739 -5357 -3525 -3980 -3508 -3355 -3709 -4569 -4921 -5174 -5330 -5667 -5834 -5806 -5725 -5768 -5755 -4820 -3241 -2771 -2571 -3038 -3193 -3565 -4061 -5074 -5490 -5613 -5735 -5783 -5726 -5696 -5637 -5627 -5558 -5438 -5344 -5381 -5445 -5484 -5493 -5455 -5357 -5307 -5298 -5334
-381 -409 -1233 -2746 -3749 -5071 -5433 -3544 -3889 -3462 -3423 -3898 -4488 -4672 -4886 -5344 -5629 -5626 -5526 -5452 -5554 -5596 -4571 -3279 -2806 -2640 -3072 -3416 -3923 -4145 -4405 -4960 -5481 -5698 -5758 -5665 -5632 -5628 -5634 -5533 -5408 -5356 -5380 -5450 -5491 -5509 -5515 -5432 -5424 -5410 -5426
-287 -422 -1286 -2826 -3564 -5237 -5366 -3528 -3958 -3784 -3624 -3817 -4417 -4192 -4446 -5062 -5583 -5613 -5303 -4861 -4585 -4630 -3964 -3303 -2776 -2745 -3278 -3683 -4103 -3917 -3880 -4455 -5366 -5691 -5763 -5701 -5619 -5615 -5536 -5492 -5372 -5400 -5383 -5385 -5440 -5499 -5553 -5538 -5550 -5551 -5575
-293 -460 -1376 -2986 -3738 -5161 -5226 -3438 -4024 -4125 -3993 -4058 -4313 -3997 -4165 -5046 -5479 -5297 -5150 -4603 -3842 -4073 -3844 -3253 -2676 -2972 -3492 -3898 -4071 -3714 -3750 -4301 -5359 -5665 -5730 -5682 -5614 -5565 -5451 -5373 -5337 -5354 -5262 -5350 -5343 -5478 -5563 -5609 -5659 -5682 -5701
-295 -508 -1494 -3219 -4481 -5116 -4959 -3431 -4102 -4033 -4126 -4500 -4237 -3433 -4540 -5046 -5294 -5123 -4902 -4170 -3755 -3831 -3674 -3100 -2539 -3205 -3495 -3797 -3843 -3948 -4114 -4764 -5395 -5658 -5727 -5685 -5616 -5535 -5444 -5337 -5288 -5336 -5222 -5311 -5363 -5474 -5575 -5658 -5737 -5791 -5752
-294 -551 -1550 -3303 -4402 -4861 -4526 -2902 -3267 -3222 -3818 -4723 -3952 -3362 -4386 -4864 -5049 -4761 -4606 -3682 -3569 -3698 -3479 -2910 -2497 -3251 -3411 -3454 -3797 -4284 -4980 -5242 -5488 -5658 -5712 -5654 -5574 -5482 -5369 -5294 -5251 -5336 -5242 -5174 -5333 -5445 -5553 -5679 -5765 -5788 -5804
-291 -585 -1581 -3376 -4756 -4759 -4211 -2451 -2390 -4694 -4618 -3547 -3127 -3918 -4347 -4651 -4682 -4551 -4482 -3292 -3564 -3506 -3319 -2914 -2642 -3034 -3206 -3199 -3714 -4545 -5253 -5344 -5485 -5624 -5748 -5650 -5526 -5437 -5327 -5272 -5274 -5292 -5195 -5116 -5230 -5397 -5468 -5674 -5744 -5817 -5889
-284 -602 -1516 -3070 -4120 -4882 -3807 -2293 -2616 -4685 -4740 -3148 -2677 -4407 -4204 -4387 -4186 -4278 -4434 -2949 -3399 -3390 -3377 -3064 -2734 -2773 -2976 -2840 -3429 -3950 -4772 -5225 -5409 -5631 -5736 -5652 -5495 -5431 -5286 -5235 -5249 -5248 -5123 -5190 -5248 -5345 -5429 -5646 -5739 -5828 -5940
-275 -516 -1394 -2748 -3670 -4842 -3601 -2551 -4794 -4520 -4180 -3437 -2907 -4623 -3991 -3987 -3849 -3992 -4319 -2812 -3482 -4539 -4466 -3471 -2767 -2595 -2623 -2672 -3185 -4026 -5035 -5295 -5376 -5612 -5711 -5638 -5480 -5421 -5232 -5183 -5196 -5221 -5114 -5126 -5245 -5259 -5394 -5636 -5735 -5842 -5938
-263 -502 -1234 -2338 -3210 -4430 -4083 -3608 -4849 -4146 -3670 -4018 -3438 -4413 -3822 -3561 -3540 -3746 -4137 -2948 -4452 -5360 -5294 -4466 -2837 -2655 -2799 -3139 -3653 -4973 -5476 -5528 -5457 -5660 -5715 -5649 -5492 -5377 -5210 -5155 -5166 -5181 -5111 -5140 -5263 -5264 -5362 -5638 -5740 -5851 -5939
-243 -489 -1030 -1742 -2037 -2546 -4469 -4775 -4710 -3966 -3494 -3429 -3710 -3605 -3551 -3255 -3255 -3628 -2996 -3460 -4844 -5302 -5207 -5011 -3053 -2819 -3097 -3714 -4619 -5333 -5466 -5510 -5596 -5721 -5711 -5621 -5510 -5357 -5218 -5137 -5143 -5134 -5111 -5174 -5308 -5349 -5513 -5693 -5785 -5873 -5995
-210 -415 -809 -1118 -930 -1611 -3746 -4263 -4275 -3746 -3350 -3084 -3017 -3222 -3145 -3010 -2888 -3675 -3381 -4254 -5017 -5199 -5189 -4950 -4328 -2943 -3311 -4419 -4861 -5258 -5524 -5612 -5691 -5749 -5734 -5600 -5548 -5331 -5247 -5155 -5142 -5084 -5155 -5253 -5259 -5399 -5565 -5723 -5810 -5891 -5960
-178 -263 -606 -657 -121 -248 -863 -3064 -3523 -2875 -2984 -2814 -2995 -3017 -3219 -2860 -2613 -3542 -3529 -4682 -4914 -4983 -5038 -4750 -4675 -2901 -3439 -4410 -5097 -5276 -5584 -5568 -5714 -5776 -5738 -5572 -5492 -5327 -5286 -5180 -5130 -5049 -5058 -5259 -5344 -5545 -5636 -5765 -5850 -5911 -5959
-155 -187 -355 -353 -42 -9 -17 -2002 -2002 -467 -1442 -2354 -2686 -2688 -2588 -2714 -2434 -3224 -4063 -4902 -4738 -4710 -4885 -4727 -4418 -2600 -3455 -4477 -5136 -5292 -5415 -5637 -5793 -5825 -5773 -5589 -5450 -5341 -5309 -5210 -5077 -5041 -5057 -5172 -5299 -5738 -5678 -5806 -5894 -5945 -5986
-150 -157 -248 -177 37 47 32 21 11 0 83 -1470 -2118 -2470 -2508 -2506 -2317 -2931 -3969 -4323 -4566 -4433 -4695 -4749 -4401 -2621 -3361 -4578 -5302 -5744 -5700 -5901 -5792 -5848 -5740 -5619 -5438 -5364 -5285 -5237 -5167 -4928 -5063 -5165 -5528 -6236 -5979 -5866 -5903 -5952 -5960
-160 -166 -160 -110 37 43 47 29 21 42 -64 89 -887 -1619 -1893 -2158 -2276 -3096 -3621 -4142 -4387 -4504 -4646 -4613 -4312 -3825 -3538 -4803 -5795 -7578 -5865 -5907 -5779 -5794 -5684 -5570 -5474 -5419 -5220 -5243 -5086 -4899 -4909 -5087 -5434 -5512 -5738 -5838 -5885 -5941 -5970
-189 -207 -172 -96 39 71 98 81 57 41 71 -104 78 -858 -1519 -1822 -1998 -2911 -3501 -3991 -4117 -4374 -4709 -4545 -4362 -4438 -4341 -5083 -5662 -6001 -5721 -5651 -5672 -5708 -5659 -5575 -5515 -5413 -5324 -5166 -4920 -4772 -4824 -4949 -5175 -5389 -5668 -5778 -5800 -5901 -6031
-211 -232 -181 -86 -54 2 53 53 61 -3 -9 -118 74 -577 -1249 -1606 -2050 -2528 -2850 -3469 -3989 -4283 -4538 -4335 -4604 -4471 -4777 -5083 -5334 -5397 -5314 -5419 -5571 -5634 -5628 -5520 -5502 -5379 -5332 -4974 -4867 -4787 -4937 -5036 -5209 -5423 -5634 -5718 -5738 -5874 -6041
-219 -238 -207 -128 -131 -100 -104 -73 -44 -51 -82 -63 -211 71 -746 -1437 -2004 -2255 -2175 -3235 -4107 -4454 -4073 -4020 -4497 -4753 -4775 -4627 -4677 -4857 -5092 -5309 -5511 -5606 -5585 -5489 -5341 -5280 -4982 -4894 -4903 -4895 -4864 -4934 -5083 -5445 -5563 -5637 -5721 -5862 -6002
-227 -242 -217 -164 -161 -194 -186 -183 -164 -149 -154 -109 -234 59 -757 -1488 -1906 -2118 -3083 -4120 -4425 -4377 -3772 -3960 -4258 -4702 -4663 -4342 -4208 -4646 -4987 -5268 -5476 -5557 -5531 -5401 -5228 -4986 -4836 -4905 -4919 -4861 -4819 -4842 -5194 -5329 -5425 -5555 -5753 -5835 -5908
-230 -246 -246 -213 -233 -215 -216 -246 -249 -247 -226 -178 -273 68 -758 -1583 -2091 -2386 -3532 -4395 -4442 -4277 -3615 -3564 -3939 -4448 -4450 -4169 -4251 -4795 -5075 -5340 -5487 -5546 -5532 -5342 -5163 -5008 -4832 -4697 -4918 -4836 -4799 -4947 -5411 -5422 -5596 -5552 -5775 -5831 -5855
-231 -249 -256 -269 -249 -230 -263 -290 -316 -296 -247 -232 -276 64 -1080 -1944 -2112 -2678 -3738 -4493 -4462 -4237 -3509 -3213 -3579 -4155 -4117 -4122 -4399 -4821 -5050 -5273 -5429 -5486 -5498 -5314 -5074 -4818 -4694 -4638 -4886 -4825 -4864 -4880 -5710 -5163 -5386 -5518 -5759 -5825 -5816
-230 -254 -303 -268 -255 -255 -332 -342 -401 -232 -549 -464 -142 -704 -1567 -2070 -2459 -3322 -4170 -4547 -4406 -4149 -3527 -3048 -3525 -3882 -4101 -4343 -4486 -4763 -5049 -5208 -5349 -5437 -5412 -5294 -5138 -4885 -4822 -4677 -4897 -4826 -4977 -4823 -4885 -4920 -5154 -5407 -5877 -5797 -5817
-228 -259 -312 -263 -243 -286 -374 -419 -377 -363 -1824 -2257 -1951 -1740 -1963 -2437 -3266 -3722 -4411 -4448 -4318 -4067 -3527 -3174 -3521 -3690 -4043 -4289 -4456 -4647 -4932 -5029 -5152 -5285 -5369 -5353 -5249 -5003 -4929 -4915 -5000 -4974 -5006 -4883 -4894 -4958 -5183 -5328 -5608 -5752 -5803
-227 -264 -312 -254 -238 -336 -367 -484 -168 -1568 -2067 -2331 -2446 -2414 -2412 -2963 -3103 -3800 -4315 -4390 -4343 -4060 -3668 -3164 -3319 -3676 -3847 -3932 -4125 -4498 -4930 -4997 -5037 -5135 -5284 -5281 -5087 -4944 -5072 -5084 -5170 -4915 -4915 -4876 -4773 -4781 -5001 -5204 -5510 -5675 -5753
-226 -269 -309 -245 -251 -375 -367 -433 -410 -1915 -2399 -2375 -2724 -2855 -2799 -3060 -2514 -3599 -4031 -4274 -4388 -4206 -3720 -3101 -2803 -3742 -3606 -3419 -3740 -4397 -4713 -4951 -5069 -5063 -5226 -5257 -5121 -4982 -4892 -5193 -5217 -4796 -4831 -4799 -4802 -4772 -4959 -5086 -5390 -5559 -5656
-222 -272 -307 -253 -284 -386 -389 -252 -1001 -2176 -2891 -3195 -3299 -3271 -3016 -2716 -2392 -3722 -3829 -4095 -4209 -3992 -3608 -2984 -2673 -3699 -3768 -3423 -3722 -4372 -4605 -4879 -5045 -5080 -5184 -5268 -5180 -4996 -4984 -5260 -5151 -4784 -4769 -4718 -4676 -4661 -4815 -4977 -5268 -5458 -5568
-216 -271 -306 -275 -324 -386 -423 -243 -2193 -2627 -3476 -3912 -3741 -3451 -3078 -2373 -2666 -4664 -4509 -4324 -3932 -3768 -3480 -2434 -2685 -3902 -4173 -4152 -4263 -4576 -4688 -4906 -5141 -5146 -5208 -5244 -5129 -5059 -5101 -5403 -5442 -4712 -4640 -4612 -4612 -4673 -4780 -4891 -5152 -5349 -5476
-202 -268 -305 -313 -357 -382 -453 -390 -2358 -2860 -3727 -4115 -4021 -3599 -2985 -2892 -3509 -4530 -4441 -4484 -4200 -3857 -3468 -2224 -2817 -4080 -4402 -4388 -4379 -4480 -4372 -4692 -5048 -5105 -5236 -5246 -5092 -5001 -4977 -4911 -5195 -4750 -4613 -4572 -4563 -4624 -4750 -4814 -5035 -5231 -5380
-195 -264 -317 -345 -390 -378 -513 -458 -2441 -2926 -3456 -4095 -3916 -3544 -3230 -4285 -4413 -4462 -4428 -4420 -4750 -4019 -3524 -2451 -3004 -4162 -4458 -4374 -4189 -4346 -4459 -4729 -5083 -5121 -5235 -5223 -5077 -5027 -5046 -4976 -4805 -4709 -4610 -4540 -4459 -4583 -4692 -4751 -4937 -5136 -5299
-192 -258 -335 -368 -424 -389 -602 -535 -2464 -2942 -3233 -3986 -3958 -3364 -3256 -4776 -4619 -4556 -4389 -4417 -4688 -4010 -3532 -2695 -2850 -4012 -4233 -3899 -4019 -4525 -4824 -5004 -5065 -5039 -5083 -5171 -5039 -5008 -4906 -4877 -4825 -4605 -4484 -4332 -4373 -4419 -4624 -4709 -4861 -5052 -5219
-194 -249 -356 -392 -443 -428 -650 -644 -2279 -2668 -3198 -3981 -3601 -2784 -3408 -4739 -4636 -4511 -4334 -4447 -4716 -3931 -3525 -2849 -2466 -3796 -4040 -3774 -4138 -4423 -4774 -5114 -5097 -4996 -4970 -5118 -4972 -4945 -4827 -4845 -4661 -4481 -4345 -4225 -4281 -4382 -4561 -4681 -4809 -4983 -5127
-327 -237 -377 -432 -444 -475 -547 -901 -2175 -2473 -2814 -3381 -3025 -2629 -3806 -4604 -4594 -4387 -4001 -4471 -4712 -3918 -3452 -3190 -2294 -3355 -3918 -3868 -4182 -4468 -4750 -4930 -4984 -4834 -4949 -4967 -4818 -4761 -4668 -4633 -4587 -4387 -4201 -4140 -4207 -4308 -4474 -4642 -4773 -4926 -5094
-289 -278 -369 -453 -440 -503 -393 -1507 -2062 -2238 -2386 -2597 -2567 -2875 -3965 -4491 -4447 -4045 -4320 -4392 -4189 -3813 -3358 -3425 -2544 -3198 -3796 -3982 -4266 -4565 -4898 -4940 -4929 -4811 -4935 -4817 -4706 -4618 -4461 -4461 -4465 -4318 -4166 -4074 -4173 -4318 -4413 -4618 -4746 -4882 -4991
-181 -284 -320 -455 -448 -492 -451 -737 -1782 -2181 -2447 -2577 -2714 -3283 -4161 -4316 -4312 -4199 -4379 -4367 -4229 -3546 -3310 -3656 -3184 -3509 -3935 -4135 -4391 -4729 -5113 -4979 -4988 -4899 -4992 -4799 -4598 -4436 -4285 -4275 -4465 -4423 -4147 -4008 -4179 -4158 -4278 -4595 -4728 -4874 -4957
-171 -274 -296 -426 -433 -492 -613 -744 -1678 -2132 -2715 -3185 -3280 -3352 -3512 -4033 -4058 -4005 -4390 -3953 -3858 -3461 -3613 -3926 -4193 -3892 -4019 -4177 -4444 -4711 -4970 -5067 -4935 -5014 -4977 -4700 -4482 -4302 -4247 -4143 -4226 -4196 -4116 -3987 -3982 -4039 -4199 -4507 -4630 -4779 -4878
-173 -266 -290 -378 -395 -561 -972 -1177 -1743 -2206 -2751 -3058 -3203 -3408 -3600 -3920 -3960 -3794 -3844 -3849 -3849 -3651 -3783 -4119 -4415 -4292 -4178 -4245 -4400 -4604 -4748 -4773 -4861 -5073 -4998 -4807 -4548 -4339 -4217 -4122 -4014 -3935 -3857 -3809 -3822 -3945 -4114 -4370 -4538 -4674 -4815
-203 -262 -302 -317 -412 -463 -830 -779 -1303 -2189 -2419 -2884 -3346 -3717 -3766 -3273 -2998 -2855 -3218 -3352 -3421 -3387 -3620 -3960 -4394 -4699 -4854 -4589 -4671 -4725 -4707 -4708 -4787 -4867 -4773 -4707 -4571 -4448 -4236 -4066 -3789 -3628 -3553 -3523 -3588 -3744 -3900 -4136 -4360 -4561 -4726
-207 -250 -295 -281 -412 -412 -724 -517 -1042 -2059 -2342 -2784 -3369 -3790 -3575 -2496 -1947 -1923 -2694 -3111 -3231 -3288 -3548 -4002 -4420 -4759 -4837 -4723 -4801 -4789 -4695 -4648 -4645 -4669 -4538 -4520 -4522 -4433 -4270 -3902 -3593 -3409 -3347 -3318 -3381 -3534 -3771 -3967 -4186 -4454 -4665
-191 -234 -269 -247 -382 -417 -734 -547 -963 -2014 -2282 -2616 -3242 -3555 -3293 -1706 -1882 -1879 -3153 -3120 -3330 -3366 -3599 -4026 -4339 -4571 -4726 -4685 -4722 -4746 -4645 -4604 -4645 -4575 -4366 -4369 -4409 -4295 -4074 -3669 -3421 -3265 -3220 -3195 -3252 -3406 -3626 -3834 -4027 -4325 -4598
