---
Cu Potential [ft] Valid 1300 PST ~Z75~(2100Z)~Z~ MON 22 May 2017 ~Z75~[21hrFcst@1239z]~Z~
Model= RASP Region= PANOCHE Grid= d2 Reskm= 4.0 Indexs= 1 51 1 69 Proj= lambert 4000 4000 40.0000 40.0000 -73.0000 36.6487 -121.0445
Day= 2017 5 22 MON ValidLST= 1300 PST ValidZ= 2100 Fcst= 21.0 Init= 12 Param= zsfclcldif Unit= ft Mult= 1 Min= -9554 Max= 49
-179 -187 -181 -206 -117 0 -92 -17 -812 -2560 -3391 -4219 -4663 -5121 -5426 -5264 -5045 -4465 -2763 -3026 -3306 -3676 -3927 -4229 -4419 -4639 -4838 -5062 -5243 -5478 -5774 -5970 -6106 -6215 -6125 -5968 -5644 -5454 -5322 -5290 -5158 -5208 -5422 -6108 -6183 -6366 -6335 -6384 -6392 -6486 -6630
-205 -217 -199 -214 -104 0 -69 -5 -667 -2198 -3317 -4007 -4576 -5082 -5498 -5375 -5127 -3624 -2941 -3196 -3488 -3809 -4041 -4287 -4483 -4695 -4880 -5078 -5292 -5532 -5793 -5979 -6111 -6198 -6127 -5895 -5649 -5421 -5377 -5356 -5268 -5254 -5438 -5984 -6149 -6304 -6365 -6428 -6392 -6440 -6596
-232 -250 -209 -168 -68 -33 -162 -199 -769 -2072 -3151 -3940 -4595 -5171 -5653 -5526 -5039 -3248 -3118 -3305 -3599 -3855 -4109 -4347 -4533 -4725 -4917 -5127 -5301 -5497 -5724 -5875 -5960 -6054 -5980 -5814 -5554 -5435 -5328 -5346 -5250 -5181 -5386 -5801 -6004 -6170 -6284 -6374 -6353 -6393 -6550
-264 -287 -227 -81 -8 -95 -293 -478 -763 -1530 -2998 -4134 -4824 -5304 -5696 -5574 -4761 -3319 -3258 -3455 -3671 -3872 -4199 -4454 -4606 -4780 -5001 -5197 -5311 -5428 -5581 -5663 -5722 -5804 -5732 -5697 -5526 -5378 -5238 -5201 -5040 -5013 -5176 -5508 -5748 -5943 -6100 -6143 -6307 -6333 -6444
-277 -303 -230 -31 -14 -87 -35 0 -7 -8 -3672 -4810 -5210 -5412 -5496 -5267 -3742 -3421 -3470 -3880 -3883 -3978 -4281 -4564 -4679 -4843 -5033 -5269 -5305 -5385 -5572 -5411 -5542 -5562 -5547 -5608 -5414 -5119 -4918 -5149 -4884 -4956 -4917 -5222 -5567 -5817 -5992 -6011 -6191 -6285 -6261
-273 -298 -224 -35 -46 -105 -119 -64 20 -2156 -3866 -4734 -5137 -5363 -5282 -4405 -3478 -3561 -3558 -3886 -3940 -4215 -4390 -4677 -4725 -4858 -5018 -5105 -5268 -5365 -5254 -5184 -5494 -5425 -5512 -5514 -5455 -5309 -4843 -4989 -4840 -4899 -4865 -5301 -5524 -5748 -5881 -5958 -6025 -6118 -6135
-256 -286 -216 -58 -97 -111 -155 -7 4 -2518 -4286 -5081 -5351 -5357 -4560 -3528 -3490 -3798 -3852 -4190 -4321 -4422 -4478 -4807 -4746 -4857 -4996 -5052 -5294 -5235 -5111 -5237 -5246 -5278 -5461 -5376 -5300 -5209 -4932 -5018 -4900 -4979 -4827 -5160 -5407 -5668 -5784 -5828 -5907 -5984 -6067
-247 -274 -203 -87 -129 -138 -198 24 -1022 -3165 -4526 -5333 -5447 -5193 -3802 -3536 -3657 -3513 -3961 -4438 -4494 -4438 -4395 -4813 -4724 -4915 -4990 -4915 -5256 -5068 -5012 -4776 -4964 -5164 -5249 -5189 -5135 -5158 -4924 -4915 -4893 -4949 -4948 -5123 -5425 -5479 -5791 -5777 -5828 -5905 -6008
-244 -263 -193 -117 -159 -198 -171 -183 13 -2920 -4689 -5535 -5622 -4275 -3761 -3871 -3751 -3704 -4275 -4713 -4671 -4500 -4488 -4750 -4703 -4875 -4943 -5107 -5079 -4987 -4495 -4449 -4723 -4919 -4940 -4930 -4973 -5126 -4960 -4912 -4901 -5070 -4961 -4992 -5323 -5536 -5829 -5729 -5775 -5877 -5978
-248 -257 -191 -135 -221 -253 -249 -202 9 -2877 -4641 -5369 -5241 -4140 -3940 -3905 -3671 -3800 -4516 -4884 -4768 -4488 -4405 -4542 -4655 -4775 -4923 -5069 -4903 -4202 -4164 -4412 -4662 -4808 -4802 -4821 -5032 -5188 -4988 -5063 -4860 -4991 -5155 -5201 -5415 -5639 -5681 -5697 -5765 -5809 -5951
-241 -246 -200 -200 -342 -363 -468 -76 -2023 -3661 -4805 -5364 -4220 -4312 -4280 -3956 -3613 -4233 -4814 -5053 -4870 -4553 -4390 -4414 -4513 -4690 -5031 -5305 -4345 -3657 -4160 -4596 -4717 -4661 -4827 -4839 -5004 -5090 -4984 -5158 -4955 -4933 -5263 -5326 -5390 -5726 -5543 -5788 -5676 -5745 -5927
-221 -234 -249 -328 -504 -592 -722 -571 -2853 -4360 -5306 -4132 -4363 -4464 -4335 -3901 -3893 -4668 -5063 -5164 -4909 -4595 -4338 -4302 -4331 -4728 -5081 -4643 -3734 -3873 -4386 -4559 -4686 -4894 -4916 -4950 -5063 -5160 -4894 -5118 -5014 -4992 -5187 -5416 -5562 -5638 -5401 -5550 -5612 -5699 -5875
-184 -220 -329 -509 -700 -1000 -932 -3213 -4292 -5051 -5464 -4019 -4210 -4234 -4158 -3827 -4156 -4791 -5221 -5214 -4888 -4538 -4238 -4238 -3894 -4632 -4809 -3847 -3862 -4209 -4378 -4434 -4847 -5198 -5011 -4922 -4819 -5091 -4992 -5029 -5100 -4935 -5099 -5385 -5301 -5508 -5416 -5533 -5609 -5714 -5885
-159 -206 -393 -692 -961 -1536 -1947 -4258 -5210 -5386 -5501 -3986 -3876 -3875 -3914 -4021 -4371 -4939 -5400 -5234 -4809 -4381 -4098 -4169 -3740 -4558 -4014 -3655 -4057 -4326 -4478 -4749 -5108 -5384 -5168 -5220 -5032 -4864 -4760 -4743 -5074 -4848 -5126 -5387 -5347 -5510 -5455 -5556 -5669 -5818 -5911
-36 -192 -451 -874 -1282 -2020 -2708 -5647 -5827 -5666 -4939 -3847 -3719 -3808 -4048 -4301 -4617 -5116 -5441 -5224 -4722 -4240 -3931 -3994 -3829 -4041 -3582 -3822 -4121 -4191 -4549 -4926 -5046 -5271 -5316 -5353 -5283 -5053 -5126 -4894 -5082 -4924 -4998 -5203 -5293 -5481 -5510 -5570 -5566 -5646 -5782
-17 -74 -497 -1043 -1541 -2357 -3422 -6109 -6082 -5178 -4037 -3679 -3554 -4002 -4269 -4565 -4954 -5415 -5442 -5131 -4600 -4121 -3759 -3646 -3771 -3524 -3495 -3930 -4005 -4078 -4576 -4945 -4983 -5002 -4979 -5173 -5166 -4938 -5051 -4916 -4908 -4894 -5102 -5187 -5309 -5260 -5350 -5502 -5712 -5947 -6087
9 -69 -559 -1202 -1715 -2603 -3994 -6455 -5927 -4907 -4068 -3417 -3687 -4204 -4398 -4686 -5098 -5308 -5230 -4955 -4457 -3955 -3638 -3374 -3554 -3272 -3487 -3815 -3716 -3978 -4462 -4841 -5010 -5009 -5019 -5094 -5153 -5063 -5162 -4928 -4826 -4872 -5065 -5116 -5239 -5318 -5471 -5622 -5898 -6034 -6149
16 -84 -627 -1343 -1833 -2734 -4466 -6193 -5491 -4652 -3924 -3406 -3870 -4349 -4720 -4791 -5059 -5232 -4970 -4714 -4298 -3839 -3567 -3303 -3349 -3033 -3420 -3598 -3507 -4040 -4645 -4930 -4980 -4977 -4913 -5067 -5041 -4814 -5010 -4956 -4906 -5005 -4997 -5030 -5196 -5449 -5579 -5756 -5963 -6102 -6172
42 -115 -702 -1472 -1934 -2782 -4985 -6055 -4504 -3942 -3629 -3513 -4244 -4435 -4924 -4846 -4788 -4894 -4630 -4500 -4119 -3733 -3422 -3155 -3238 -2847 -3173 -3321 -3628 -4532 -4855 -4920 -5031 -4570 -4886 -5055 -5087 -4981 -4961 -4925 -4915 -5155 -5142 -5004 -5249 -5442 -5792 -5861 -6025 -6130 -6193
22 -48 -769 -1604 -2085 -2984 -5779 -5845 -3998 -3691 -3628 -3613 -4573 -4521 -4994 -4832 -4359 -4429 -4458 -4409 -4005 -3685 -3279 -2998 -3033 -2702 -3086 -3459 -4328 -4867 -4985 -5273 -4464 -4328 -4905 -4989 -4941 -4968 -4950 -4997 -4973 -5159 -5228 -5035 -5233 -5469 -5985 -5939 -6068 -6226 -6213
1 -72 -823 -1734 -2291 -3701 -5769 -5683 -3719 -3422 -3438 -3993 -4661 -4758 -4926 -4477 -3885 -4587 -4483 -4264 -3833 -3584 -3194 -2917 -2917 -2614 -3063 -4045 -4650 -4878 -5361 -4863 -4017 -4492 -4872 -5036 -4987 -4970 -4854 -4944 -5060 -5153 -5234 -5122 -5308 -5485 -6035 -6033 -6160 -6348 -6269
-21 -93 -877 -1867 -2563 -3956 -5394 -5805 -3465 -3193 -3648 -4316 -4648 -4980 -4839 -3810 -3833 -4683 -4608 -4052 -3654 -3455 -3203 -2921 -2935 -2752 -3382 -4198 -4626 -5049 -5223 -3877 -4148 -4584 -4872 -5064 -5008 -5042 -4838 -4975 -5136 -5067 -5172 -5173 -5301 -5562 -6091 -6164 -6301 -6557 -6406
-31 -181 -897 -1945 -2633 -4039 -5528 -5830 -3391 -3106 -4008 -4342 -4749 -4926 -4479 -3508 -4086 -4545 -4751 -4167 -3708 -3469 -3307 -3084 -3176 -2934 -3594 -4175 -4589 -4777 -4041 -3915 -4384 -4609 -4961 -4964 -4773 -4865 -4768 -4935 -5117 -5159 -5208 -5319 -5278 -5700 -6146 -6214 -6344 -6624 -6536
-82 -163 -882 -2014 -2791 -4318 -5847 -5875 -3624 -3131 -4266 -4359 -4854 -4660 -3781 -3558 -4330 -4624 -4746 -4289 -3837 -3558 -3404 -3153 -3165 -2929 -3723 -4400 -4739 -4381 -3911 -4243 -4418 -4594 -4948 -5017 -4989 -5004 -4946 -4879 -5119 -5298 -5439 -5226 -5311 -5861 -6153 -6202 -6318 -6566 -6494
-76 -110 -861 -2077 -3033 -4730 -6468 -5815 -3530 -3291 -4492 -4472 -4832 -4350 -3337 -3791 -4290 -4671 -4663 -4260 -3999 -3677 -3528 -3421 -3025 -2836 -3646 -3859 -3638 -3732 -3694 -3986 -4120 -4572 -4981 -4958 -4698 -4910 -4906 -5041 -5122 -5219 -5570 -5442 -5532 -5767 -6088 -6131 -6181 -6359 -6296
-55 -70 -839 -2102 -2903 -4398 -6282 -4688 -3302 -3630 -4824 -4580 -4551 -3958 -3316 -4096 -4565 -4806 -4668 -4376 -4123 -3851 -3625 -3264 -2788 -2512 -2882 -2977 -2883 -3423 -3462 -3500 -3928 -4441 -4942 -4981 -4656 -4792 -4977 -5088 -5303 -5138 -5554 -5312 -5682 -5535 -6082 -6030 -6195 -6277 -6235
-36 -38 -816 -2122 -2957 -4322 -5984 -4283 -3142 -4175 -4900 -4493 -4183 -3482 -3580 -4081 -4506 -4725 -4389 -4534 -4054 -3632 -3283 -2935 -2618 -2371 -2708 -2895 -2893 -3195 -3262 -3436 -3941 -4510 -4734 -4599 -4380 -4342 -4895 -5026 -5216 -5216 -5534 -5400 -5919 -5604 -6092 -5886 -6205 -6218 -6344
-30 -14 -793 -2124 -2915 -4422 -5776 -4247 -3000 -4488 -5077 -4225 -3610 -3360 -3779 -4234 -4611 -4716 -4295 -4162 -3730 -3309 -2875 -2619 -2512 -2210 -2487 -2898 -2901 -3088 -3245 -3491 -3929 -4416 -4807 -4865 -4688 -4503 -4704 -5003 -5216 -5272 -5592 -5468 -5804 -5739 -5856 -6125 -6135 -6385 -6408
-23 4 -789 -2177 -2988 -4582 -5692 -4443 -3071 -4497 -4131 -2986 -3270 -3537 -3861 -4140 -4409 -4298 -4378 -4048 -3590 -3211 -2747 -2412 -2270 -1887 -2378 -2913 -2758 -3004 -3369 -3572 -3940 -4267 -4544 -4551 -4714 -4502 -4747 -4948 -5244 -5238 -5712 -5555 -5921 -5742 -6051 -5961 -6283 -6314 -6517
-19 18 -796 -2238 -3007 -4869 -5488 -4310 -3109 -4237 -3251 -3080 -3402 -3740 -4047 -4458 -4637 -4465 -4412 -4058 -3613 -3186 -2694 -2316 -2056 -1777 -2402 -2736 -2775 -3190 -3528 -3685 -3942 -4342 -4685 -4715 -4799 -4623 -4718 -5029 -5219 -5177 -5662 -5492 -5795 -5849 -5922 -6079 -6115 -6435 -6452
-21 28 -808 -2286 -2833 -5153 -5463 -3403 -3198 -3673 -3178 -3458 -3664 -3769 -4026 -4193 -4099 -4236 -4004 -3551 -3248 -2950 -2536 -2243 -1907 -1819 -2439 -2707 -3041 -3405 -3491 -3654 -3967 -4210 -4526 -4456 -4645 -4544 -4794 -4926 -5291 -5262 -5653 -5655 -6003 -6055 -5836 -6083 -6142 -6193 -6486
-35 38 -829 -2361 -2752 -5275 -5260 -3135 -3137 -3436 -3214 -3765 -3913 -3903 -3691 -3830 -4373 -4360 -3899 -3139 -2736 -2683 -2517 -2275 -1836 -2096 -2437 -2926 -3234 -3404 -3334 -3578 -4117 -4497 -4648 -4591 -4581 -4620 -4669 -5043 -5308 -5278 -5620 -5742 -5866 -6050 -5968 -6193 -6220 -6234 -6282
-67 41 -872 -2493 -3213 -5003 -5147 -3174 -2813 -3267 -3268 -3994 -3931 -3270 -3240 -3726 -4276 -4175 -3578 -2982 -2545 -2500 -2445 -2255 -1814 -2322 -2739 -3014 -3041 -3188 -3278 -3489 -3915 -4322 -4431 -4423 -4479 -4605 -4673 -4952 -5302 -5518 -5368 -5769 -5792 -6013 -6058 -6201 -6241 -6258 -6302
-114 49 -919 -2681 -3848 -4729 -4731 -3231 -2599 -2880 -3243 -3994 -3530 -2791 -4109 -4763 -5078 -4156 -3471 -2986 -2564 -2404 -2301 -2113 -1567 -2425 -2743 -2847 -2900 -3281 -3390 -3590 -3959 -4384 -4515 -4504 -4529 -4743 -4718 -4941 -5214 -5610 -5428 -5608 -5891 -5916 -6095 -6196 -6206 -6275 -6335
-154 35 -948 -2705 -3931 -4415 -4304 -2470 -1644 -1885 -2395 -3555 -3065 -2961 -4406 -4640 -4562 -4381 -3304 -2699 -2460 -2281 -2144 -1869 -1667 -2346 -2633 -2620 -2937 -3412 -3506 -3681 -3980 -4259 -4415 -4633 -4751 -4765 -4788 -5003 -5139 -5586 -5641 -5530 -5868 -5828 -6088 -6177 -6250 -6311 -6339
-165 -12 -974 -2732 -4118 -4229 -3791 -1857 -1216 -3691 -4278 -1678 -2586 -3808 -4316 -4444 -4380 -4133 -3381 -2293 -2315 -2273 -2048 -1972 -1922 -2363 -2425 -2592 -2918 -3415 -3556 -3732 -4012 -4210 -4363 -4487 -4770 -4869 -4856 -5034 -5034 -5522 -5458 -5797 -5653 -5679 -6173 -6151 -6233 -6297 -6315
-171 -54 -1010 -2572 -3386 -4511 -3309 -1672 -1166 -3338 -4162 -2279 -1909 -4501 -3964 -4279 -4147 -3998 -3233 -1873 -1653 -1939 -2133 -2021 -1874 -1975 -2462 -2608 -2860 -3074 -3432 -3785 -4069 -4325 -4477 -4622 -4807 -4941 -4830 -5035 -5146 -5451 -5481 -5904 -5730 -5865 -6325 -6191 -6259 -6306 -6277
-89 -88 -978 -2343 -3013 -4671 -3152 -1733 -1524 -3816 -4096 -3899 -1495 -4341 -4107 -4010 -3815 -3944 -3435 -1542 -1600 -2156 -2089 -1782 -1685 -1667 -2190 -2507 -2717 -2942 -3376 -3709 -3933 -4178 -4379 -4586 -4804 -5015 -4860 -4967 -5255 -5327 -5721 -5745 -5645 -6002 -6304 -6297 -6335 -6300 -6213
-92 -109 -923 -2062 -2574 -4927 -4483 -2196 -3456 -4470 -4312 -3656 -3726 -3723 -3981 -3760 -3543 -3897 -3019 -1311 -2010 -2161 -1911 -1650 -1517 -1825 -2308 -2543 -2833 -3284 -3647 -3875 -4001 -4324 -4480 -4678 -4683 -4939 -4963 -4909 -5421 -5287 -5788 -5760 -5587 -6167 -6178 -6178 -6254 -6270 -6163
-103 -95 -846 -1766 -2223 -3100 -5132 -4963 -4887 -4774 -4297 -3830 -3429 -3394 -3695 -3492 -3300 -3879 -1487 -1478 -2410 -2019 -1906 -1657 -1609 -1838 -2497 -2593 -3008 -3427 -3652 -3889 -4140 -4523 -4612 -4747 -4789 -4900 -5031 -4900 -5433 -5285 -5591 -5771 -5574 -6078 -5964 -6131 -6219 -6244 -6157
-101 -117 -750 -1458 -1869 -2042 -4852 -5382 -4826 -4229 -4082 -3731 -3480 -3468 -3519 -3181 -3125 -3743 -1199 -1758 -2189 -1987 -1974 -1755 -1491 -1632 -2440 -2731 -3108 -3497 -3839 -4055 -4306 -4677 -4733 -4743 -4886 -4871 -5058 -4972 -5413 -5280 -5618 -5787 -5615 -5923 -6010 -6095 -6174 -6192 -6075
-89 -122 -639 -1132 -1377 -1616 -1759 -3885 -4039 -3093 -3334 -3255 -3322 -3266 -3487 -2863 -2817 -3449 -1035 -1689 -2091 -2603 -2312 -1898 -1492 -1438 -2399 -2814 -3305 -3722 -3884 -4099 -4383 -4599 -4638 -4844 -5055 -4898 -5050 -5076 -5240 -5233 -5726 -5871 -5696 -5906 -5890 -6050 -6073 -6134 -6026
-71 -106 -504 -778 -735 -885 -759 -2628 -2873 -1383 -1813 -2435 -2676 -2663 -2640 -2522 -2525 -2754 -1562 -1618 -3284 -3989 -3066 -2130 -1579 -1429 -2356 -2902 -3405 -3733 -3819 -4116 -4473 -4631 -4604 -4718 -4894 -4922 -5143 -5396 -5023 -5298 -5662 -5683 -5824 -6152 -6073 -5969 -5992 -6078 -6048
-71 -99 -404 -545 -381 -401 -494 -414 -398 -528 -242 -1603 -1871 -2236 -2245 -2292 -2283 -2744 -3851 -3865 -4051 -4369 -3600 -2274 -1741 -1656 -2309 -3016 -3579 -3936 -4066 -4513 -4591 -4775 -4694 -4798 -4843 -4931 -5175 -5316 -5280 -5334 -5595 -5544 -6035 -6228 -5821 -5794 -5934 -6043 -5922
-80 -103 -287 -367 -253 -207 -212 -215 -267 -226 -416 48 -865 -1486 -1720 -1946 -2085 -2961 -3756 -4131 -4365 -4462 -4226 -2558 -2253 -1997 -2439 -3213 -4039 -9554 -4282 -4702 -4542 -4677 -4529 -4815 -4982 -5030 -4927 -5273 -5568 -5301 -5488 -5458 -5788 -5787 -5506 -5725 -5946 -6001 -5855
-105 -115 -245 -260 -123 -100 -159 -187 -251 -410 -336 -534 47 -889 -1477 -1764 -2036 -2783 -3412 -3872 -4183 -4575 -4467 -4242 -2934 -2403 -2678 -3406 -3901 -4398 -4513 -4583 -4706 -4816 -4747 -4885 -4997 -5077 -5094 -5281 -5498 -5293 -5431 -5418 -5377 -5638 -5631 -5840 -5882 -5888 -5865
-158 -203 -187 -107 -107 -119 -133 -234 -320 -480 -360 -604 -42 -792 -1356 -1663 -2031 -2333 -2649 -3342 -3979 -4442 -5937 -5958 -5109 -2525 -2918 -3511 -3755 -3977 -4203 -4473 -4634 -4695 -4706 -4739 -5050 -5063 -5479 -5255 -5456 -5220 -5483 -5420 -5408 -5698 -5814 -5798 -5775 -5789 -5787
-221 -262 -253 -188 -178 -161 -174 -318 -409 -365 -496 -475 -520 -206 -1053 -1533 -2044 -2244 -2324 -3073 -4273 -4389 -4327 -4064 -2556 -2510 -3150 -3572 -3656 -3757 -4099 -4321 -4585 -4767 -4870 -4806 -5144 -5290 -5558 -5258 -5400 -5421 -5437 -5022 -5109 -5555 -5509 -5593 -5676 -5700 -5738
-228 -292 -271 -203 -240 -261 -282 -319 -401 -470 -557 -481 -670 -17 -1192 -1784 -2012 -2248 -2924 -3577 -4189 -4443 -3572 -2515 -2161 -2563 -3391 -3477 -3359 -3440 -3978 -4343 -4638 -4684 -4688 -4711 -5030 -5315 -5488 -5204 -5412 -5309 -5341 -4862 -5403 -5838 -5603 -5439 -5623 -5608 -5574
-241 -335 -314 -219 -226 -234 -279 -322 -438 -542 -583 -520 -684 -76 -1273 -1980 -2309 -2414 -3497 -2919 -3569 -3612 -2986 -2409 -1975 -2571 -3414 -3239 -3219 -3575 -4014 -4407 -4603 -4695 -4805 -4913 -5069 -5284 -5613 -5300 -5423 -5399 -5275 -4982 -5550 -5614 -5616 -5371 -5514 -5509 -5419
-268 -331 -302 -197 -192 -216 -305 -366 -565 -547 -516 -540 -722 -69 -1593 -2380 -2462 -2574 -3989 -3167 -3956 -3474 -2884 -1972 -1659 -2648 -3140 -2945 -3256 -3540 -3870 -4357 -4546 -4753 -4787 -4929 -5185 -5400 -5519 -5120 -5337 -5121 -5037 -4919 -8476 -5278 -5092 -5294 -5400 -5370 -5270
-315 -317 -253 -157 -157 -234 -343 -463 -643 -308 -883 -1059 -599 -1296 -2212 -2615 -2778 -3543 -2483 -3389 -3773 -3483 -2812 -1630 -1606 -2640 -2771 -2810 -3357 -3508 -3892 -4406 -4723 -4643 -4769 -4780 -5065 -5218 -5591 -5163 -5416 -5140 -5145 -4993 -5059 -5043 -5098 -5182 -5684 -5211 -5165
-311 -312 -222 -137 -147 -283 -371 -612 -453 -638 -2886 -3655 -3300 -2625 -2735 -3063 -3543 -1861 -2546 -3540 -3242 -3221 -2510 -1472 -1537 -2587 -2587 -2889 -3515 -3501 -3854 -4268 -4559 -4720 -4996 -5042 -5343 -5352 -5560 -5087 -5403 -5033 -5151 -5043 -5281 -5099 -5150 -5083 -5117 -5093 -5126
-310 -312 -198 -126 -163 -346 -395 -718 -294 -2194 -3206 -3512 -3593 -3339 -3213 -3328 -1416 -1915 -2952 -3165 -3028 -3104 -2473 -1598 -1450 -2595 -2620 -3163 -3323 -3589 -3863 -4141 -4353 -4606 -4848 -5062 -5164 -5214 -5504 -5192 -5411 -5054 -5092 -4971 -4957 -4835 -5100 -5019 -5002 -5005 -5175
-317 -321 -197 -125 -211 -399 -487 -585 -886 -2717 -3700 -3540 -3681 -3632 -3524 -2827 -1043 -2076 -2972 -3165 -3001 -2922 -2427 -1611 -1278 -2599 -2800 -3081 -3043 -3584 -3820 -4073 -4299 -4596 -4912 -5167 -5144 -5155 -5210 -5007 -5374 -4886 -4945 -4942 -5098 -5100 -5206 -5082 -5036 -5069 -5033
-305 -308 -179 -145 -275 -427 -568 -524 -1677 -3134 -4033 -4235 -4127 -3993 -3565 -1285 -1117 -2441 -3019 -3380 -3512 -3119 -2446 -1608 -1235 -2753 -2980 -2794 -2629 -3290 -3599 -3836 -4124 -4387 -4742 -5074 -5149 -5025 -4955 -4981 -5231 -4825 -5001 -4812 -4811 -4821 -4913 -4918 -4937 -4945 -4904
-168 -253 -149 -182 -325 -438 -667 -533 -2702 -3451 -3825 -3415 -4020 -3640 -2568 -598 -1331 -3165 -3611 -3736 -3803 -3143 -2292 -1326 -890 -2548 -2925 -2533 -2602 -3417 -3602 -3859 -4212 -4448 -4762 -5053 -5181 -5088 -5149 -5176 -5280 -4811 -4823 -4678 -4762 -4863 -5005 -4839 -4822 -4819 -4794
-89 -93 -109 -233 -353 -459 -712 -591 -2636 -3357 -2490 -2073 -2106 -1828 -1021 -960 -2023 -3205 -4498 -4888 -4216 -3533 -2613 -1307 -669 -2387 -2753 -2366 -2801 -3244 -3235 -3560 -4086 -4372 -4689 -4886 -4981 -4919 -4874 -4938 -5186 -4802 -4771 -4614 -4747 -4812 -4891 -4898 -4912 -4906 -4742
18 4 -89 -236 -376 -495 -717 -571 -2530 -3159 -1768 -1694 -1883 -1416 -940 -2131 -2827 -3917 -4749 -5003 -4867 -4080 -3056 -1760 -937 -2301 -2610 -2309 -2584 -2748 -2963 -3558 -4211 -4505 -4741 -4865 -4946 -4944 -4909 -4934 -4872 -4627 -4654 -4610 -4751 -4803 -4862 -4842 -4867 -4874 -4699
36 32 -82 -207 -392 -530 -622 -570 -2376 -2965 -1631 -1352 -1776 -1159 -1279 -2721 -3225 -4521 -4724 -4893 -4742 -3885 -2964 -2108 -934 -2004 -2400 -2114 -2402 -2752 -3172 -3677 -4045 -4377 -4532 -4678 -4737 -4801 -4714 -4907 -4858 -4490 -4587 -4526 -4645 -4616 -4592 -4706 -4758 -4773 -4716
35 40 -89 -231 -403 -540 -524 -689 -2188 -2518 -1796 -904 -1490 -989 -1791 -3123 -3887 -4636 -4774 -4683 -4358 -3419 -2459 -1602 -648 -1264 -2548 -2011 -2489 -2865 -3360 -3820 -3992 -4321 -4465 -4566 -4655 -4868 -4731 -4796 -4674 -4417 -4531 -4509 -4641 -4535 -4603 -4624 -4639 -4625 -4575
36 44 -94 -232 -411 -514 -405 -1148 -2198 -2304 -1661 -237 -354 -942 -2309 -3219 -4415 -4635 -4656 -4550 -3909 -2926 -2132 -1320 -604 -720 -1820 -1843 -2385 -2829 -3315 -3784 -3958 -4221 -4345 -4484 -4603 -4670 -4583 -4651 -4546 -4379 -4486 -4495 -4504 -4395 -4638 -4612 -4608 -4540 -4488
36 42 -103 -314 -407 -452 -382 -1396 -2129 -2312 -1818 -401 -317 -1190 -2732 -3546 -4301 -4504 -5044 -4609 -3848 -2781 -2080 -1583 -856 -1096 -1578 -1964 -2418 -2934 -3328 -3682 -3993 -4112 -4316 -4504 -4560 -4587 -4478 -4548 -4463 -4411 -4506 -4370 -4402 -4468 -4711 -4603 -4581 -4540 -4355
36 34 -109 -383 -388 -395 -522 -427 -1869 -2465 -2406 -1840 -1141 -1414 -2807 -3945 -4307 -4516 -4764 -4809 -4187 -3429 -2399 -1946 -1224 -1290 -1705 -2082 -2594 -3022 -3447 -3689 -3901 -4138 -4308 -4450 -4424 -4440 -4332 -4339 -4426 -4487 -4425 -4252 -4403 -4465 -4549 -4466 -4507 -4497 -4335
31 26 -114 -356 -346 -422 -703 -792 -1814 -2399 -2760 -2842 -2864 -3051 -3416 -4210 -4478 -4599 -5385 -4731 -4502 -4031 -3763 -2420 -1516 -1505 -1844 -2263 -2785 -3109 -3415 -3860 -3927 -4122 -4254 -4344 -4353 -4319 -4287 -4258 -4301 -4325 -4312 -4225 -4287 -4339 -4341 -4350 -4399 -4399 -4341
24 18 -115 -287 -330 -518 -934 -1150 -1696 -2186 -2733 -3063 -3259 -3505 -3953 -4644 -4844 -4695 -4785 -4710 -4667 -4463 -4225 -3328 -2239 -2023 -2265 -2565 -2921 -3315 -3587 -3782 -3994 -4184 -4293 -4321 -4318 -4273 -4211 -4174 -4148 -4121 -4115 -4128 -4179 -4249 -4313 -4343 -4362 -4336 -4273
13 -39 -129 -184 -307 -468 -958 -884 -1329 -1941 -2368 -2832 -3360 -3835 -4477 -4252 -3858 -3622 -3990 -4200 -4124 -3964 -4145 -4220 -2335 -2359 -2805 -3039 -3248 -3460 -3722 -3927 -4092 -4173 -4254 -4287 -4347 -4323 -4288 -4131 -3975 -3895 -3966 -4001 -4087 -4193 -4264 -4342 -4390 -4373 -4272
-6 -68 -133 -145 -269 -411 -969 -706 -1124 -1809 -2275 -2862 -3441 -4103 -4458 -3487 -2739 -2616 -3547 -3930 -4006 -3734 -4000 -4251 -2597 -2549 -3048 -3253 -3438 -3501 -3794 -3967 -4048 -4114 -4144 -4186 -4325 -4354 -4299 -4057 -3889 -3835 -3889 -3902 -4003 -4114 -4201 -4279 -4321 -4357 -4352
-29 -66 -118 -158 -259 -368 -833 -704 -1062 -1813 -2294 -2967 -3579 -4120 -4269 -2678 -2704 -2635 -3901 -3846 -3930 -3753 -4051 -4397 -2467 -2650 -3029 -3263 -3428 -3497 -3843 -4022 -4036 -4065 -4029 -4124 -4245 -4302 -4234 -3952 -3931 -3836 -3887 -3904 -3981 -4045 -4139 -4214 -4257 -4305 -4330
