---
MSL Height of maxmin Wbl [ft] Valid 1600 PST ~Z75~(0000Z)~Z~ MON 22 May 2017 ~Z75~[24hrFcst@1242z]~Z~
Model= RASP Region= PANOCHE Grid= d2 Reskm= 4.0 Indexs= 1 51 1 69 Proj= lambert 4000 4000 40.0000 40.0000 -73.0000 36.6487 -121.0445
Day= 2017 5 22 MON ValidLST= 1600 PST ValidZ= 000 Fcst= 24.0 Init= 12 Param= zwblmaxmin Unit= ft Mult= 1 Min= 11 Max= 10766
34 33 33 33 38 67 110 208 351 541 837 1059 1293 1474 1616 2580 2626 2651 2984 2988 2998 1779 1822 1888 4692 6318 7627 5582 6375 6244 5634 8941 6863 5353 4754 5004 8064 4028 4771 6922 6445 6431 5112 4284 8389 6881 6434 6002 3539 3550 4349
33 33 33 33 33 18 161 161 296 480 694 927 1272 1458 2174 2522 2549 2547 2520 2848 2863 1574 3695 1960 2070 5892 8053 5973 6374 6269 5293 8998 8281 5406 4799 5037 4924 8525 10220 7396 7876 5114 4685 8937 8381 7350 6427 5995 3530 3153 3548
33 33 33 34 33 40 135 211 255 453 690 927 1272 1457 2148 2477 2492 2467 2415 2735 3111 1574 1801 1908 2033 6284 8055 4841 6011 5925 5371 9607 8866 6330 5269 5088 7135 9099 4779 6467 6438 5110 4272 8929 8374 7344 6876 5989 3523 3531 3538
33 33 33 36 33 38 124 82 339 419 690 927 1189 1379 2148 2151 2462 2416 2341 2652 2035 2113 2513 2633 3473 3985 8968 9034 9051 8992 2875 3390 8973 8717 9023 2822 3426 3689 10243 3551 3514 9527 2705 8923 8367 7842 6415 5982 3515 3523 3923
33 33 33 36 119 38 124 115 253 452 690 950 1334 1519 2149 2151 2153 2086 1737 1959 1289 1472 1584 1720 4971 7983 9509 10125 5746 6902 6376 5023 5973 5287 8076 8367 3473 3333 4411 5179 4311 5540 4265 4665 3471 7836 3489 6419 3901 3909 3917
33 33 33 36 33 11 53 99 269 482 814 1091 1416 2196 2204 2159 2417 2033 1464 2530 1326 1419 1546 1719 5391 8480 10051 5715 6172 7019 3470 5478 2961 4531 4275 5679 3894 4515 3612 2783 3508 9515 8915 8354 8358 7835 6862 6416 3898 3905 3913
33 33 33 34 33 25 76 125 311 558 813 1220 1604 2355 2324 2282 2516 1589 1264 2450 2495 1515 1558 1774 7106 9521 6054 5315 10221 6341 5482 6811 6107 3806 4292 3747 3564 3734 9620 3150 4287 3861 8905 3072 7827 7330 6406 6414 3896 4300 4308
33 33 33 33 33 38 105 164 410 668 958 1395 1830 2243 2408 2381 2289 1589 1201 2377 2121 1997 1748 6953 8974 4577 10061 4165 6714 5034 6875 6559 6140 5311 4297 5371 9390 9729 9598 9552 9520 8913 3458 7824 3087 3479 5099 6413 4291 4702 4306
33 33 33 33 33 84 139 207 295 554 938 1629 2352 2225 1662 2665 2217 1486 1278 4222 5976 7027 8075 4220 4897 6163 6434 5027 2819 9460 7099 6957 1660 9793 9699 9596 9345 9104 8994 8959 8936 8920 3473 3479 2709 3872 4276 5971 5976 4700 4304
33 33 33 34 33 98 176 253 337 535 1084 1849 2367 1844 2483 2882 2083 1543 3779 5399 6890 7948 9039 3162 10162 5069 5697 5254 3802 7981 7415 1932 9866 9661 9656 8967 4214 6101 8426 8393 4687 3099 8373 3878 6856 2714 3880 5969 5975 4699 3905
33 33 33 33 33 127 224 304 480 814 1578 2540 2322 1611 2547 3336 2528 1643 3674 5773 7282 8373 9036 9898 10266 4382 5434 6225 7480 7280 2217 6649 5875 5744 8979 5153 4916 5219 4343 4701 7841 4687 8376 3488 3485 6402 3488 6409 5974 4294 3904
34 33 34 34 59 170 283 367 503 1145 2130 2795 1992 1310 2115 2491 4691 5331 6098 7044 8148 8885 2121 2504 10335 4112 6119 5683 7149 2224 6392 6061 5414 5224 5152 5445 5308 4827 3981 6013 4695 5975 7845 3489 7335 6403 3880 5968 5541 3899 3905
36 33 35 33 101 227 357 558 675 1400 2264 2590 1731 1267 2916 3692 4784 5405 6963 3007 3251 3927 2479 4499 10262 5322 6439 7688 7066 10766 7858 9184 5714 5962 5466 4970 5743 4848 5225 5180 3917 7352 7847 7843 6860 6404 5963 5967 5541 3901 3908
36 119 44 49 161 301 449 634 1026 1543 2711 2602 1647 1959 2948 3689 4478 5448 6967 7552 8294 9061 9774 3599 2825 2831 6159 7440 7980 6249 9842 9608 5177 5942 6766 7608 7545 4450 2854 6955 5587 2741 7344 7339 6861 6405 5963 5967 5542 5550 3520
36 119 144 85 234 389 553 918 1383 1793 2771 2677 1760 2358 3293 3982 4830 5908 7080 7607 8288 9057 9817 9941 4586 2767 7618 6697 4279 6815 6059 7021 5178 5191 3154 8645 8037 8000 2847 2815 2404 3909 3111 6409 6406 5964 3488 5533 3506 3515 3523
34 33 81 144 323 492 674 1086 1631 2016 3139 2679 1827 3462 4394 5136 6106 6958 7682 8043 8698 1756 2094 7687 5837 2967 7936 7068 7773 8040 3861 8508 6153 3029 4412 4194 8030 2491 4797 2429 7397 3134 2731 6862 5965 5529 3102 5534 3508 3518 3526
33 33 100 194 404 586 793 1139 1765 2129 2761 2219 1974 3791 4344 5673 6839 7651 8186 4131 2808 1909 3833 4416 4766 4474 9187 6494 5841 6722 6865 4422 5610 3693 4589 8203 8025 2849 2821 3955 6913 1994 7344 6407 5965 5963 3103 3887 3511 3520 3528
33 33 118 240 478 672 929 1494 2090 2892 2656 1806 2377 3650 4311 5829 6625 2981 1307 4052 3511 2740 6420 1965 2530 5303 10186 6411 7679 6713 9790 6517 2114 5357 1333 8264 3675 4383 3182 5161 6446 3122 6864 3102 3881 5962 3104 3889 3905 3914 3530
33 33 132 276 541 747 1056 1790 2472 3343 2108 2816 2992 3563 4374 5570 4644 2158 1615 8848 1255 4188 4810 3631 2788 4608 9861 5188 7612 10163 6425 7663 6298 5494 1490 5539 4059 5622 3550 6009 2370 7344 6859 6402 3489 4680 3106 4288 4708 4715 4318
119 33 143 305 592 809 1158 1966 3532 3103 2117 3561 3727 4373 5358 6158 3066 1415 8305 834 1261 5730 1589 2219 2663 5334 3209 7886 7438 8001 6650 5586 7078 2402 1334 3103 3662 5192 3153 3910 2734 7333 6852 6399 5963 5528 3495 4695 4711 4718 4723
33 33 150 324 629 862 1249 2056 3881 3404 2599 4698 5260 5645 6351 6655 1774 976 3481 4413 4321 3812 1681 2205 2620 3193 7087 8680 7709 3448 4007 7034 2957 1923 1414 1576 2143 2826 4735 2742 3104 7324 2331 6397 6405 5964 2732 4699 5131 4721 4727
33 119 154 333 651 897 1274 1956 3899 4176 4054 5598 6215 6668 6888 3095 4512 3946 3424 3295 5564 5019 1900 2247 2655 3327 9240 4363 4018 5171 7982 6819 2244 1438 876 2268 2517 2834 3547 3120 7326 6842 2327 1960 1974 5971 2359 4704 5135 4724 3540
33 119 158 342 675 932 1265 1900 2730 5516 6331 6343 6897 7428 7945 4374 4265 2354 1904 2921 4052 4306 4500 4846 3674 4297 7794 3978 8194 8404 7806 2822 2811 2357 3401 7646 1775 6071 3543 2352 1583 6836 2703 5521 2349 1981 2363 4305 4721 4728 3545
33 119 161 351 698 937 1287 1883 2744 5234 6123 6987 3335 7746 4864 5030 2218 1562 1545 2194 4450 4671 4806 2288 3025 3787 7479 7324 8588 7752 3498 2564 5150 1539 1003 3445 5700 3972 2757 7333 7310 2693 3081 2712 2348 2359 1993 3913 4724 4732 3551
33 119 166 363 727 986 1366 2106 2996 4557 5967 6738 3853 4175 5629 3120 1112 955 615 926 2877 4601 3309 2460 3285 8260 8896 7861 8203 3828 4964 5029 9826 1855 1243 4990 2867 7896 3500 3863 3848 4246 4253 1590 3108 3506 2751 3141 3928 4333 3558
33 119 169 371 750 1036 1671 2597 3464 5244 5950 3393 7933 5818 2060 2494 1701 1234 1532 1858 3262 7130 3142 2450 3164 5314 7080 6808 3159 6237 4484 6886 2507 1767 886 6198 4373 3129 3871 3459 7296 2686 2316 3091 2728 2740 2753 3144 3931 3942 3567
33 119 172 379 772 1081 1693 2788 3798 6295 6373 7980 5703 4939 1880 1613 1759 1258 1585 1966 3034 6023 3999 4314 9633 9047 6727 7005 6133 6562 7803 3937 2077 1412 4343 5278 7403 3506 3089 7302 2679 1930 4654 3868 5967 3121 3135 3146 3935 4749 3968
33 119 175 387 792 1109 1731 2780 3838 5498 6187 7230 5843 6654 1849 1537 967 1201 722 1144 3084 5996 8855 9603 4277 3345 7603 7293 6456 5873 6488 6252 9007 8530 3082 3660 3960 2751 7835 7304 3447 6822 2695 3089 5531 3897 3136 3148 3162 3179 1702
33 119 185 410 831 1152 1800 2796 4858 3342 6595 6534 2603 7146 1628 1284 666 411 729 1235 3335 5065 8809 2467 3683 8780 7564 7152 6083 6607 2246 2132 1830 2499 2261 3276 7929 3535 7341 7309 3062 5065 3076 3865 4680 3505 3521 2768 3165 3186 2835
33 125 204 447 884 1217 1900 2889 4554 3744 5384 6923 8748 6992 3073 1033 406 1381 1416 1507 3738 5854 1916 3956 2798 6710 7080 5132 2356 3894 4317 9321 8542 8773 8063 7989 7934 2775 3115 7312 3062 5062 3073 5511 2719 5976 6434 6449 3168 3970 2849
33 132 226 460 947 1343 2067 3049 3855 7691 3838 2634 8424 6489 2829 1840 1358 1403 1670 1985 3387 8164 5794 5054 2852 7057 7012 2645 5850 2927 4126 9621 8177 2026 8036 3243 7928 3539 7344 7310 3445 5057 3455 5507 3481 3115 6434 6450 6468 4373 6543
33 153 267 533 1035 1550 2319 3105 4499 6573 6635 4838 4498 5166 2994 1908 1320 1462 1316 2623 4048 8738 7016 5922 7353 7470 6708 6106 5216 5315 6437 9425 1429 3192 3298 3222 7407 7369 7334 7303 6355 2296 4644 5504 3870 5110 6434 6452 6471 6506 6559
33 182 320 622 1136 1669 2408 3083 4880 6732 7135 4303 3611 6059 3371 1779 1299 1337 2116 2046 4402 4993 4658 5261 6364 7859 6846 6389 5373 4299 6057 2999 1665 1009 5713 6496 7382 7352 7322 3063 4222 4631 4236 4652 3091 4691 6434 3541 6475 6515 6577
33 137 389 732 1255 1805 2533 3206 5555 5654 3534 3077 3215 4675 2263 853 1019 1556 2373 2795 6838 5497 5525 5689 6294 8179 5810 5350 5505 5443 5324 5684 1383 825 7997 7396 3510 7331 6832 6809 2661 1546 2297 4649 4263 2355 5561 4332 4760 6527 6595
33 161 429 794 1312 1879 2594 4452 4688 3138 2596 2589 2989 3693 1706 568 1038 972 1867 3367 4728 8097 4852 5962 2856 7942 8006 7388 6339 2051 2419 8781 1432 1065 7465 7370 7327 7307 2677 1906 2274 1907 2295 3847 3088 6412 3521 5154 5612 6536 6612
33 161 429 794 1312 1862 2504 4289 4100 2621 1856 2180 2685 2702 1436 332 1045 1032 1998 5407 4534 5244 4020 2183 2563 6510 6394 6675 6551 2416 1565 8680 7952 7674 7447 7346 7307 3832 3040 1894 2270 2284 3059 3851 5085 6410 4308 4737 4767 6545 6629
33 161 429 790 1226 1677 2413 6377 4083 2164 1544 2036 2551 2446 1126 276 1102 1108 2130 3148 6473 2010 1772 1902 2248 4915 4782 6899 6950 4713 2174 1792 8056 7732 7439 7316 3832 4614 6782 6785 2657 2294 3452 2697 2713 2729 5127 3936 3969 4033 6645
33 156 394 718 1113 1501 2238 5027 3035 1830 1428 1804 3162 2454 958 936 1181 1278 2127 5758 2556 1681 1623 1675 2140 4455 5386 6620 7512 2754 1934 1776 1154 7757 7421 7282 6787 3024 6785 6342 6350 6356 3842 3078 1958 3107 2747 3542 3577 3263 6660
33 130 334 607 949 1266 1945 3232 1957 2545 1429 1757 2371 2301 707 638 509 1371 2220 3886 2228 1469 1197 2633 2065 3633 4881 5923 2437 2107 1497 2816 8007 7710 2398 7259 6779 3808 6342 6343 2284 5908 3444 3849 2329 2721 3123 3929 3966 4044 6676
33 90 213 450 729 992 1497 2490 1996 1416 1329 1352 1642 1128 454 864 611 1490 2462 3772 2416 1309 1771 1595 1967 3592 5253 4987 2047 1875 4735 7931 7815 7567 2347 3410 3804 6785 6335 6328 2643 5461 3050 4642 1580 2335 3116 3923 4358 4845 6689
33 62 144 319 569 740 1322 1709 1328 1227 1027 961 880 479 152 890 791 1710 2438 5387 2528 1101 952 1292 1879 3605 5711 4606 4560 3512 1102 1458 7638 7433 6826 6779 6768 6766 6314 6311 2626 5016 2659 5052 4248 2710 3501 3923 5180 5701 6710
33 43 88 207 399 513 699 1034 982 808 796 633 422 193 322 241 813 1785 2383 2341 2075 950 783 1178 2579 3457 5088 5044 1826 3631 906 7787 7592 7386 2296 3018 3386 6296 6299 6298 2997 5007 3031 3436 4244 5950 3117 3928 4770 4868 6734
33 124 53 160 265 333 421 524 968 448 523 446 362 340 760 247 720 1487 2273 2021 1141 1038 667 1123 1941 3095 5572 7036 3191 4253 4165 2885 1526 7362 2660 3789 3774 3379 3379 5851 3379 3784 3026 3824 4243 4268 3124 3939 4381 4486 6324
33 119 59 97 160 204 264 341 333 171 145 319 592 519 326 243 693 1237 1868 1341 702 1077 1379 862 1702 2451 3282 2493 7157 3116 4146 804 7479 7309 6772 6755 6293 6290 3376 4568 1858 3780 2642 4622 5927 2339 2752 3952 4001 4111 6350
33 119 42 57 88 116 151 172 117 54 22 55 315 744 119 267 633 947 1294 821 850 563 1276 651 1295 1916 2558 2239 4656 924 3150 2589 5139 7263 6754 6745 6288 6286 3762 3372 2231 3779 2642 4220 3071 2723 2384 3574 4018 4130 6372
33 33 36 42 54 70 89 85 68 18 33 33 51 477 143 411 615 1336 1273 1177 1144 404 1251 781 1139 1602 2396 2091 1793 3377 3499 7553 6896 3811 6753 6287 6283 3759 4976 3371 2608 3779 2267 1918 4655 3112 2774 3590 4037 4151 6393
33 33 33 33 33 41 52 51 44 39 33 33 35 467 239 421 533 608 1017 1005 674 949 391 810 1164 1367 1865 1930 2178 3699 3047 7262 4023 4642 6758 6287 2599 3756 2223 3762 2609 4175 2267 2298 3083 2358 6015 6064 4042 4156 5963
33 33 33 33 33 33 34 33 33 119 33 33 33 54 136 246 324 603 808 1001 504 715 891 1300 1505 1925 1818 1545 2353 4479 3781 6571 6215 5526 3786 5848 2977 3363 2601 3764 3382 2626 2642 2674 2703 3893 5580 5627 5684 4948 5952
33 33 33 119 119 119 119 119 119 119 33 33 33 62 119 137 349 772 1139 1134 574 812 892 1542 1875 2441 2860 1733 1800 4219 2160 5811 6277 5987 3401 4566 4968 2975 2602 3767 2243 3397 3021 2667 2320 4687 5570 2432 2112 5772 5926
33 33 33 119 119 119 119 119 33 119 33 33 33 80 383 139 320 1005 1529 1258 569 1173 1332 1787 3003 3255 6869 4112 4596 7760 6642 5430 4229 2784 2655 5848 2970 3357 2222 4163 2236 2627 3025 2672 2322 3883 5560 2419 2098 5756 5477
33 33 33 119 119 123 125 40 39 36 33 33 33 102 249 372 589 1152 1450 1070 469 1000 1396 2101 3518 6010 4249 4947 4219 6870 6689 5102 4658 3205 6367 2622 5398 3352 2592 2223 2608 2630 4213 2307 227 4677 3126 5158 5211 5314 5049
33 33 33 119 119 123 45 46 12 40 33 33 41 360 370 654 997 1458 1525 1106 554 1050 1476 2192 4215 7281 5173 6141 4525 4131 7182 1292 759 2527 6408 2644 2220 4540 2583 2975 3373 2634 3431 5492 3083 5087 5110 5148 4386 4896 5048
33 33 33 119 119 43 146 66 32 55 270 483 331 262 681 1106 1640 2293 1715 1184 1333 779 1521 2249 5807 7761 5306 1977 6652 4643 1628 2691 1998 3062 6029 5900 2600 2959 3736 2969 5406 5429 2649 5048 2694 3473 5105 4730 4788 4894 5047
33 33 119 119 119 53 167 94 183 348 423 686 401 462 908 1570 2196 3567 3231 1930 3143 2509 2839 3016 7303 5139 4283 5527 5554 3456 1851 3180 1274 1021 6113 5912 4974 4532 3341 2583 5400 2992 5004 5027 5054 4659 3499 4737 4804 4914 4667
119 33 119 119 33 64 106 131 156 377 613 845 694 669 1066 1847 2607 5138 1743 3326 2755 3347 2890 2677 7979 5358 4795 5838 6023 2539 3666 3743 3069 2696 6220 3067 4967 3336 4125 2580 2592 2986 4993 5011 2291 2701 3506 4754 4833 4548 4705
255 255 119 33 33 81 136 259 242 620 1024 1396 1049 875 1277 2001 3826 4925 1562 2497 5102 5426 1652 2657 7756 5924 5638 6171 6010 2641 3815 2280 3191 1806 1316 5500 4138 4123 5377 2200 2968 4976 2237 3400 3433 2701 4304 4374 4468 4593 4752
257 255 33 119 38 100 168 304 346 892 2073 2041 1444 1174 1522 2092 4436 2213 6178 5055 3622 4833 1940 2972 7912 5621 5611 5259 5443 8089 4259 7121 1773 1359 858 5497 2579 3725 3340 5384 2967 4556 2236 3017 2296 2708 3926 4404 4515 4648 4807
261 255 119 119 46 123 203 240 463 1118 2717 2690 1913 1530 1715 2549 3268 1513 3768 3654 941 1355 2073 2899 5963 5610 4893 5389 5944 5071 4941 2473 1880 1331 790 5464 2572 3721 4529 3347 4962 4555 4164 3403 2300 3871 4342 2513 2644 2414 4472
263 255 119 119 56 140 226 283 552 1261 2880 3145 2326 1608 1936 3307 1419 907 1647 1973 3698 3889 2023 2773 5795 6016 6213 6048 6237 8460 4738 2776 2098 1226 672 5420 2563 2558 2949 4535 4546 4555 1856 2631 2296 3103 3577 2551 2704 2486 4545
263 255 120 119 66 153 194 303 693 1291 1856 3046 2859 2112 4119 2825 3997 686 1353 1328 2924 3113 1983 2682 5377 6102 6034 6633 6355 3031 2711 2448 2843 1906 2506 5038 4554 2568 3333 2198 4141 1851 1857 2627 2669 3493 2833 2965 3140 2560 4625
39 255 120 119 78 159 227 364 764 1275 1831 3009 4175 4513 4050 5258 3523 2540 1397 1367 2253 2481 4705 2644 5751 6554 6481 6608 6618 4880 2435 1975 1482 1016 5684 5075 4570 2191 3334 2198 3351 1851 1862 2632 3052 3498 2475 3763 3961 3010 4323
38 255 120 119 82 159 227 373 831 1284 1800 3402 4968 5553 4594 4341 3513 2183 1106 1391 1961 1185 3498 2464 3085 6210 6507 6499 5704 4732 2654 1841 1334 5950 5251 2711 4167 4116 3335 2197 4133 1482 2232 2634 3055 3115 2486 3787 4004 4202 4392
37 255 120 119 79 146 203 389 784 1191 1522 1686 3382 3899 3714 3532 3126 908 853 1098 748 1182 1688 4212 2735 5677 5610 5960 5127 3746 2959 2468 6264 5478 5229 4244 4156 2175 2564 2571 3733 3749 2224 3007 3051 2733 2486 800 4019 4240 4442
37 255 120 119 69 123 200 374 632 1067 1338 1529 1681 1758 3146 2688 2361 1797 427 1117 680 1182 1610 2060 2412 2953 4890 4900 3695 2776 3037 3017 6175 5422 4776 4214 4139 2164 2926 2940 3728 3743 2594 3385 1915 2724 2859 1006 3636 3862 4466
36 255 119 119 59 116 188 358 594 908 1163 1358 1556 1699 2272 2246 1981 1455 679 446 673 1168 1524 1846 2100 3163 4595 3860 3025 2031 1718 3238 936 5366 4732 4180 4120 2532 2532 3316 2948 2584 2970 3382 2286 3487 3226 3401 3635 3861 4084
35 119 119 119 49 61 115 265 480 804 1041 1313 1417 1762 2146 1247 1260 1112 1105 1103 848 1062 1363 1769 3053 3537 3907 4279 4149 3579 1474 1199 927 520 3088 4139 4101 3681 3292 2924 2943 2578 2210 2236 2657 2336 2830 3374 3597 3818 4042
256 119 119 119 39 76 86 221 418 689 941 1198 1432 1634 2031 953 738 504 847 402 667 966 1205 1400 1661 1742 1946 3940 4217 3311 1256 5610 4980 2817 2664 2564 3697 1406 3683 2541 1804 2194 2207 2611 2651 2324 2430 2957 3536 3745 3963
33 119 119 33 119 63 99 221 368 618 850 1001 1765 1765 1618 724 413 362 626 396 554 815 1012 1856 2234 4107 3362 3730 4023 3137 4472 4283 2943 2755 2247 2546 3689 1405 3683 2160 1799 2189 2206 2609 2646 2314 2407 2541 3095 3289 3873
119 119 119 33 33 58 89 200 450 595 774 906 962 1395 826 523 359 370 369 396 554 797 975 1115 1191 1243 1243 4055 3959 4187 6020 5418 2881 2711 122 58 3684 3679 3293 2157 1795 1811 2204 2607 2641 2305 2763 2877 3029 3203 3774
